377, 53, 378
389, 256, 252
7, 96, 95
471, 386, 394
131, 101, 7
5, 4, 116
93, 237, 240
6, 73, 5
6, 101, 73
261, 116, 265
14, 15, 135
12, 11, 246
241, 79, 94
8, 9, 102
130, 73, 101
93, 8, 95
92, 10, 9
102, 132, 74
133, 132, 102
94, 246, 10
79, 243, 246
73, 98, 5
97, 3, 4
3, 99, 2
80, 2, 1
115, 80, 212
266, 84, 59
332, 269, 117
99, 195, 2
80, 1, 114
100, 73, 130
4, 3, 81
146, 176, 109
160, 37, 182
209, 44, 210
45, 209, 46
249, 261, 268
114, 332, 331
443, 444, 437
82, 210, 44
60, 210, 35
307, 309, 303
46, 37, 160
46, 62, 37
108, 143, 170
317, 222, 313
138, 17, 136
77, 247, 5
137, 106, 278
149, 111, 15
111, 16, 15
134, 184, 103
20, 139, 19
18, 17, 119
150, 19, 78
136, 137, 105
119, 78, 18
54, 130, 86
118, 20, 150
495, 350, 352
21, 20, 118
164, 165, 141
709, 706, 142
150, 78, 492
150, 492, 493
28, 148, 178
352, 350, 353
25, 168, 24
31, 67, 69
166, 167, 140
123, 22, 21
29, 148, 28
41, 175, 143
43, 146, 42
31, 128, 217
66, 40, 218
61, 42, 83
710, 83, 89
91, 422, 232
32, 232, 231
89, 66, 32
177, 176, 146
38, 39, 145
108, 39, 40
27, 26, 153
361, 225, 127
67, 31, 39
31, 217, 218
29, 127, 126
29, 126, 30
145, 39, 108
31, 69, 128
151, 25, 24
171, 30, 38
29, 30, 172
228, 233, 33
71, 237, 93
136, 17, 18
95, 8, 7
734, 733, 258
16, 17, 138
108, 40, 143
319, 320, 239
53, 237, 239
340, 386, 472
257, 13, 12
719, 382, 323
332, 339, 331
84, 266, 58
3, 115, 81
261, 249, 251
82, 44, 43
36, 209, 60
43, 42, 61
42, 41, 83
117, 62, 36
46, 36, 62
351, 88, 123
201, 63, 159
497, 404, 357
151, 154, 25
155, 361, 127
89, 40, 66
89, 83, 41
30, 126, 125
38, 30, 67
427, 431, 425
217, 128, 219
201, 198, 90
69, 120, 128
384, 326, 733
328, 113, 259
247, 96, 7
381, 380, 318
197, 199, 281
97, 99, 3
101, 6, 7
73, 100, 98
133, 11, 134
11, 12, 134
278, 75, 204
142, 706, 165
367, 208, 293
75, 278, 707
4, 81, 116
77, 270, 247
278, 204, 105
102, 65, 131
10, 92, 94
254, 241, 252
114, 1, 37
262, 212, 80
3, 2, 115
116, 81, 265
43, 61, 82
221, 82, 61
40, 89, 41
227, 61, 83
213, 36, 60
84, 268, 59
274, 121, 154
16, 271, 15
17, 152, 119
152, 111, 487
24, 122, 151
88, 122, 23
360, 658, 154
88, 351, 354
32, 66, 217
33, 710, 228
27, 153, 155
526, 452, 525
580, 460, 635
518, 198, 519
9, 8, 93
94, 92, 70
70, 92, 93
93, 92, 9
53, 244, 240
257, 243, 112
6, 247, 7
93, 95, 71
261, 265, 268
71, 95, 96
4, 5, 98
97, 72, 99
72, 97, 98
98, 97, 4
421, 725, 726
160, 182, 196
100, 54, 291
72, 98, 100
131, 7, 8
130, 54, 100
9, 10, 133
74, 130, 65
103, 133, 134
135, 162, 14
355, 104, 163
13, 185, 12
55, 104, 135
138, 55, 271
139, 20, 140
106, 139, 140
187, 192, 190
203, 208, 187
143, 40, 41
144, 174, 173
177, 45, 183
183, 45, 46
200, 174, 199
169, 192, 142
149, 15, 14
121, 274, 273
324, 255, 465
487, 491, 152
252, 241, 322
149, 14, 179
269, 37, 62
647, 490, 489
2, 80, 115
343, 483, 486
265, 81, 59
77, 5, 116
213, 60, 214
555, 485, 216
20, 19, 150
101, 65, 130
152, 17, 16
135, 271, 55
276, 569, 273
450, 524, 452
276, 273, 274
28, 155, 127
123, 21, 118
355, 364, 104
74, 132, 359
122, 88, 354
125, 69, 67
128, 408, 219
157, 225, 124
67, 30, 125
127, 29, 28
157, 126, 225
28, 27, 155
408, 205, 425
157, 124, 68
217, 219, 32
160, 196, 129
282, 287, 288
101, 131, 65
86, 130, 74
8, 102, 131
102, 74, 65
102, 9, 133
103, 184, 359
11, 133, 10
103, 132, 133
162, 185, 13
14, 162, 13
271, 16, 138
186, 161, 185
137, 18, 19
136, 105, 138
18, 137, 136
139, 137, 19
138, 105, 163
15, 271, 135
140, 20, 21
137, 139, 106
22, 166, 21
164, 22, 23
140, 167, 106
164, 166, 22
168, 25, 169
168, 169, 142
175, 41, 42
108, 170, 76
188, 76, 174
148, 172, 173
188, 145, 108
171, 145, 144
43, 44, 177
109, 170, 289
183, 46, 160
287, 284, 285
30, 171, 172
178, 148, 190
14, 13, 179
79, 246, 94
78, 19, 18
55, 138, 163
507, 505, 498
23, 22, 88
16, 111, 152
383, 111, 149
26, 25, 154
153, 121, 155
121, 153, 154
154, 153, 26
121, 63, 155
201, 361, 63
88, 22, 123
662, 658, 659
206, 68, 124
201, 159, 519
120, 511, 407
532, 438, 439
225, 126, 127
201, 90, 361
182, 37, 1
272, 160, 129
512, 74, 359
358, 359, 184
186, 135, 104
161, 184, 185
105, 204, 163
204, 279, 355
23, 24, 165
166, 164, 141
23, 165, 164
168, 165, 24
167, 166, 141
166, 140, 21
369, 167, 370
107, 208, 367
169, 25, 26
165, 168, 142
27, 191, 26
27, 28, 178
143, 175, 289
280, 170, 109
145, 171, 38
172, 171, 144
173, 172, 144
29, 172, 148
144, 188, 174
148, 173, 110
174, 76, 199
110, 173, 174
42, 146, 175
146, 109, 289
146, 43, 177
176, 147, 286
45, 177, 44
147, 176, 177
190, 148, 110
26, 191, 169
79, 112, 243
79, 241, 254
372, 374, 299
69, 68, 120
198, 180, 362
63, 273, 159
1, 195, 182
195, 196, 182
272, 183, 160
177, 183, 147
185, 184, 134
358, 184, 161
12, 185, 134
162, 135, 186
186, 104, 409
185, 162, 186
174, 200, 110
706, 709, 107
145, 188, 144
76, 188, 108
76, 281, 199
283, 415, 189
203, 190, 110
709, 192, 187
27, 178, 191
192, 178, 190
169, 191, 192
192, 191, 178
658, 662, 629
183, 272, 147
266, 253, 343
205, 120, 407
2, 195, 1
195, 99, 196
72, 290, 99
291, 290, 72
76, 170, 280
202, 200, 197
311, 376, 461
231, 232, 229
281, 76, 280
199, 197, 200
202, 197, 189
110, 200, 203
207, 206, 180
276, 570, 569
208, 202, 366
203, 187, 190
200, 202, 203
208, 107, 709
279, 204, 75
294, 297, 236
309, 301, 306
448, 449, 447
442, 434, 207
124, 362, 180
206, 207, 511
68, 125, 157
203, 202, 208
366, 202, 189
46, 209, 36
44, 209, 45
35, 210, 82
60, 209, 210
214, 35, 224
59, 253, 266
397, 343, 486
481, 482, 337
214, 60, 35
599, 336, 338
224, 35, 220
213, 337, 335
397, 399, 58
335, 36, 213
569, 159, 273
77, 116, 261
39, 38, 67
218, 40, 39
31, 218, 39
217, 66, 218
125, 126, 157
219, 91, 232
220, 35, 82
470, 226, 230
34, 220, 221
82, 221, 220
304, 372, 373
294, 371, 234
468, 220, 34
120, 205, 128
235, 236, 230
468, 470, 316
228, 32, 231
222, 299, 305
34, 221, 226
226, 221, 61
33, 226, 227
61, 227, 226
89, 32, 228
227, 710, 33
235, 226, 33
231, 233, 228
303, 314, 307
232, 32, 219
231, 229, 233
429, 295, 426
362, 225, 90
235, 294, 236
226, 235, 230
206, 511, 68
68, 69, 125
33, 233, 235
230, 236, 222
233, 294, 235
371, 233, 229
250, 71, 96
240, 237, 53
270, 77, 251
96, 270, 250
319, 237, 71
379, 320, 250
94, 70, 321
70, 93, 240
112, 79, 113
743, 752, 387
377, 258, 244
12, 243, 257
244, 258, 322
256, 245, 252
240, 244, 70
387, 384, 741
262, 724, 212
114, 331, 80
245, 254, 252
10, 246, 11
5, 247, 6
251, 77, 261
270, 251, 238
319, 239, 237
270, 238, 379
538, 380, 381
582, 584, 537
249, 238, 251
268, 84, 346
238, 400, 267
328, 465, 255
387, 752, 754
722, 712, 723
112, 323, 257
254, 245, 113
243, 12, 246
252, 322, 389
740, 384, 387
391, 245, 256
257, 323, 179
79, 254, 113
322, 321, 244
179, 13, 257
382, 383, 149
113, 245, 259
336, 332, 334
273, 63, 121
396, 212, 724
249, 400, 238
265, 59, 268
115, 264, 81
582, 379, 463
286, 285, 176
396, 343, 253
59, 81, 264
344, 58, 399
37, 269, 114
212, 264, 115
58, 266, 343
345, 346, 344
253, 59, 264
62, 117, 269
253, 264, 212
346, 84, 344
122, 24, 23
270, 96, 247
180, 206, 124
409, 410, 161
151, 360, 154
104, 55, 163
122, 354, 363
368, 420, 735
152, 491, 119
452, 449, 450
278, 106, 707
225, 362, 124
137, 278, 105
286, 287, 285
358, 410, 412
280, 284, 281
284, 280, 285
197, 281, 283
196, 292, 129
197, 283, 189
284, 283, 281
416, 365, 415
285, 280, 109
284, 282, 416
176, 285, 109
147, 272, 286
272, 129, 286
287, 282, 284
286, 129, 287
288, 287, 129
290, 196, 99
515, 291, 54
143, 289, 170
146, 289, 175
72, 100, 291
129, 292, 288
513, 86, 512
291, 726, 292
196, 290, 292
291, 292, 290
417, 415, 365
167, 141, 370
296, 772, 727
371, 294, 233
424, 426, 422
236, 297, 299
301, 307, 374
236, 299, 222
300, 373, 234
234, 297, 294
301, 302, 306
304, 374, 372
373, 297, 234
773, 374, 304
306, 194, 309
297, 372, 299
772, 301, 773
194, 306, 302
422, 298, 229
301, 309, 307
395, 340, 478
314, 312, 313
455, 300, 295
307, 305, 299
297, 373, 372
394, 386, 341
234, 371, 300
456, 295, 429
304, 373, 454
309, 194, 375
472, 469, 473
313, 222, 305
375, 303, 309
308, 376, 311
194, 311, 375
317, 230, 222
341, 395, 481
312, 314, 315
314, 313, 305
317, 313, 736
307, 314, 305
314, 303, 315
303, 376, 315
590, 393, 466
471, 394, 467
467, 468, 316
736, 313, 312
230, 317, 316
53, 239, 378
239, 320, 381
71, 250, 319
320, 319, 250
385, 586, 544
381, 318, 378
244, 321, 70
241, 94, 321
322, 258, 389
321, 322, 241
112, 113, 328
328, 259, 465
721, 56, 717
382, 149, 179
489, 558, 647
489, 490, 383
462, 734, 377
382, 719, 325
714, 713, 329
392, 259, 391
714, 715, 716
713, 242, 329
712, 541, 325
720, 465, 259
214, 394, 341
478, 340, 476
114, 269, 332
262, 80, 331
334, 332, 117
336, 339, 332
334, 117, 335
338, 336, 333
117, 36, 335
336, 334, 333
337, 213, 214
333, 334, 335
333, 482, 338
336, 211, 339
341, 337, 214
335, 337, 482
546, 596, 480
211, 598, 484
547, 339, 211
339, 262, 331
466, 312, 315
546, 597, 596
394, 214, 224
395, 341, 340
484, 547, 211
555, 398, 486
345, 344, 51
260, 486, 398
84, 58, 344
51, 263, 345
345, 263, 346
346, 263, 347
346, 249, 268
347, 267, 400
263, 248, 347
349, 560, 607
609, 606, 610
739, 738, 505
354, 351, 87
356, 674, 500
87, 351, 353
352, 351, 123
351, 352, 353
123, 118, 352
118, 494, 495
496, 353, 350
498, 353, 496
357, 354, 87
275, 363, 357
665, 276, 629
420, 293, 418
510, 404, 406
87, 501, 497
198, 362, 90
364, 355, 279
409, 161, 186
365, 725, 514
103, 359, 132
359, 358, 512
363, 151, 122
659, 151, 275
63, 361, 155
225, 361, 90
629, 274, 658
204, 355, 163
151, 363, 275
357, 363, 354
725, 282, 288
413, 412, 410
418, 189, 417
208, 366, 293
368, 367, 293
107, 367, 369
293, 366, 418
75, 707, 708
367, 368, 369
708, 369, 368
706, 370, 141
107, 369, 370
426, 298, 422
300, 371, 298
374, 773, 301
371, 229, 298
298, 295, 300
299, 374, 307
376, 303, 461
57, 466, 315
53, 377, 244
462, 377, 318
381, 378, 239
377, 378, 318
270, 379, 250
463, 238, 267
52, 589, 538
381, 320, 537
463, 267, 636
380, 0, 462
323, 382, 179
383, 382, 325
383, 325, 541
488, 383, 490
542, 742, 741
466, 57, 590
384, 388, 542
744, 742, 746
384, 542, 741
466, 545, 312
389, 733, 326
747, 585, 385
587, 542, 388
734, 587, 388
733, 389, 258
389, 326, 740
740, 256, 389
391, 256, 754
392, 391, 327
259, 245, 391
242, 713, 327
327, 713, 392
594, 376, 308
670, 676, 639
224, 467, 394
471, 316, 469
340, 472, 474
481, 395, 330
212, 396, 253
483, 396, 342
399, 51, 344
58, 343, 397
343, 396, 483
486, 260, 397
249, 346, 400
397, 260, 399
347, 400, 346
383, 488, 111
774, 618, 556
348, 401, 490
405, 356, 500
494, 150, 493
493, 560, 504
509, 565, 564
509, 622, 507
353, 498, 501
406, 500, 674
570, 665, 64
275, 357, 510
181, 427, 430
407, 430, 427
219, 408, 91
128, 205, 408
104, 364, 409
410, 409, 364
410, 364, 413
161, 410, 358
413, 364, 414
413, 414, 411
514, 421, 513
512, 86, 74
414, 364, 279
412, 413, 411
414, 735, 420
420, 418, 419
416, 415, 283
514, 567, 365
284, 416, 283
416, 282, 725
419, 411, 414
189, 415, 417
189, 418, 366
419, 418, 417
411, 419, 417
420, 419, 414
735, 414, 279
293, 420, 368
515, 86, 513
365, 416, 725
232, 422, 229
422, 91, 424
424, 91, 425
457, 729, 453
91, 408, 425
426, 424, 423
427, 425, 205
423, 424, 425
431, 433, 423
426, 295, 298
407, 427, 205
431, 427, 181
181, 435, 431
441, 438, 429
441, 426, 423
456, 459, 458
207, 434, 407
430, 407, 434
435, 433, 431
425, 431, 423
435, 181, 437
439, 438, 432
438, 433, 432
426, 441, 429
442, 207, 180
578, 635, 460
181, 443, 437
432, 433, 435
764, 635, 756
437, 529, 435
443, 181, 430
573, 666, 516
572, 529, 574
429, 438, 428
534, 668, 667
428, 531, 459
530, 460, 439
574, 529, 516
423, 433, 441
438, 441, 433
451, 450, 442
447, 446, 573
430, 434, 443
445, 444, 443
445, 443, 434
444, 516, 437
442, 448, 434
446, 449, 522
444, 445, 447
447, 445, 448
445, 434, 448
574, 575, 579
450, 448, 442
449, 448, 450
517, 524, 451
523, 452, 520
442, 180, 451
524, 525, 452
180, 198, 451
451, 198, 517
523, 520, 521
447, 449, 446
455, 295, 456
453, 455, 456
300, 454, 373
729, 454, 453
453, 454, 455
300, 455, 454
428, 459, 429
527, 531, 532
457, 296, 727
453, 456, 458
456, 429, 459
730, 193, 728
576, 535, 580
533, 730, 731
527, 533, 531
459, 531, 533
303, 375, 461
311, 461, 375
380, 462, 318
0, 587, 734
238, 463, 379
636, 582, 463
636, 347, 248
255, 323, 112
719, 712, 325
57, 315, 376
386, 340, 341
224, 220, 468
469, 316, 736
468, 34, 470
224, 468, 467
545, 466, 473
472, 386, 471
226, 470, 34
316, 470, 230
316, 471, 467
471, 469, 472
469, 545, 473
472, 473, 474
466, 393, 473
393, 737, 473
670, 476, 477
340, 474, 476
474, 477, 476
696, 697, 769
477, 474, 737
476, 475, 478
590, 592, 393
695, 694, 691
480, 478, 475
395, 478, 596
479, 480, 637
553, 677, 643
771, 686, 688
480, 479, 546
482, 481, 330
341, 481, 337
482, 330, 597
335, 482, 333
484, 342, 547
483, 342, 484
548, 598, 599
483, 549, 485
549, 484, 550
645, 552, 643
555, 483, 485
488, 487, 111
491, 487, 401
541, 489, 383
487, 488, 401
646, 647, 558
488, 490, 401
490, 647, 348
625, 615, 561
558, 648, 56
766, 610, 606
608, 606, 607
493, 492, 402
493, 402, 560
493, 403, 494
495, 494, 403
150, 494, 118
495, 403, 503
118, 495, 352
626, 625, 563
624, 563, 623
690, 691, 649
495, 503, 350
87, 497, 357
738, 498, 505
502, 496, 350
501, 738, 497
497, 738, 775
156, 739, 505
738, 501, 498
353, 501, 87
350, 503, 502
503, 403, 504
613, 617, 349
493, 504, 403
503, 504, 627
507, 498, 508
775, 500, 404
627, 617, 626
562, 622, 506
508, 498, 496
509, 507, 508
502, 624, 496
623, 509, 508
404, 510, 357
499, 506, 564
660, 510, 406
511, 120, 68
207, 407, 511
358, 412, 512
513, 512, 412
514, 412, 411
513, 421, 515
412, 514, 513
417, 567, 411
291, 515, 421
86, 515, 54
572, 439, 432
432, 529, 572
198, 518, 517
633, 517, 518
519, 198, 201
519, 159, 569
568, 571, 158
633, 518, 571
223, 522, 521
518, 519, 571
523, 449, 452
581, 576, 536
521, 522, 523
449, 523, 522
451, 524, 450
525, 524, 517
568, 633, 571
526, 520, 452
529, 437, 516
525, 277, 526
535, 532, 439
577, 764, 756
435, 529, 432
667, 669, 534
436, 530, 572
440, 536, 580
532, 531, 428
527, 576, 581
438, 532, 428
439, 460, 535
457, 730, 728
457, 458, 731
760, 762, 756
444, 573, 516
580, 635, 440
527, 532, 535
533, 581, 193
580, 535, 460
582, 537, 320
538, 539, 52
381, 537, 538
539, 537, 464
742, 542, 585
537, 539, 538
591, 310, 765
638, 475, 639
544, 586, 588
324, 718, 255
546, 479, 601
743, 755, 752
52, 544, 589
746, 747, 540
736, 545, 469
768, 644, 677
724, 547, 342
482, 597, 338
547, 262, 339
601, 600, 546
645, 643, 644
483, 484, 549
484, 598, 550
552, 550, 548
485, 549, 550
672, 769, 768
554, 604, 485
553, 552, 548
485, 550, 554
553, 548, 600
485, 604, 216
644, 603, 645
550, 552, 554
398, 555, 216
483, 555, 486
647, 774, 556
348, 556, 557
348, 647, 556
557, 491, 401
609, 557, 556
348, 557, 401
610, 491, 557
766, 491, 610
402, 608, 607
349, 504, 560
349, 612, 613
565, 655, 564
156, 505, 562
505, 507, 622
563, 566, 565
506, 509, 564
509, 623, 565
563, 625, 566
655, 565, 566
154, 658, 274
561, 566, 625
365, 567, 417
514, 411, 567
629, 663, 665
525, 633, 277
569, 570, 634
158, 634, 632
158, 571, 634
519, 569, 634
572, 530, 439
447, 573, 444
583, 636, 248
666, 574, 516
572, 574, 436
756, 635, 578
763, 760, 758
528, 575, 668
666, 575, 574
578, 460, 530
436, 579, 578
530, 436, 578
436, 574, 579
575, 763, 579
763, 758, 579
576, 580, 536
527, 581, 533
536, 193, 581
379, 582, 320
347, 636, 267
636, 583, 584
584, 464, 537
464, 584, 583
385, 585, 586
588, 586, 587
587, 586, 585
587, 585, 542
587, 0, 588
0, 380, 588
380, 538, 589
544, 588, 589
380, 589, 588
593, 590, 57
593, 592, 590
543, 637, 638
591, 593, 594
686, 689, 688
594, 593, 57
593, 591, 765
376, 594, 57
591, 594, 308
480, 638, 637
680, 689, 686
395, 596, 330
480, 596, 478
596, 597, 330
600, 597, 546
599, 598, 211
550, 598, 548
336, 599, 211
599, 338, 600
599, 600, 548
600, 338, 597
641, 601, 479
600, 601, 553
672, 641, 479
543, 696, 637
607, 612, 349
645, 551, 554
554, 551, 604
612, 607, 611
402, 492, 608
402, 607, 560
611, 607, 606
492, 78, 608
766, 78, 119
650, 628, 692
609, 605, 611
609, 610, 557
766, 606, 608
609, 611, 606
611, 605, 612
620, 609, 618
349, 617, 504
621, 619, 620
618, 609, 556
605, 619, 612
570, 64, 632
642, 651, 652
654, 612, 619
613, 652, 617
673, 691, 692
561, 615, 616
559, 614, 618
618, 614, 620
620, 619, 605
619, 621, 85
620, 605, 609
621, 620, 614
614, 85, 621
615, 625, 617
506, 622, 509
505, 622, 562
624, 623, 508
565, 623, 563
496, 624, 508
624, 502, 626
563, 624, 626
616, 615, 651
627, 626, 502
617, 625, 626
503, 627, 502
617, 627, 504
642, 654, 767
561, 616, 690
652, 613, 654
499, 564, 655
566, 561, 649
277, 633, 568
629, 276, 274
661, 675, 631
634, 570, 632
633, 525, 517
519, 634, 571
522, 223, 667
535, 576, 527
638, 480, 475
636, 584, 582
592, 688, 679
639, 475, 670
683, 687, 595
592, 679, 393
543, 697, 696
679, 477, 737
639, 595, 638
601, 641, 553
215, 644, 768
638, 595, 543
691, 690, 692
552, 553, 643
553, 641, 677
215, 603, 644
551, 645, 603
645, 554, 552
647, 646, 774
558, 489, 648
558, 56, 646
646, 559, 774
541, 648, 489
716, 723, 712
655, 656, 499
654, 642, 652
642, 628, 650
652, 651, 615
654, 85, 767
617, 652, 615
612, 654, 613
48, 693, 695
651, 650, 616
85, 654, 619
642, 650, 651
566, 649, 655
691, 694, 649
630, 656, 657
657, 655, 649
655, 657, 656
360, 659, 658
659, 275, 660
151, 659, 360
275, 510, 660
660, 406, 661
659, 660, 662
674, 661, 406
661, 663, 662
660, 661, 662
663, 661, 631
665, 664, 64
629, 662, 663
665, 663, 664
663, 631, 664
570, 276, 665
667, 666, 573
668, 666, 667
573, 446, 667
667, 446, 522
528, 668, 534
575, 666, 668
476, 670, 475
667, 223, 669
676, 670, 477
676, 477, 679
705, 701, 702
628, 642, 653
637, 672, 479
675, 674, 356
406, 404, 500
679, 688, 676
674, 675, 661
688, 681, 676
643, 677, 644
768, 641, 672
639, 681, 683
681, 671, 683
682, 687, 701
681, 639, 676
671, 685, 683
680, 700, 678
671, 678, 685
639, 683, 595
769, 697, 770
685, 687, 683
700, 699, 698
684, 687, 685
671, 681, 688
684, 698, 701
771, 688, 592
685, 678, 684
682, 543, 687
687, 543, 595
678, 671, 689
678, 689, 680
561, 690, 649
688, 689, 671
650, 690, 616
657, 694, 630
650, 692, 690
673, 692, 628
48, 695, 673
630, 694, 693
649, 694, 657
673, 695, 691
694, 695, 693
697, 543, 682
672, 637, 696
770, 682, 640
769, 602, 768
678, 700, 684
682, 701, 705
700, 680, 699
703, 704, 698
684, 700, 698
702, 701, 698
699, 703, 698
687, 684, 701
699, 50, 703
698, 704, 702
702, 640, 705
703, 50, 704
640, 682, 705
370, 706, 107
165, 706, 141
106, 167, 707
167, 369, 708
708, 368, 735
167, 708, 707
192, 709, 142
208, 709, 187
83, 710, 227
89, 228, 710
255, 112, 328
720, 713, 714
716, 324, 714
720, 259, 392
715, 714, 329
324, 465, 720
329, 711, 715
715, 711, 716
711, 723, 716
718, 716, 712
648, 722, 717
722, 723, 717
716, 718, 324
719, 718, 712
323, 255, 719
719, 255, 718
713, 720, 392
324, 720, 714
722, 648, 541
56, 648, 717
541, 712, 722
723, 711, 721
723, 721, 717
547, 724, 262
396, 724, 342
726, 725, 288
514, 725, 421
292, 726, 288
421, 726, 291
729, 304, 454
193, 730, 533
732, 457, 728
457, 727, 729
453, 458, 457
729, 727, 773
459, 731, 458
533, 731, 459
457, 731, 730
728, 296, 732
296, 457, 732
258, 377, 734
384, 733, 388
0, 734, 462
388, 733, 734
279, 75, 735
735, 75, 708
317, 736, 316
545, 736, 312
473, 737, 474
679, 737, 393
156, 405, 739
738, 739, 775
739, 405, 775
384, 740, 326
754, 740, 387
746, 540, 748
746, 748, 751
743, 750, 390
741, 744, 750
749, 753, 752
387, 741, 743
744, 741, 742
540, 47, 748
746, 742, 747
745, 390, 750
585, 747, 742
540, 747, 385
47, 745, 748
745, 750, 751
741, 750, 743
743, 390, 755
751, 750, 744
746, 751, 744
745, 751, 748
753, 749, 242
754, 256, 740
242, 327, 753
754, 753, 327
753, 754, 752
391, 754, 327
390, 749, 755
752, 755, 749
762, 577, 756
763, 575, 528
578, 579, 758
763, 528, 759
756, 578, 758
760, 763, 757
762, 49, 577
758, 760, 756
760, 761, 762
760, 757, 761
49, 762, 761
763, 759, 757
577, 440, 764
635, 764, 440
771, 765, 310
593, 765, 592
78, 766, 608
491, 766, 119
85, 653, 767
642, 767, 653
768, 677, 641
602, 215, 768
696, 769, 672
697, 682, 770
640, 602, 770
602, 769, 770
765, 771, 592
686, 771, 310
296, 302, 772
301, 772, 302
729, 773, 304
772, 773, 727
774, 559, 618
500, 775, 405
497, 775, 404
