735,896,1128,1129,1392
24,29,150,310,354,380
23,24,28,152,220,380
22,23,31,109,135,152
5,22,31,144,184,187
5,7,21,47,184,223,483
7,8,136,180,483
2,4,98,132,136,180,192
13,15,98,174,192,252
13,16,174,177,194,254
16,19,148,194,256,482
11,138,139,256,482
11,105,139,199,360,474,498
105,199,258,259,288,505
10,197,212,217,259,288
10,49,50,161,212,267
50,100,161,228,260,294
46,53,97,100,162,228
53,56,97,262,264,290
52,54,226,262,265,290
52,58,60,202,226,268
60,70,234,268,270,323
70,270,271,273,293,302
165,271,293,318,320,527
67,92,164,318,321,527
67,92,120,274,296,326
84,296,299,326,328,347
84,170,244,328,329,372
65,71,233,242,244,329
71,88,89,94,242,335
89,93,94,124,125,241,286
68,74,86,87,91,426
79,80,168,247,440,446,451
95,169,444,447,448,459
432,436,442,906,910
40,410,412,416,418,430
112,115,116,158,408,421,647
33,42,43,150,218,310,519
82,93,125,332,424
82,83,86,90,424,425,426
75,83,101,122,156,206,425
72,114,123,156,206,276
73,76,113,114,276,340
73,111,113,154,282,342
34,39,111,282,344,409
35,208,209,344,409
35,42,43,116,209,284,408
1412,1417
1248,1318
1438,1442
1335,1338
665,668,766
732,1038,1049
0,103,178,464,615,726
57,190,193,558,998
200,201,229,291,532
627,951,1237,1369
725,741,902,1133,1138,1140
108,420,518,521,667,767
26,159,222,413,512,517,523
40,112,158,224,411,416
76,113,154,155,157,443,445
43,115,116,218,524
118,300,301,353,509,700
783,1178,1267
147,195,227,250,253
75,80,122,168,427
68,86,125,238,241,424
246,304,351,405,457,458,989
68,91,129,238,351,458
175,176,469,470,477,621
96,181,183,463,467,617
185,186,191,382,383,561
7,8,14,21,30,137
17,195,236,251,253,312,796
140,143,398,713,1394,1395
277,278,338,367,368,384,388
47,145,223,423,465,484
54,56,63,290,1165,1166,1448
12,20,289,348,349,471,503
24,25,29,151,220,480,642
31,109,144,153,222,513,517
39,111,154,155,410,430,433
76,77,114,123,157,1348
26,108,159,491,526,667
1187,1190,1245,1250,1450
57,251,563,796,813,998
677,679,686,691,965,972
117,165,167,237,293,302
77,80,122,123,156,446,1349
128,309,454,692,701
78,429,787,816,817,819
16,148,175,176,177
6,15,96,174,176,177,181,470
12,19,148,175,289,469,622
2,15,98,181,183
2,132,183,463,466,528
22,135,185,186,187
21,137,184,186,187,191
23,28,135,185,381,382,557
30,137,190,191,193,561
4,8,14,136,227,250
13,17,18,147,252,253,254
51,196,255,257,696
198,200,235,314,362,532,789
55,146,263,266,316,539
48,203,269,272,537,1342
325,365,397,711,717,1340
44,83,90,101,277,280,367
32,283,331,341,549,551
337,339,346,364,370,391
49,50,163,294,295,773,943
179,348,471,496,625,900,1350
131,471,497,503,507,625
29,37,150,480,519,641
25,109,152,220,513,520
5,9,144,153,223,423
27,115,524,643,645,647
58,60,234,682,683,958,960
53,56,162,535,1166,1449
129,306,351,379,437,989
160,213,297,298,300,509
164,165,237,527,533,698
70,117,234,302,680,682
240,246,304,403,529,538
124,238,241,405,428,458
88,89,124,243,308,428
85,88,121,233,242,308
74,91,127,129,239,437,788
248,311,545,553,555,556,562
14,30,57,193,195,227,251
4,147,192,250,252
17,18,236,257,696
18,138,194,196,254,256,257
51,138,139,196,358,360
10,197,200,229,267,314,361
46,55,97,263,264
48,55,262,264,265,269,539
46,100,201,260,263,266,291
52,202,203,265,269
69,202,203,268,272,323
61,319,322,568,716,1341
62,141,211,275,327,1346
44,72,101,206,330,559
207,281,333,334,336,366
82,90,280,281,332,366
32,73,81,340,341,342,560
343,345,357,377,552
65,71,279,287,335,337,346
49,212,217,295,506,628
54,58,63,64,226,777,958
92,120,164,531,698,699,704,1259
162,163,215,228,294,535
84,170,297,298,299
120,160,166,296,298,299,531,1091
121,170,233,244,297,300,700
970,1084,1400
240,243,246,405,428
1005,1098,1099
118,305,353,422,1004
33,42,189,248,284,311,356
261,315,359,530,694,792
197,258,259,361,363
198,266,291,316,532,703
61,271,273,319,320
61,141,318,320,321,327,1341
69,270,273,319,322,323
69,272,322,324,568,1342,1343,1345
67,274,275,321,327
211,274,275,326,347,374
44,277,283,331,384,559
93,281,286,332,333
94,279,286,333,334,335
207,279,334,337,339
207,210,278,336,338,339,364
72,276,330,340,560
32,81,343,345,515,551
81,208,282,342,344,345,357
65,287,329,372,373,375
217,288,502,505,628,736
352,392,403,529,839,871,873
785,826,827,835,841,845
33,189,310,354,355
208,209,284,356,357,377
51,255,313,315,358,359
199,258,261,315,358,360,363
261,314,361,362,363,694
204,205,371,395,1347
278,280,336,366,367
369,390,407,546,708,806,807
204,287,346,370,373,395
328,347,372,374,375
204,211,371,373,374,375,1346
888,1035,1118,1380
581,584,596,601
28,354,355,380,381
189,248,355,381,545,557,565
134,385,389,390,544,546
128,173,352,692,873,874,1001,1003
134,210,338,368,389
210,364,385,389,391,396
118,128,301,305,309,1003
385,390,394,396,406,407
205,370,391,395,396,406
140,146,316,317,398,703
245,379,437,788,821,825
304,392,404,457,529
392,402,404,831,839,990
142,205,325,394,397,406,709,1347
34,35,112,408,409,411
34,39,40,410,411
652,656,657,663,1148,1150
25,151,479,510,520,525,764
158,224,419,421,649
224,412,416,639,649,653,661
1227,1232,1453
225,1067,1070
74,87,127,168,247,427
75,87,425,426,427
127,239,247,429,451,787
418,430,432,433,436,904
155,432,433,442,443
45,441,460,574,598,602
1007,1215,1279
412,418,661,760,904,907
85,240,243,308,454,538,701
431,442,443,444,445,448,456,910
157,444,445,447,1348
95,169,440,446,449,1349
387,452,462,585,721,815
431,438,456,460,602,614,911
79,387,440,449,452
78,79,387,429,451,815
95,449,452,459,461,462,570
435,575,576,579,593
438,448,455,456,459,461
399,438,455,460,572,574
6,96,103,464,467,486
485,487,490,492,511,731,897
102,103,486,615,616,728
6,178,464,470,477
12,149,216,349,622,624
636,756,1424,1426
20,179,348,474,498
178,473,475,477,504,621,726
476,481,497,501,507,755
11,19,20,289,482,498
47,132,145,180,483,528
673,899,1103
36,110,490,511,671,770
463,466,468,617,618,730
110,465,484,485,490
1,149,216,476,481,499
378,413,516,523,525,764
149,349,481,497,503
214,493,900,1046,1350,1364,1365
1,476,501,752,753,1425
105,179,474,496,502,505
99,473,475,623,750,1390
131,507,626,634,638,755,1353
666,769,771
9,36,110,182,423,484
151,479,642,658,1055,1373
668,669,670,673
513,517,520,523,525
9,153,182,222,512
26,108,378,413,521
492,672,731,734,1120
36,159,182,491,512,671
27,218,519,524,641
145,465,466,485,487,528,730
161,201,229,260,267
311,356,377,552,553
213,230,232,353,422,509
160,213,232,702,1091,1210
687,699,704,784,1258,1260
230,232,393,688,1210,1271
1018,1096,1209
48,140,143,146,537,539
317,398,693,797,811,1394
331,384,388,542,543,549
134,368,388,542,544,547
249,550,554,706,804
369,544,546,547,801,803
285,542,543,547,550,554,803
285,515,540,543,549,551
343,515,540,552,553,555
249,285,540,554,555,556
249,556,562,706,1375,1377
283,330,341,559,560
382,383,557,565,566
190,383,558,561,564,566,997,1378
545,562,564,565,566,1377
142,689,709,710,712,812
399,435,455,461,570,576
453,589,594,722,824,877
569,885,1388,1389,1460
399,572,576,579,582,591
585,718,719,721,722,824
350,441,572,574,582,590,723
575,589,593,719,722,879,882
400,573,577,583,586,720,1461
577,584,1460,1461
41,450,599,608,609,724,893
434,578,580,595,1379,1462
441,590,598,605,607
400,577,581,584
41,450,573,586,590,607,723
600,758,1141
41,400,581,586,596,599
1043,1446,1459
386,600,601,894
588,604,613,659,745,1397
45,588,598,605,606,613
450,588,604,605,607,608
604,608,609,659,725,902
439,612,614,761,905,911,912,1396
45,602,606,614,1396
133,620,727,729,895
102,467,486,617,618
102,468,616,618,733,1037,1119
469,504,621,622,624
216,475,499,504,623,624
106,496,502,736,900,1364
214,1046,1352,1355,1362,1367
632,637,737,738,901
130,746,751,1403
754,756,757,1426,1427,1429
131,493,625,626,1350
633,636,1354,1356
763,932,934,1144,1146
37,107,480,642,658
27,37,107,508,641,643,644
646,648,650,651,935
508,643,645,648,650
419,421,645,647,650,654,935
417,508,644,646,648,652,1150
415,419,649,653,654,933
417,646,651,1054,1151,1153
107,644,652,657,658,1055
104,587,640,662,762,903,919
592,603,639,653,662,903,933
765,936,937,1053,1374
221,378,414,516,521,767,768
518,522,526,665,667,766
522,665,668,669
491,522,526,669,670,671,770,772
670,672,673,772,899,1120
775,949,1073,1074,1077
674,975,1081,1082,1158,1174
59,66,684,964,967,973
117,167,677,679,680,681
59,66,680,681,682,960
66,679,681,684,685,781,972
167,237,533,677,686,705
198,235,317,693,703
678,776,1285
119,686,687,705,784,965,986
313,359,541,697,792,991
236,255,312,313,696,697
166,531,1257,1259
85,121,301,309,700,701
352,403,454,538,692
533,687,698,704,705
235,693,789,790,791,793,797
548,567,695,802,814,1093
394,407,709,712,807
142,325,710,711,714
534,710,714,715,812,1344
324,711,714,715,717,1343
324,568,716,717,1340
435,462,570,593,719,721
350,434,578,582,591
434,575,579,591,595,879
350,573,578,580,720,723
596,599,601,893,894
386,600,609,724,758,902,1140
0,473,631,726,727,729,1390
0,615,620,728,729
468,487,514,730,897,1119
133,488,735,895,1129,1130,1132
133,488,616,620,728,733,1039
106,506,628,632,736,737
295,506,630,737,738,739,773,945
130,478,500,742,744,1391,1403
619,747,1124,1416
3,104,592,903,909
472,478,494,500,1404,1410
742,748,749,1391,1393
1,499,623,746,750,751,752
1407,1414,1420,1430
501,634,753,754,755,1429
634,754,757,1353,1366
610,916,917,924,1222,1399
3,592,611,639,661,760
587,603,662,763,927,1144
510,516,764,765,768,1374
414,420,767,769,771
664,666,1070
420,518,766,771
492,511,672,770,772
775,944,946,948,1075,1077
954,955,1080,1162,1163
956,957,959,974,976
119,690,979,986,1286,1466
776,1400,1402,1465
690,782,988,1261,1263,1286
306,379,786,825,831,832,990
239,245,787,788,819
362,530,694,789,790
530,541,707,790,791,792
794,798,805,809,993,996,1094
541,707,798,991,992,993,995
707,791,793,794,798
793,794,797,799,805,810,811
369,548,567,801,806
548,550,801,803,804,814
567,708,806,808,809,996,1093
689,708,712,800,807,808
800,805,808,809,810
534,689,799,800,810,812
188,795,994,997,1376,1378
78,571,585,718,815,816
820,822,823,829,834,853
571,816,817,820,822
126,245,817,819,821,822,834
453,571,718,820,824,829,838
126,785,786,821,825,826
848,850,883,1025,1027
453,594,828,838,848,883,887
785,786,832,845,857
126,823,826,827,833,834
836,837,842,999,1000,1021
823,833,837,842,853,854
402,831,832,857,859,861,865
827,833,835,842,844,1021
1023,1105,1111,1112,1113
38,835,841,844,860,1017
307,828,836,837,848,854,1027
307,836,851,999,1019,1028,1101
1024,1033,1444,1445
828,829,838,853,854
402,839,855,861,867,871
38,841,845,857,858,859
38,858,860,863,1032,1102
858,859,863,864,865
856,862,876,1274,1275
401,856,863,864,876,1102
401,861,864,865,867,868
401,536,862,868,876,1009,1012
231,536,855,867,868,1013
855,869,871,873,874,1013
171,231,536,870,872,1009,1016
818,878,880,881,886,1383
595,879,880,881,882,1379
589,877,878,881,882
594,830,877,878,886,887
818,885,1029,1030,1381,1382,1383,1387,1389
830,886,1030,1383,1385
830,850,883,887,892,1385,1386
172,840,851,1028,1036,1110
386,724,893,894
631,727,735,895,1392
514,731,734,897,898
1040,1122,1123
214,493,626,638,1355
610,659,725,741,745,908,916
611,612,760,907,912
436,439,612,904,906,907
597,761,905,913,914,1051
431,439,906,910,911
3,611,761,909,912,913
104,597,762,909,913,915
597,908,914,915,916,917,1398
762,915,919,920,922,1398
923,926,1044,1217,1220,1278
640,918,919,920,923,1278
918,920,922,1224,1280,1281
587,640,923,926,927,1145
928,931,1047,1154,1156,1284
655,926,928,931,1142,1145,1217
415,603,763,932,933
415,651,654,932,934,935,1054
221,765,768,937,939,942,1058,1071
656,663,936,937,940,1058,1059
225,939,942,1061,1063,1065,1067
221,414,664,666,769,1071
163,215,943,944,946
739,773,943,946,948
219,629,630,945,1236,1239
219,630,739,775,948,949
215,535,944,1075,1078,1079,1449
63,64,954,1162,1165
64,777,778,954,955,956,976
683,777,956,957,958
59,683,957,959,960,964
684,685,967,982,984,1196
119,691,965,968,969,1466
292,685,781,966,971,978,982
987,1207,1241
678,776,782,979,1286,1465
691,781,968,971,972
967,973,984,1197,1200,1202
959,964,973,974,977,1202
778,974,976,977,1081,1174,1203
292,676,966,970,1084,1085,1193
981,987,1087,1192
292,780,978,983,1085
978,982,983,985,1194,1196
779,780,983,985,1087,1088,1192
690,784,986,988,1260
306,404,457,989,990
312,563,697,796,991,992
563,795,813,992,994,995
695,795,802,993,995,1094,1376
558,813,994,997,998
846,852,860,1017,1032,1104
869,874,1001,1002,1014,1213
173,1001,1002,1006,1008
173,305,1003,1004,1008,1100,1214
870,875,1016
875,1007,1011
862,1007,1011,1012,1215,1275
870,875,1009,1011,1012
231,869,872,1013,1014
171,872,1014,1018,1096,1213
171,1016,1018
884,891,1026,1034,1117,1216
1108,1276,1433,1435
844,847,852,1000,1017,1021
851,1023,1101,1110,1112
850,884,891,892,1025
307,884,1019,1025,1027,1034
890,891,892,1035,1117,1380,1386
849,1022,1276
889,1019,1028,1034,1036,1216
1010,1024,1116,1118
489,733,1037,1039,1040,1042,1122
488,732,1038,1039,1042,1130
1038,1040,1042
1050,1405,1412,1416
637,738,945,1239,1368,1370
740,742,744,748,1041,1127
1135,1157,1223,1228,1308,1309,1323
619,1045,1049,1131
745,908,914,1051,1397
655,660,931,1047,1056,1147
657,663,936,1053,1055,1373
938,1060,1064,1066,1149,1152
939,940,1058,1061
940,1059,1060,1061,1065,1069,1149
1159,1160,1233
941,1060,1064,1069,1230,1234
929,1064,1066,1155,1226,1230,1231
1063,1065,1069,1159,1160,1234
225,664,942,1070,1071
774,1072,1073,1074,1076,1176
1073,1075,1076,1077,1078,1169
629,947,951,1236,1237
1184,1238,1464
674,778,955,1081,1163
950,1092,1183,1205,1208,1312
981,1084,1193
961,962,1086,1089,1195,1198
779,987,1083,1087,1207
779,1083,1086,1088,1090,1195
1086,1089,1090,1092,1208,1252
802,996,1093,1094
1005,1015,1209
230,393,422,1004,1097,1100
393,783,1097,1178,1212,1271
1005,1006,1008,1015,1099,1214
847,999,1000,1023,1101,1105
846,856,1032,1102,1272,1274
847,852,866,1104,1105,1109,1113
866,1108,1109,1114,1277,1433
889,1010,1026,1116,1216
1020,1432,1438,1444
840,1106,1110,1111,1112,1434,1436
866,1111,1113,1114,1115,1434
172,889,1024,1033,1036,1116
1010,1026,1035,1117,1118
489,514,898,1037,1119,1218
1103,1121,1123
489,1121,1122,1123,1218
747,1041,1124,1126,1127,1415
619,1045,1124,1125,1126
748,749,896,1125,1126,1127,1128
1045,1125,1128,1129,1131,1132
732,1049,1130,1131,1132
610,741,924,1133,1134
1043,1136,1139,1141
924,1134,1219,1222,1306,1447,1458
1133,1134,1136,1138,1139,1447
758,1136,1138,1140,1141
1221,1225,1228,1299,1309
655,660,927,1144,1145,1146
660,934,1054,1146,1147,1153
656,938,1059,1148,1149
417,938,1148,1150,1151,1152
1056,1066,1147,1151,1152,1153,1155
1047,1056,1154,1155,1226
1326,1453,1456,1457
1068,1232,1233
1063,1067,1160
1168,1172,1177,1186,1188
675,952,953,1164,1170,1171
674,953,1080,1158,1161,1163,1164
953,1080,1162,1165,1170,1448
675,1076,1168,1169,1171,1173,1176,1188
675,952,1078,1079,1169
1161,1164,1168,1171,1172
1082,1158,1161,1172,1177,1180,1247
975,1082,1181,1206,1247
1184,1185,1189,1190
950,1183,1191,1199,1244,1246
1183,1199,1205,1249,1314
975,980,1174,1181,1191,1201,1203,1246
774,1173,1176,1184,1185,1464
1175,1177,1180,1186,1187,1250
1173,1175,1185,1186,1188,1189
1175,1187,1189,1190
780,981,1085,1192,1193
962,985,1088,1194,1195
962,984,1194,1196,1197,1198
950,961,1089,1092,1191,1201
961,980,1197,1198,1200,1201
977,980,1200,1202,1203
1167,1243,1283,1317
376,688,702,1095,1210,1268
1254,1315,1319
1211,1266,1270
1098,1178,1212
1002,1006,1015,1096,1209,1213
1097,1098,1099,1100,1212,1214
172,840,843,1033,1106,1445
734,898,899,1103,1120,1121,1218
928,1135,1142,1157,1284,1324
1044,1135,1142,1217,1225,1228
759,1044,1220,1225,1292,1295,1299
1325,1337,1339,1456
1154,1156,1226,1231,1291,1452
1179,1204,1242,1243,1251,1283,1451
929,941,1057,1230,1290
1052,1057,1068,1227,1232,1290
941,1057,1068,1159,1233,1234
947,1235,1237,1238
219,629,947,949,1072,1074,1235
951,1236,1239,1360,1368,1369
963,1208,1252,1253,1255,1312,1320
1167,1243,1249,1251,1314,1316
1179,1199,1244,1249,1251
1179,1181,1206,1242,1244,1246
1283,1450,1451
1180,1204,1206,1242,1245,1247,1250
1083,1090,1207,1241,1252,1255,1256
1241,1254,1256
1254,1255,1256,1315,1320
166,303,376,702,1091,1257
303,699,1257,1258,1259,1262
988,1258,1260,1261,1262,1265
1211,1261,1263,1264,1265,1266,1288
303,376,1262,1264,1265,1268
1095,1264,1266,1268,1269,1270
1267,1269,1270
688,783,1095,1267,1269,1271
846,1104,1109,1272,1273,1277
849,1022,1215,1272,1273,1274,1275,1279
849,1108,1273,1276,1277
1022,1279
759,918,1220,1278,1280
1293,1296,1298,1304,1310,1313
1062,1156,1284,1291,1324,1454
1182,1317,1318,1321
678,782,1263,1285,1288
1211,1285,1288
759,1280,1281,1287,1289,1295
929,1052,1231,1290,1452
1297,1298,1307,1310,1311,1327
1219,1222,1224,1281,1287,1399
1143,1297,1311,1329
1289,1292,1293,1295,1304
1294,1308,1323,1325,1328,1339,1455
1221,1292,1293,1296,1299,1301
1303,1305,1307,1327,1331,1334
1296,1298,1301,1303,1307
930,1137,1143,1459
1221,1294,1301,1303,1308,1309,1334
930,1137,1219,1287,1289,1304,1306,1313
1137,1143,1310,1311,1313
963,1205,1229,1312,1314,1316
925,963,1182,1229,1253,1321
1167,1182,1229,1316,1317
1248,1319,1322
925,1253,1315,1319,1320,1322
925,1248,1318,1321,1322
921,1157,1223,1324,1454
921,1223,1300,1323,1455
1302,1305,1330,1331,1332,1333,1336
1302,1329,1333,1335
1297,1302,1327,1329,1331
1282,1294,1305,1328,1332,1334
1282,1332,1336,1337
1330,1333,1335,1338
1330,1336,1338
1282,1328,1337,1339
62,141,365,716,1340,1341
143,537,713,1342,1345
713,715,1343,1344,1345,1395
62,365,371,397,1346,1347
77,169,447,1348,1349
1356,1357,1358,1371
495,637,901,1240,1359,1363,1370
633,636,756,757,1351,1366
633,635,1351,1352,1354,1367
635,1354,1356,1357
635,1240,1352,1357,1358,1359,1362
627,1360,1361,1369,1372
1046,1359,1362,1363,1365
106,632,901,1363,1364,1365
638,1351,1353,1355,1366,1367
627,1371,1372
495,1360,1361,1368,1370
495,1240,1358,1361,1371,1372
479,510,1053,1373,1374
188,695,706,804,814,1375,1376
188,564,1375,1377,1378
569,885,1382,1384,1463
888,1029,1381,1388
818,880,1379,1382,1384,1462
888,890,1029,1380,1387
890,1030,1385,1386,1387
1381,1388,1389
99,130,746,750,1391,1393
99,631,749,896,1390,1392,1393
534,799,811,1344,1394,1395
606,613,905,1051,1396,1397
917,922,1224,1398,1399
676,966,968,969,971,1401
676,970,1400,1401,1402
500,751,752,1403,1404,1425
478,740,744,1408,1410,1411,1419
740,743,1041,1411,1413,1415
472,1048,1407,1410,1419,1420
743,1408,1411,1421,1422
1414,1417,1418,1423
743,1050,1405,1406,1413,1422
747,1050,1413,1415,1416
1405,1406,1412,1417,1423
1409,1424,1430,1431
1407,1408,1414,1418,1419,1421
1406,1418,1421,1422,1423
472,494,1048,1409,1428,1431
1409,1424,1426,1427,1428
494,753,1404,1425,1427,1428,1429
1048,1420,1430,1431
843,1020,1031,1106,1432,1436,1439
1437,1441,1443
1107,1115,1434,1436,1439
1435,1443
1031,1107,1437,1439,1440,1441
1440,1441,1442
1031,1432,1438,1440,1442
1107,1114,1115,1433,1435,1437,1443
843,1020,1444,1445
1043,1139,1446,1447,1458
952,1079,1166,1170,1448,1449
1204,1245,1450,1451
1052,1062,1227,1291,1326,1452,1453
921,1062,1300,1326,1454,1457
1300,1325,1455,1456,1457
930,1306,1446,1458,1459
569,583,1460,1461,1463
580,583,720,1384,1462,1463
774,1072,1235,1238,1464
969,979,1401,1402,1465,1466
