380,462,587,734,588
80,2,114,37,182,195
3,99,80,1,195,115
97,4,99,2,81,115
5,116,97,3,81,98
4,116,6,73,98,77,247
73,5,101,7,247
96,95,131,101,8,247,6
9,102,93,95,7,131
8,102,92,10,93,133
92,9,94,246,133,11
12,246,133,134,10
11,246,257,13,134,185,243
257,12,185,162,14,179
15,135,162,149,179,13
14,135,149,111,16,271
111,15,17,138,271,152
138,136,18,119,16,152
17,119,78,136,137,19
20,139,150,78,137,18
139,19,118,150,21,140
20,118,123,22,140,166
123,21,166,164,23,88
88,122,164,22,24,165
25,168,151,122,23,165
168,24,151,154,169,26
27,153,25,154,169,191
26,153,155,28,191,178
148,178,29,155,127,27
148,28,127,126,30,172
29,126,171,38,172,125,67
67,69,128,217,39,218
232,231,89,66,217,219,228
228,233,710,226,227,235
220,221,468,226,470
60,210,82,214,224,220
209,60,117,62,46,213,335
160,182,46,62,114,1,269
39,145,171,30,67
38,145,108,40,67,31,218
66,218,108,39,143,89,41
175,143,42,83,89,40
43,146,61,83,41,175
146,42,82,44,61,177
209,210,82,43,177,45
209,46,177,183,44
45,209,37,160,62,36,183
540,748,745
693,695,673
762,577,761
699,703,704
345,344,263,399
589,538,539,544
377,378,237,239,244,240
130,86,100,291,515
104,135,138,271,163
721,717,558,648,646
466,315,590,376,593,594
84,266,397,399,344,343
266,84,268,265,81,253,264
210,35,36,209,213,214
42,83,43,82,221,227,226
46,37,117,36,269
201,159,121,155,361,273
570,665,632,664
102,131,74,130,101
40,218,89,32,217
31,69,39,38,30,125
157,124,206,69,120,125,511
31,67,128,120,125,68
94,92,93,321,240,244
237,93,95,96,250,319
97,99,98,100,290,291
6,5,101,130,98,100
102,132,130,65,359,86,512
278,204,707,279,708,735
108,170,188,174,199,281,280
247,5,270,116,261,251
150,19,119,18,492,608,766
241,94,243,246,112,254,113
2,1,115,212,114,262,331
4,3,115,116,265,59,264
210,44,43,61,221,35,220
61,42,710,89,41,227
266,59,58,268,346,344
619,621,614,654,767,653
54,130,74,513,512,515
354,351,353,357,501,497
351,123,122,23,354,22
710,83,66,32,40,41,228
201,198,361,362,225
422,232,219,408,424,425
10,9,94,70,93
237,240,8,95,71,9,70,92
241,79,246,10,92,70,321
7,96,93,8,71
7,95,247,71,250,270
3,4,99,72,98
73,5,100,4,72,97
3,2,195,97,72,196,290
73,130,98,54,291,72
131,7,6,73,130,65
8,9,132,74,133,65,131
134,184,133,359,132
355,163,55,135,364,186,409
136,137,278,204,138,163
137,278,139,140,167,707
208,367,706,709,369,370
143,170,39,40,145,76,188
146,176,170,289,280,285
148,173,174,190,200,203
149,15,16,152,487,383,488
257,243,79,113,323,328,255
328,259,112,79,254,245
80,1,332,331,37,269
80,212,3,81,2,264
5,4,261,265,81,77
332,269,62,36,334,335
20,150,21,123,352,494,495
18,17,78,152,491,766
69,128,511,407,68,205
274,154,273,153,155,63
24,151,88,23,354,363
22,21,351,88,118,352
157,225,68,206,362,180
30,126,69,67,68,157
29,127,30,125,157,225
361,225,29,126,155,28
31,217,69,219,120,408,205
160,196,272,292,286,287,288
73,101,100,54,86,74,65
101,7,102,65,8
102,74,133,359,103
132,102,11,134,9,10,103
184,103,133,11,12,185
14,15,162,55,104,271,186
138,17,137,105,18
106,278,136,105,18,19,139
17,136,16,55,271,105,163
20,19,140,106,137
166,167,139,20,106,21
164,165,166,167,370,706
709,706,165,169,192,168
108,170,41,175,40,289
174,173,171,145,172,188
38,39,108,188,171,144
176,109,43,42,177,175,289
176,286,177,183,272
28,178,29,172,173,190,110
111,15,14,179,383,382
19,78,118,20,492,493,494
25,24,154,122,360,363,659,275
17,119,111,487,491,16
27,26,155,121,154
151,25,274,121,360,658,26,153
361,127,27,153,28,121,63
739,505,562,405
225,124,126,68,125
568,571,634,632
201,63,519,273,569
37,182,46,196,129,183,272
186,185,184,358,409,410
135,14,185,13,186
355,104,138,105,55,204
165,141,22,23,166
164,141,142,706,23,24,168
167,140,22,21,164,141
166,140,106,141,369,370,707,708
25,24,169,142,165
192,142,168,25,26,191
108,143,76,109,289,280
30,38,145,144,172
29,30,148,173,171,144
144,174,148,172,110
144,173,200,199,188,76,110
41,143,42,289,146
146,109,177,147,286,285
176,146,45,183,43,44,147
28,148,190,27,191,192
149,14,13,257,323,382
198,362,207,206,124,442,451
427,430,431,435,437,443
160,37,196,1,195
177,45,46,160,272,147
134,103,359,358,161,185
13,12,162,186,161,184,134
161,185,135,104,162,409
192,190,203,208,709
76,174,145,108,144
283,415,202,197,366,418,417
187,192,178,148,110,203
27,26,169,178,192
187,190,169,142,709,178,191
730,728,533,581,536
306,309,302,375,311
99,2,1,182,196
160,182,129,195,99,292,290
199,281,202,200,189,283
201,90,518,519,180,362,451,517
197,281,200,174,76
174,199,110,202,197,203
63,159,198,90,361,519
200,197,189,208,366,203
208,187,190,110,200,202
278,75,105,163,279,355
408,425,120,407,128,427
68,124,207,180,511
206,180,442,434,511,407
367,293,203,187,107,202,366,709
44,210,45,46,36,60
209,44,82,60,35
336,339,598,484,547,599
115,80,262,724,396,264,253
36,60,214,337,335
213,60,35,224,394,341,337
644,768,603,602
555,485,604,398
31,128,218,219,32,66
66,40,31,217,39
217,128,408,32,91,232
224,35,82,34,221,468
82,61,34,220,226
317,313,299,305,230,236
522,521,667,669
214,35,220,394,467,468
361,127,157,124,126,362,90
470,230,34,221,61,33,227,235
61,83,33,226,710
233,33,710,32,231,89
231,232,233,371,422,298
470,226,235,236,222,317,316
32,232,229,228,233
91,422,32,231,229,219
228,33,231,229,235,294,371
294,371,300,373,297
236,230,226,33,294,233
294,297,235,230,222,299
93,240,71,53,239,319
270,251,379,249,400,267,463
319,320,53,237,378,381
93,237,53,244,70
79,94,254,252,322,321
713,329,327,753,749
79,246,257,112,12
53,240,377,258,322,70,321
256,252,254,113,391,259
12,11,94,10,79,243
77,5,96,7,270,6
263,347,636,583
261,268,251,238,400,346
71,96,270,379,320,319
261,249,270,77,238
389,256,254,241,322,245
266,343,59,396,264,212
241,252,79,245,113
324,465,328,323,112,718,719
389,252,245,391,740,754
13,12,243,112,323,179
734,733,377,244,322,389
328,113,245,465,392,391,720
486,398,397,399
116,265,249,268,251,77
212,80,724,331,339,547
51,345,346,347,248
115,81,59,212,253
261,116,81,268,59
84,59,58,253,343
238,400,347,463,636
249,261,84,59,265,346
332,117,37,62,114
77,247,251,96,250,238,379
16,15,138,55,135
160,129,183,147,286
121,274,276,569,63,159
121,154,273,276,629,658
363,357,659,151,510,660
569,273,274,570,665,629
525,526,633,568
137,106,75,204,707,105
204,355,75,364,414,735
170,109,76,281,284,285
197,199,76,280,284,283
287,288,284,416,725
415,189,197,281,284,416
287,285,280,281,283,282,416
287,284,286,176,280,109
176,147,285,287,272,129
282,288,284,285,286,129
282,287,129,292,725,726
109,170,143,175,146
72,99,291,196,292
100,54,290,72,515,726,292,421
196,129,288,291,726,290
367,208,420,418,366,368
297,236,371,234,235,233
429,426,455,300,456,298
772,727,457,728,732,302
294,236,299,234,373,372
422,229,426,300,371,295
372,374,222,305,236,297,307
373,234,455,295,371,298,454
309,306,307,374,302,772,773
301,306,194,296,772
307,309,314,375,315,376,461
372,373,374,773,454,729
222,299,307,313,314
309,301,302,194
309,303,314,301,374,305,299
376,311,594,591
307,303,301,306,194,375
591,765,771,686
376,461,308,194,375
314,313,315,736,466,545
317,222,314,312,305,736
303,307,312,313,315,305
312,314,303,376,466,57
468,470,467,230,317,471,469,736
222,313,230,736,316
381,380,378,462,377
320,239,237,71,250
319,239,379,250,381,537,582
94,70,322,244,241
252,241,244,258,389,321
719,382,112,257,179,255
255,465,718,716,714,720
382,719,712,541,383
384,733,389,740
392,391,242,713,753,754
113,259,465,255,112
714,713,242,715,711
481,395,482,597,596
114,332,339,80,262
269,117,114,331,339,336,334
338,336,334,335,482
336,332,117,335,333
213,337,36,334,117,333,482
599,338,332,334,339,333,211
481,482,213,335,214,341
599,336,333,482,597,600
332,331,336,211,547,262
386,472,395,478,476,341,474
394,386,395,481,214,337,340
483,396,484,547,724
483,486,266,253,397,396,58
58,399,345,346,84,51
346,344,51,263
268,84,345,344,263,347,249,400
346,263,267,400,248,636
401,490,647,556,557
560,607,613,617,504,612
495,352,353,496,503,502
88,123,354,87,353,352
495,350,353,351,123,118
352,350,87,351,496,498,501
88,351,122,363,87,357
104,163,364,204,279
674,500,405,675
497,404,354,87,275,363,510
359,184,161,410,412,512
74,132,103,184,512,358
658,154,151,659
225,127,155,201,63,90
198,180,124,225,90
122,354,275,357,151
355,104,279,409,410,413,414
416,415,417,725,514,567
208,202,189,293,418
208,293,107,368,369
420,735,367,293,369,708
167,370,107,367,368,708
369,167,141,706,107
294,234,233,229,300,298
374,299,304,373,297
304,372,300,234,297,454
372,299,301,307,304,773
309,194,303,311,461
311,461,308,303,315,594,57
53,378,258,244,462,734,318
377,53,239,381,318
320,250,270,238,582,463
381,318,538,0,462,588,589
380,318,538,239,320,378,537
719,323,383,149,179,325
111,149,382,489,490,325,541,488
326,733,387,741,740,388,542
586,544,747,585,540
471,394,340,472,341
743,752,384,741,754,740
384,542,587,734,733
256,252,322,258,733,326,740
743,750,745,755,749
245,256,392,259,754,327
259,391,327,713,720
590,466,473,737,592,679
471,386,341,467,214,224
340,478,341,481,330,596
212,724,343,253,483,342
343,486,399,58,260
555,486,260,216
397,58,344,51,260
238,267,249,347,346
348,490,491,487,488,557
493,492,560,608,607
493,494,495,503,504
497,357,510,406,775,500
356,500,156,739,775
510,404,500,674,660,661
120,511,205,430,427,207,434
128,219,205,425,91
186,104,410,161,364
409,161,358,412,413,364
413,414,412,419,417,514,567
358,410,413,411,512,513,514
412,410,364,414,411
413,364,411,279,735,420,419
283,189,416,365,417
365,415,284,282,283,725
415,365,418,189,419,411,567
420,293,189,417,366,419
420,418,411,414,417
368,735,293,418,414,419
725,726,514,513,515,291
91,232,424,426,298,229
426,424,425,431,433,441
426,422,91,425,423
427,431,408,205,424,91,423
429,295,424,422,298,423,441
431,425,181,430,407,205
429,438,531,459,532
295,426,456,441,438,428,459
181,427,407,434,443
427,425,433,423,181,435
439,438,433,435,572,529
431,423,435,438,432,441
442,207,407,430,443,445,448
181,431,433,437,432,529
530,572,574,579,578
443,444,435,181,529,516
532,439,441,429,432,433,428
532,438,432,530,460,572,535
536,580,635,577,764
438,429,426,423,433
434,207,180,451,450,448
444,437,181,430,434,445
443,437,445,516,447,573
444,443,434,447,448
447,573,449,522,667
448,449,446,573,444,445
449,447,442,434,445,450
448,447,452,450,446,522,523
524,452,449,451,442,448
450,442,517,524,180,198
526,525,450,524,449,523,520
457,729,455,456,454,458
304,373,300,729,453,455
300,295,456,453,454
295,429,459,458,455,453
729,453,296,727,730,728,458,731,732
456,459,453,457,731
456,458,428,531,429,533,731
580,635,578,530,439,535
311,376,303,375
734,377,318,380,0
582,379,238,267,636
539,537,584,583
324,255,328,259,720
590,393,312,315,57,545,473
471,394,468,316,224
220,34,470,316,467,224
472,473,471,316,736,545
226,230,468,316,34
386,394,467,316,469,472
340,386,469,473,474,471
472,469,545,466,474,393,737
340,472,473,476,477,737
476,478,480,638,639,670
478,340,670,477,474,475
670,476,474,737,679,676
395,340,476,475,480,596
480,637,546,601,641,672
546,596,478,475,479,637,638
482,337,341,395,330
481,337,333,338,335,330,597
343,486,396,342,484,549,485,555
211,598,547,342,483,549,550
555,216,483,549,550,554,604
343,483,397,555,398,260
152,111,491,488,401
383,490,111,487,401
647,490,558,383,541,648
647,489,383,488,348,401
487,152,119,401,557,610,766
150,78,493,402,608
150,492,494,560,504,402,403
118,495,150,493,403
350,352,118,494,403,503
353,350,498,502,508,624
404,357,87,501,738,775
507,505,353,496,501,738,508
506,564,655,656
356,674,405,406,775,404
87,497,353,498,738
496,350,503,624,626,627
495,403,350,502,504,627
493,560,503,403,627,349,617
507,498,739,738,156,562,622
562,622,499,564,509
505,498,509,622,508
507,498,496,509,623,624
565,564,622,507,508,623,506
404,406,275,357,660
120,407,206,207,68
74,359,513,86,358,412
86,512,514,421,515,412
365,725,421,513,567,412,411
291,54,86,513,421
573,666,574,529,444,437
524,451,198,518,633,525
198,519,517,633,571
518,198,201,159,569,571,634
523,452,521,526
523,520,223,522
446,449,223,521,523,667
452,520,521,449,522
450,452,517,451,525
526,452,524,517,277,633
452,525,520,277
531,532,533,576,581,535
575,668,534,763,759
437,435,572,574,516,432
460,439,436,572,578
428,459,527,532,533
438,439,527,531,535,428
730,731,527,531,459,581,193
668,667,669,528
576,580,532,439,460,527
581,576,440,580,193
582,584,381,320,538,539,464
380,381,52,589,539,537
538,52,537,464
746,747,748,47,385
712,325,383,489,648,722
742,741,384,388,587,585
637,638,696,697,595,682,687
385,586,588,52,589
466,312,473,469,736
596,480,597,479,601,600
339,211,484,342,724,262
598,599,552,550,553,600
483,485,484,550
549,484,598,552,548,485,554
645,554,604,603
645,643,550,548,553,554
677,643,552,548,600,601,641
604,485,550,552,645,551
485,216,398,486,483
774,618,647,348,557,609
348,556,491,401,609,610
489,647,646,648,56
614,618,646,774
349,607,493,504,402
625,615,566,616,690,649
622,506,156,505
626,625,624,623,566,565
509,565,499,506,655
509,564,655,563,566,623
563,565,625,655,561,649
514,365,417,411
571,158,633,277
276,273,570,159,519,634
276,569,665,64,634,632
568,158,633,518,519,634
529,574,439,432,436,530
666,516,447,446,444,667
572,529,516,575,579,666,436
574,579,528,668,666,763
535,580,581,536,527
764,756,762,49,440
635,460,756,530,436,579,758
574,575,436,578,763,758
460,635,576,535,440,536
576,536,527,533,193
584,537,379,463,636,320
636,248,584,464
582,537,636,583,464
747,385,742,542,586,587
385,544,588,585,587
542,388,734,0,588,586,585
544,586,587,0,380,589
52,538,544,380,588
393,466,57,592,593
310,765,593,594,308
590,393,593,688,679,771,765
590,57,592,591,594,765
376,308,591,593,57
683,687,639,638,543
546,480,597,395,478,330
546,596,482,330,338,600
211,484,548,599,550
336,338,548,598,211,600
601,546,553,548,597,599,338
546,479,600,641,553
769,768,215,640,770
644,645,215,551
554,485,216,551
609,611,612,619,620
609,610,766,608,607,611
349,560,608,606,402,612,611
606,607,402,492,78,766
606,610,557,556,605,611,620,618
609,606,766,491,557
612,607,606,609,605
349,613,607,611,605,619,654
617,349,612,652,654
559,618,620,621,85
625,561,616,617,651,652
561,615,651,690,650
613,349,627,626,504,652,615,625
774,556,620,609,559,614
621,620,605,612,654,85
609,618,621,619,614,605
619,620,85,614
509,507,562,506,505
624,563,509,508,565
563,623,502,496,508,626
615,561,626,563,566,617
625,563,627,617,624,502
503,504,617,626,502
650,692,642,653,673
658,662,665,276,274,663
656,657,694,693
661,675,663,664
158,634,570,64
517,518,571,568,525,277
569,570,158,632,571,519
580,460,578,764,756,440
463,267,582,347,248,583,584
479,480,543,638,696,672
475,639,543,637,480,595
670,676,638,475,595,681,683
770,682,702,705,602
601,479,672,553,677,768
651,652,654,767,628,650,653
553,677,645,552,644
768,677,645,643,603,215
552,643,644,603,551,554
647,558,774,56,559
490,489,558,646,348,774,556
558,56,489,541,722,717
690,691,566,561,655,694,657
628,692,642,651,616,690
642,652,616,615,650
642,651,613,617,654,615
628,642,85,767
612,619,642,767,652,613,85
565,564,566,499,656,649,657
655,499,630,657
630,656,655,649,694
360,154,662,659,629,274
662,658,151,275,360,660
510,406,659,275,661,662
675,631,660,406,674,663,662
658,659,629,660,661,663
629,665,661,662,631,664
665,64,663,631
276,629,570,64,663,664
573,516,574,575,667,668
534,668,669,522,223,666,573,446
534,667,528,575,666
667,534,223
676,639,476,477,475
681,683,685,678,688,689
769,768,641,479,637,696
691,692,628,48,695
356,500,406,661,675
661,631,674,356
670,639,477,679,688,681
553,643,768,644,641
680,700,671,685,684,689
592,688,393,477,737,676
689,686,700,678,699
688,676,639,683,671
687,701,543,697,770,640,705
687,595,639,681,671,685
687,685,698,701,678,700
671,683,678,687,684
771,688,689,680,310
683,595,682,701,685,684,543
771,686,689,592,679,676,681,671
686,688,680,678,671
691,649,561,616,692,650
695,694,690,649,673,692
650,628,673,691,690
48,695,630,694
695,691,649,657,630,693
694,691,48,693,673
697,769,543,637,672
696,769,543,770,682
700,699,684,701,703,704,702
700,698,680,703,50
680,678,699,698,684
705,702,682,687,684,698
705,701,698,704,640
704,698,699,50
703,698,702,50
701,702,682,640
709,142,165,107,370,141
75,278,106,708,167
75,707,369,368,167,735
706,142,107,192,187,208
83,89,33,228,227
329,715,716,723,721
722,723,541,325,719,716,718
714,329,242,327,392,720
713,329,715,716,720,324
714,716,329,711
714,715,723,712,324,711,718
721,56,648,722,723
324,255,716,712,719
382,323,325,712,718,255
465,259,713,714,392,324
56,717,723,711
712,723,648,717,541
722,712,716,711,717,721
262,212,396,547,342
421,726,365,514,282,288,416
421,725,291,292,288
296,772,457,729,773
730,193,457,732,296
457,453,454,304,727,773
193,728,533,731,457
533,730,457,458,459
457,728,296
734,258,384,326,389,388
733,258,462,377,587,388,0
368,420,414,279,708,75
317,313,312,469,316,545
393,473,477,474,679
739,505,498,501,497,775
738,505,156,405,775
384,387,389,326,256,754
387,384,542,742,744,750,743
542,741,744,746,585,747
752,387,755,750,390,741
742,746,741,750,751
390,750,47,748,751
744,742,747,540,748,751
585,385,746,540,742
746,540,751,47,745
753,752,242,390,755
743,390,741,744,745,751
746,748,745,750,744
743,387,754,755,749,753
749,752,242,327,754
387,752,391,256,740,753,327
743,752,390,749
764,635,577,760,762,578,758
760,763,761,759
763,760,579,578,756
763,528,757
762,756,763,758,757,761
760,762,757,49
760,756,577,49,761
760,758,575,579,528,759,757
635,756,577,440
591,310,593,771,592
610,606,491,78,119,608
642,654,85,653
644,677,672,769,215,641,602
696,697,672,768,770,602
769,697,682,640,602
686,688,592,765,310
296,727,301,773,302
374,304,772,301,729,727
618,556,647,646,559
497,738,500,404,739,405
