615, 729, 726
476, 499, 752
183, 98, 132
592, 611, 909
136, 192, 250
144, 223, 184
464, 470, 96
21, 483, 8
14, 7, 136
153, 182, 423
267, 197, 212
482, 498, 139
289, 622, 349
254, 252, 174
8, 227, 30
98, 181, 174
194, 177, 148
236, 253, 18
17, 254, 257
482, 148, 289
498, 289, 348
184, 7, 137
31, 187, 135
28, 152, 135
380, 29, 220
151, 520, 220
159, 413, 108
524, 643, 641
380, 23, 381
150, 480, 24
14, 193, 137
109, 144, 22
551, 341, 81
310, 189, 42
39, 411, 409
408, 209, 409
182, 671, 110
107, 480, 641
860, 841, 858
34, 111, 410
410, 416, 411
599, 450, 586
33, 284, 43
218, 42, 116
559, 277, 101
598, 606, 602
97, 263, 100
483, 223, 145
537, 539, 269
50, 212, 295
161, 49, 294
255, 196, 358
265, 226, 202
162, 56, 97
290, 63, 226
539, 263, 264
290, 53, 1166
251, 998, 193
226, 958, 60
66, 960, 964
58, 234, 268
1341, 319, 320
141, 1346, 365
1165, 64, 54
954, 777, 63
287, 329, 71
684, 681, 59
321, 92, 274
238, 91, 86
272, 323, 322
270, 234, 302
65, 242, 335
330, 206, 276
340, 113, 342
127, 87, 91
425, 427, 122
114, 157, 113
123, 1349, 1348
815, 429, 816
387, 440, 451
168, 446, 122
32, 342, 345
90, 332, 424
425, 101, 90
299, 170, 328
308, 121, 701
426, 424, 68
427, 426, 74
308, 89, 242
124, 94, 88
83, 280, 82
129, 74, 68
67, 164, 120
125, 332, 286
286, 335, 89
459, 169, 449
6, 181, 467
53, 264, 46
192, 2, 15
750, 1390, 1393
46, 260, 228
206, 44, 83
616, 486, 618
486, 615, 464
909, 762, 903
199, 474, 505
736, 1364, 632
658, 37, 644
521, 667, 26
513, 31, 152
490, 484, 36
282, 154, 39
411, 158, 408
76, 154, 73
123, 76, 276
116, 647, 524
115, 43, 408
302, 680, 167
353, 305, 301
986, 965, 1466
296, 92, 531
85, 233, 700
75, 80, 156
114, 156, 77
428, 241, 89
241, 424, 93
834, 821, 826
239, 247, 74
692, 309, 1003
437, 91, 351
746, 1391, 1403
507, 626, 625
2, 180, 528
895, 620, 488
368, 544, 389
23, 22, 185
180, 4, 8
191, 21, 30
139, 196, 256
360, 138, 11
398, 146, 143
1341, 327, 62
709, 710, 325
537, 713, 140
153, 5, 31
528, 47, 465
316, 539, 140
250, 252, 253
175, 19, 16
216, 481, 349
310, 519, 29
25, 642, 479
220, 109, 23
222, 9, 144
155, 111, 113
154, 443, 433
123, 206, 122
76, 1348, 445
112, 224, 421
512, 26, 491
298, 1091, 213
267, 50, 260
535, 53, 228
943, 215, 294
698, 92, 527
527, 293, 237
1091, 531, 1257
677, 237, 117
427, 247, 80
1349, 95, 447
297, 244, 84
872, 1018, 1016
840, 1033, 1036
1003, 1008, 1001
15, 177, 13
176, 469, 148
177, 470, 175
16, 174, 176
477, 464, 726
348, 496, 474
132, 136, 483
183, 96, 15
512, 36, 9
2, 463, 181
21, 187, 5
382, 135, 186
187, 191, 185
22, 184, 186
1375, 1378, 1376
355, 248, 33
558, 561, 193
137, 561, 186
98, 252, 4
190, 30, 57
256, 254, 16
227, 253, 251
138, 51, 257
259, 10, 361
532, 703, 235
360, 105, 258
314, 229, 532
229, 260, 291
268, 203, 52
202, 272, 269
373, 395, 371
1347, 395, 406
156, 72, 101
339, 334, 336
209, 357, 344
35, 284, 208
338, 389, 364
1346, 275, 374
10, 217, 49
232, 509, 160
493, 1355, 1046
535, 163, 944
624, 499, 149
288, 628, 212
43, 524, 519
630, 629, 949
25, 152, 24
1071, 414, 768
517, 512, 153
5, 423, 47
416, 649, 158
1067, 1070, 942
54, 58, 52
195, 14, 250
100, 294, 162
201, 200, 267
422, 232, 393
872, 536, 1013
213, 1210, 230
121, 242, 244
60, 682, 70
789, 198, 693
696, 312, 17
167, 533, 165
68, 241, 458
787, 127, 788
538, 246, 243
124, 238, 125
71, 233, 88
308, 240, 428
170, 233, 329
821, 819, 788
304, 405, 240
451, 168, 127
545, 311, 189
556, 706, 554
147, 227, 4
195, 796, 57
147, 192, 13
195, 147, 17
194, 18, 13
313, 696, 51
194, 482, 138
18, 196, 696
199, 259, 363
258, 288, 197
100, 201, 161
315, 363, 694
290, 265, 264
266, 46, 55
55, 97, 262
262, 52, 269
316, 291, 263
229, 10, 161
60, 323, 202
203, 48, 265
323, 70, 273
293, 320, 273
1342, 203, 69
270, 271, 319
326, 275, 67
211, 327, 274
114, 340, 72
384, 367, 44
338, 336, 367
334, 337, 335
90, 367, 366
366, 333, 332
344, 342, 111
559, 341, 331
42, 356, 209
543, 540, 554
333, 94, 93
346, 373, 65
505, 217, 259
19, 12, 20
262, 56, 54
266, 532, 201
966, 978, 1085
302, 165, 271
163, 228, 50
49, 506, 773
120, 299, 326
300, 170, 298
299, 160, 297
84, 296, 298
700, 297, 509
700, 118, 309
70, 117, 293
1257, 1262, 376
246, 529, 457
1004, 1003, 118
990, 379, 989
836, 1019, 1027
88, 85, 243
701, 301, 128
150, 354, 33
248, 553, 356
236, 697, 796
255, 359, 697
200, 362, 361
358, 261, 359
703, 266, 146
693, 703, 398
321, 320, 527
61, 322, 273
61, 271, 318
318, 67, 327
319, 568, 69
268, 270, 69
568, 717, 1343
142, 711, 397
296, 347, 274
275, 141, 321
347, 84, 372
65, 372, 244
560, 559, 72
283, 549, 384
93, 82, 281
281, 334, 286
333, 207, 279
279, 71, 94
278, 207, 366
339, 346, 279
368, 210, 278
207, 364, 337
560, 276, 73
283, 560, 32
282, 81, 73
552, 515, 345
282, 409, 208
81, 357, 343
337, 370, 287
374, 326, 328
179, 20, 471
149, 503, 12
723, 582, 578
989, 129, 458
403, 692, 873
422, 118, 509
355, 310, 380
189, 354, 381
284, 311, 377
377, 345, 208
51, 360, 315
315, 792, 313
358, 139, 199
314, 363, 197
789, 694, 314
361, 261, 258
391, 339, 210
397, 1340, 62
336, 281, 280
280, 277, 278
134, 338, 388
806, 546, 801
346, 391, 395
204, 1347, 1346
375, 328, 329
287, 204, 375
375, 211, 347
372, 373, 374
1268, 702, 303
552, 357, 356
516, 521, 413
306, 825, 437
354, 24, 28
557, 355, 28
557, 185, 383
382, 561, 566
331, 388, 277
389, 390, 396
724, 894, 600
815, 452, 79
384, 542, 368
385, 210, 134
546, 407, 385
396, 370, 364
529, 839, 404
1097, 230, 1271
407, 709, 406
204, 370, 205
406, 391, 385
365, 1347, 325
140, 1394, 317
572, 455, 576
577, 581, 586
876, 864, 868
831, 839, 861
352, 529, 538
990, 457, 392
428, 246, 458
394, 205, 396
390, 807, 394
112, 116, 35
35, 344, 34
39, 430, 40
34, 40, 112
418, 661, 416
378, 26, 523
221, 769, 767
654, 933, 932
40, 412, 224
646, 1151, 1150
430, 904, 412
654, 421, 649
518, 767, 771
158, 419, 647
353, 230, 1004
9, 484, 223
125, 86, 82
83, 426, 75
425, 86, 87
75, 87, 168
243, 405, 124
78, 451, 787
410, 433, 418
456, 911, 910
433, 442, 436
432, 430, 155
591, 595, 578
593, 576, 570
432, 906, 904
788, 129, 379
460, 456, 455
911, 612, 906
79, 449, 446
590, 598, 574
443, 910, 432
155, 445, 442
445, 447, 448
444, 443, 157
440, 1349, 80
169, 444, 1348
444, 459, 456
95, 440, 452
607, 41, 608
247, 429, 79
462, 449, 387
824, 838, 594
701, 692, 538
399, 438, 461
438, 431, 448
989, 304, 404
238, 405, 351
461, 448, 95
574, 602, 438
455, 459, 570
452, 721, 570
183, 466, 617
103, 178, 6
484, 485, 145
730, 463, 528
96, 617, 486
618, 730, 1119
621, 622, 175
6, 477, 176
503, 625, 348
494, 1410, 1048
475, 726, 1390
179, 105, 498
623, 504, 473
481, 1, 501
621, 470, 178
744, 1410, 500
510, 151, 1373
642, 29, 37
149, 476, 497
11, 256, 19
180, 7, 47
423, 110, 465
490, 487, 465
103, 467, 102
897, 730, 485
133, 1039, 1130
1122, 1037, 1218
485, 110, 511
526, 671, 159
672, 731, 511
214, 1350, 626
1428, 1404, 472
1240, 1361, 1370
502, 179, 900
507, 503, 481
11, 20, 474
623, 1, 216
478, 1404, 1403
476, 753, 755
736, 505, 496
497, 471, 349
621, 475, 624
105, 502, 288
295, 628, 737
755, 131, 497
643, 648, 644
300, 213, 353
479, 1374, 764
492, 490, 770
159, 182, 222
517, 109, 520
897, 898, 1119
551, 343, 540
378, 764, 768
513, 523, 222
420, 766, 667
641, 150, 218
513, 25, 525
378, 767, 108
526, 665, 669
517, 525, 413
27, 218, 115
520, 764, 523
667, 522, 491
318, 165, 164
132, 145, 466
304, 403, 392
792, 694, 790
166, 120, 1259
291, 198, 200
705, 698, 237
799, 1344, 812
1449, 162, 215
868, 231, 1009
1342, 143, 48
403, 240, 454
146, 55, 48
285, 515, 555
707, 991, 792
547, 388, 543
549, 285, 542
547, 546, 134
562, 248, 565
369, 390, 544
544, 542, 803
567, 801, 814
331, 551, 543
804, 803, 554
549, 32, 515
553, 343, 377
555, 552, 311
550, 285, 249
556, 540, 553
555, 562, 249
381, 382, 565
190, 998, 997
283, 44, 330
330, 340, 341
190, 383, 191
1377, 556, 545
796, 992, 813
1377, 566, 1378
566, 545, 557
565, 383, 564
548, 1093, 806
716, 324, 322
1463, 885, 1460
461, 462, 435
718, 816, 820
582, 574, 399
723, 720, 586
441, 460, 572
579, 593, 879
399, 435, 579
584, 400, 1461
350, 434, 580
576, 575, 591
578, 1462, 720
596, 400, 584
350, 572, 591
720, 1463, 1461
577, -1, 581
721, 815, 718
41, 573, 400
640, 927, 662
613, 605, 604
722, 877, 882
441, 723, 607
434, 582, 579
903, 639, 3
719, 575, 435
453, 887, 877
879, 1379, 434
601, 599, 581
914, 915, 913
441, 605, 45
41, 596, 893
386, -1, 758
894, 596, -1
460, 45, 614
763, 933, 662
608, 659, 588
598, 607, 588
613, 1396, 45
605, 590, 450
609, 604, 450
902, 608, 724
916, 741, 924
760, 912, 3
439, 912, 907
588, 1397, 606
1396, 911, 602
728, 0, 103
733, 728, 102
618, 467, 463
617, 468, 102
1045, -1, 1124
729, 728, 133
469, 477, 504
469, 624, 12
750, 499, 475
216, 622, 504
131, 1350, 471
638, 493, 131
1369, 1372, -1
217, 736, 506
947, 219, 1236
739, 945, 219
1390, 727, 1392
901, 737, 106
636, 1354, 1351
755, 754, 1353
1357, 1352, 1354
-1, 633, 756
738, 901, 1370
626, 1353, 1355
592, 653, 661
919, 923, 587
27, 37, 519
480, 658, 151
27, 645, 508
107, 508, 652
647, 650, 643
648, 651, 417
421, 645, 115
650, 646, 508
224, 653, 419
645, 935, 648
1054, 646, 935
657, 644, 1150
649, 639, 933
415, 935, 419
1145, 931, 660
1059, 663, 1148
652, 663, 1055
642, 107, 1055
604, 725, 745
1146, 655, 1147
412, 760, 639
903, 587, 603
657, 656, 936
666, 1071, 1070
766, 668, 522
664, -1, 769
518, 526, 108
669, 665, -1
670, 522, 668
673, 772, 669
36, 491, 770
492, 772, 1120
899, 670, -1
1163, 1158, 1081
952, 1169, 1171
966, 970, 1401
679, 686, 167
782, 776, 1285
681, 972, 677
117, 682, 681
66, 679, 680
960, 680, 234
957, 960, 958
66, 967, 685
684, 982, 781
677, 965, 705
705, 784, 704
1210, 1095, 1271
712, 800, 812
1286, 988, 986
968, 965, 972
454, 128, 352
317, 797, 235
261, 362, 530
1376, 802, 814
236, 257, 255
991, 312, 313
164, 533, 704
704, 1258, 1259
121, 300, 301
309, 454, 85
1091, 376, 1210
198, 316, 317
687, 699, 698
533, 686, 687
249, 1375, 804
541, 791, 798
806, 808, 807
712, 142, 394
142, 812, 714
714, 717, 325
807, 689, 709
1345, 1395, 143
715, 711, 710
714, 1344, 1343
568, 1341, 1340
324, 1340, 711
585, 571, 824
721, 722, 593
583, 573, 580
585, 719, 462
589, 719, 824
573, 590, 350
893, 386, 609
659, 902, 741
473, 178, 0
729, 895, 631
615, 616, 620
620, 727, 0
468, 466, 487
492, 734, 897
1130, 1038, 1049
1037, 1039, 616
1120, 898, 731
1392, 895, 1129
628, 502, 106
632, 738, 506
637, 945, 737
630, 948, 773
1411, 744, 1041
1133, 610, 725
748, 744, 1391
1413, 1422, 1411
740, 478, 742
1397, 659, 908
130, 751, 750
1124, 1416, 1415
742, 749, 1127
748, 1393, 896
623, 99, 746
1403, 752, 746
1, 751, 1425
1425, 1429, 501
1429, 757, 634
501, 634, 507
757, 1426, 636
1366, 754, 756
600, 1141, 1140
1295, 1220, 1280
611, 661, 907
905, 913, 912
915, 919, 104
1144, 932, 603
516, 525, 510
1374, 937, 768
665, 518, -1
414, 420, 521
765, 221, 516
771, 414, 666
772, 511, 671
-1, 420, 769
770, 670, 672
943, 295, 739
1176, 1072, 1464
948, 949, 1077
678, 1465, -1
64, 956, 958
1081, 976, 955
1083, 1087, 1088
1085, 983, 1192
971, 972, 685
678, 1263, 1286
1267, 1178, 1271
986, 1260, 687
786, 845, 826
785, 825, 832
819, 429, 239
245, 239, 437
790, 362, 235
789, 791, 530
793, 707, 790
541, 359, 530
797, 794, 791
805, 798, 793
994, 995, 1376
251, 312, 563
693, 811, 793
794, 993, 707
534, 810, 811
808, 810, 689
369, 803, 548
1093, 695, 1094
801, 547, 550
706, 814, 550
794, 810, 809
567, 708, 369
712, 407, 708
708, 809, 800
808, 996, 805
805, 799, 800
797, 1394, 799
534, 710, 689
563, 994, 998
804, 695, 548
585, 387, 78
817, 571, 78
819, 822, 816
880, 1383, 1382
245, 817, 787
822, 829, 571
245, 825, 126
817, 834, 820
853, 834, 833
722, 718, 453
821, 379, 786
785, 827, 126
833, 826, 835
848, 838, 854
820, 853, 838
1385, 886, 887
832, 990, 402
831, 857, 786
823, 827, 842
823, 822, 126
841, 844, 827
837, 999, 307
842, 836, 854
828, 453, 829
392, 871, 402
172, 1110, 1106
38, 835, 845
833, 1021, 837
1106, 1020, 1445
1021, 835, 1017
785, 857, 841
1104, 1032, 1272
852, 1105, 1000
1027, 883, 828
1273, 1022, 1276
892, 883, 1025
1028, 1101, 1110
1017, 1104, 847
854, 829, 823
853, 837, 828
867, 871, 1013
1274, 1102, 876
859, 845, 832
38, 859, 863
857, 865, 858
1017, 38, 1032
865, 402, 867
1012, 1275, 876
864, 1102, 858
865, 401, 863
861, 864, 859
1114, 1113, 1109
861, 855, 868
867, 536, 401
1013, 874, 1014
1016, 875, 1009
873, 855, 839
171, 231, 1014
874, 871, 352
1001, 869, 873
-1, 1011, 870
862, 856, 401
594, 878, 589
877, 886, 881
595, 575, 882
881, 818, 1379
882, 878, 880
881, 879, 589
887, 848, 850
1025, 1034, 891
569, 1382, 1389
830, 1383, 878
883, 830, 594
-1, 1029, 1380
1036, 1116, 1216
1387, 1386, 1380
892, 884, 1117
891, 1386, 850
894, 724, 599
893, 601, 386
727, 133, 735
749, 1392, 1128
514, 487, 731
514, 734, 1218
673, 1103, 1120
496, 1350, 1364
637, 632, 1363
609, 1140, 725
662, 592, 104
436, 907, 418
1396, 1051, 761
910, 439, 436
612, 760, 904
916, 914, 745
3, 913, 104
906, 442, 431
431, 614, 439
611, 612, 761
597, 909, 761
908, 597, 1051
1398, 762, 597
917, 908, 610
1398, 916, 1399
920, 1280, 1278
920, 640, 762
918, 919, 922
1300, 1454, 1223
1398, 1224, 920
926, 640, 1278
1222, 610, 1134
1253, 1321, 1322
923, 1217, 1145
1145, 1144, 587
1142, 1284, 931
1290, 1230, 1231
1137, 1306, 1459
1047, 655, 928
763, 934, 415
415, 653, 603
1146, 1054, 932
651, 650, 654
1053, 663, 937
936, 1058, 765
1148, 1152, 1149
1061, 942, 1058
1059, 1061, 1058
1230, 1057, 1234
939, 225, 1071
163, 773, 946
946, 1075, 215
630, 738, 1239
948, 944, 943
629, 1237, 1235
775, 946, 739
1074, 775, 219
1183, 1092, 1191
1369, 1237, 1236
675, 1170, 1079
1164, 1080, 1170
1162, 955, 64
1163, 778, 954
957, 777, 976
956, 959, 683
683, 58, 777
974, 964, 957
59, 682, 683
1089, 1198, 1201
1195, 1194, 1198
1253, 1312, 1229
973, 59, 959
119, 686, 691
292, 676, 971
684, 973, 984
969, 691, 971
1401, 1466, 968
676, 1084, 1400
781, 966, 968
691, 679, 781
1202, 967, 964
976, 977, 959
1174, 1082, 1181
974, 956, 778
1203, 1202, 974
982, 983, 292
1286, 1466, 1465
1201, 1200, 1203
1192, -1, 1193
685, 1196, 978
978, 985, 780
1196, 967, 1197
983, 1194, 1088
784, 119, 690
1087, 1207, -1
690, 1261, 1260
351, 457, 306
306, 404, 831
992, 697, 541
991, 995, 563
798, 1094, 995
997, 813, 795
795, 992, 993
1094, 809, 1093
994, 1378, 558
558, 57, 813
836, 1000, 1101
847, 999, 1021
1002, 874, 173
1001, 1006, 1213
128, 305, 173
422, 1100, 305
1099, -1, 1015
1008, 1015, 1002
1011, -1, 1215
1214, 1006, 173
536, 870, 1012
1116, 1118, 1026
1012, 875, 1007
1011, 862, 1009
231, 855, 869
869, 1213, 872
1006, 1005, 1209
870, 171, -1
860, 852, 844
-1, 171, 1096
307, 1028, 1034
843, 1432, 1444
1000, 842, 844
-1, 849, 1279
1101, 1105, 1112
1116, 1033, -1
850, 1027, 884
1010, 1117, 1216
1025, 848, 307
1036, 1019, 851
888, 1381, 1387
1385, 1387, 1383
1432, 1439, 1440
846, 860, 1102
1445, 1024, 172
1019, 1216, 884
1118, 1380, 1117
1028, 172, 889
733, 1119, 489
-1, 732, 1042
1042, 488, 733
1122, -1, 1042
1127, 1415, 740
1038, 1039, 1040
1446, 1139, -1
1220, 1225, 1217
1125, 1131, 619
1365, 214, 1362
1154, 1056, 931
1431, 472, 1420
1131, 732, -1
1416, 1405, 1413
914, 905, 1397
1290, 1452, 1227
936, 1374, 1373
1153, 651, 934
658, 657, 1373
1147, 1047, 1155
1290, 1068, 941
940, 939, 937
1149, 940, 656
1149, 1064, 1069
940, 1065, 939
1326, 1291, 1454
1067, 1065, 1160
1060, 1066, 1230
1069, 1063, 1061
1152, 1155, 1064
-1, 225, 1063
1233, 1057, 1232
1234, 1065, 1060
225, -1, 664
664, 221, 942
774, 1074, 1235
1076, 1077, 1074
1072, 1073, 949
944, 1077, 1078
1073, 1176, 1169
1075, 775, 1073
1075, 1169, 1079
1078, 952, 1449
953, 1163, 1162
778, 674, 1174
1247, 975, 1158
1207, 779, 1090
1193, -1, 970
780, 1193, 292
1090, 1195, 1089
779, 987, 1192
1195, 779, 985
1092, 1086, 961
1086, 1252, 1083
702, 160, 166
1089, 950, 1208
996, 567, 802
996, 802, 993
1269, 688, 1268
1209, 1018, 1213
1212, 1100, 393
1212, -1, 1099
1214, 1098, 1005
1097, 1214, 1004
851, 999, 1023
1032, 863, 856
899, -1, 1121
852, 846, 1109
1113, 1023, 847
840, 1436, 843
1439, 1115, 1437
1277, 1276, 1433
866, 1104, 1277
851, 1112, 840
1434, 1112, 1113
1111, 1110, 1023
866, 1111, 1105
1115, 866, 1433
1434, 1114, 1107
1024, 1010, 889
1035, 891, 1026
1035, 1010, -1
1037, 468, 514
734, 672, 899
1123, 1218, 1103
1040, 489, 1123
1121, -1, 1122
1126, 619, 747
1126, 1128, 1045
1124, 1127, 1125
1041, 748, 1126
1129, 1125, 896
1132, 1128, 735
732, 1132, 488
1132, 1049, 1045
1131, 1129, 1130
741, 1138, 1134
924, 1133, 1447
1142, 1228, 1157
1138, 1141, 1139
1313, 930, 1143
1133, 1140, 1136
1043, 1447, 1136
1138, 902, 758
758, -1, 1136
1135, 928, 1217
1137, -1, 1311
1146, 763, 927
927, 926, 655
934, 1144, 660
660, 1056, 1153
656, 1150, 938
938, 1060, 1059
1148, 652, 417
1153, 1152, 417
1066, 938, 1151
1054, 1147, 1151
1047, 1156, 1226
1226, 1066, 1056
1154, 1284, 1291
1324, 1135, 1223
1082, 674, 1161
1160, 1234, 1233
-1, 1063, 1159
1164, 1172, 1158
1165, 1080, 954
674, 955, 1080
953, 1171, 1161
1448, 1162, 63
56, 1449, 1448
1317, 1316, 1243
1172, 1171, 1188
1078, 1076, 675
953, 1448, 952
1164, 675, 1168
1177, 1161, 1168
1176, 1185, 1188
1203, 1081, 975
1186, 1189, 1187
1076, 774, 1173
1180, 1172, 1186
-1, 1212, 783
1244, 1242, 1251
1177, 1250, 1247
1246, 975, 1206
1229, 1317, 1321
1199, 1205, 950
1185, 1464, -1
1189, 1173, 1184
1177, 1188, 1175
1190, 1250, 1175
1168, 1173, 1186
1185, 1190, 1175
1187, 1189, -1
1201, 1246, 950
780, 1087, 981
981, 1084, 1085
985, 1196, 962
962, 1086, 1088
1194, 982, 984
1200, 1198, 984
1197, 961, 962
1244, 1249, 1183
1197, 1202, 980
961, 980, 1191
1200, 973, 977
977, 1174, 980
1245, 1451, 1242
1314, 1312, 1183
1247, 1242, 1181
1083, 1241, 987
1312, 1252, 1092
1015, -1, 1096
232, 702, 688
-1, 1266, 1288
1178, 1098, 1097
1014, 1002, 1096
1099, 1008, 1100
1279, 1275, 1007
1026, 1034, 889
926, 1044, 1142
489, 898, 1121
1287, 1222, 1306
1278, 759, 1044
1309, 1299, 1301
1399, 924, 1219
921, 1157, 1323
922, 1399, 1281
1228, 1044, 1299
1231, 1155, 1154
1052, 1453, 1232
1309, 1135, 1225
1316, 1182, 963
929, 941, 1064
1452, 929, 1226
1068, 1227, -1
1068, -1, 1159
1069, 941, 1159
1238, 1072, 947
1239, 951, 629
-1, 947, 951
1464, 1235, -1
1236, 945, 1368
495, 1359, 1358
-1, 1207, 1256
1179, 1206, 1204
1167, 1251, 1283
1199, 1246, 1179
1450, 1204, 1250
1244, 1191, 1181
1206, 1082, 1180
1322, 1318, -1
1314, 1199, 1251
1180, 1187, 1245
1249, 1179, 1243
1255, 1090, 1208
1320, 963, 925
1256, 1315, -1
1252, 1320, 1256
1254, 1241, 1255
303, 166, 1259
1260, 1262, 699
1257, 531, 699
988, 1258, 784
1263, 1265, 988
1265, 303, 1258
1261, 782, 1288
1268, 1265, 1266
1264, 1262, 1261
1211, 1270, 1264
-1, 783, 1269
1264, 1095, 376
1270, 1267, 1095
-1, 1269, 1266
688, 783, 393
846, 1274, 1273
1272, 849, 1277
1275, 1272, 856
862, 1215, 1274
849, -1, 1108
1273, 1108, 1109
1220, 923, 918
-1, 1022, 1215
918, 1281, 759
1224, 1287, 1280
1332, 1337, 1328
1451, -1, 1243
1156, 928, 1324
678, -1, 1288
979, 782, 690
1289, 1281, 1219
1211, 1263, 1285
1295, 1287, 1304
1052, 1057, 929
1156, 1062, 1452
1293, 1299, 1295
1296, 1292, 1304
1334, 1328, 1308
759, 1289, 1292
1301, 1293, 1298
1327, 1311, 1329
1307, 1296, 1310
1221, 1225, 1292
1455, 1457, 921
1221, 1296, 1303
1333, 1331, 1329
1301, 1307, 1334
1289, 1313, 1293
1332, 1334, 1331
1219, 1458, 930
1327, 1303, 1298
1309, 1294, 1323
1228, 1221, 1308
1313, 1311, 1298
1143, 1297, 1310
963, 1208, 1205
1310, 1304, 1137
1205, 1249, 1316
1319, 1254, 1320
1229, 1314, 1167
1167, -1, 1182
1321, -1, 1248
1322, -1, 1315
1315, 1255, 1253
925, 1182, 1318
1248, 1319, 925
1308, 1455, 1223
1157, 1454, 1284
1339, 1456, 1455
1453, 1062, 1457
1331, 1307, 1297
1282, 1339, 1294
-1, 1302, 1297
1336, 1333, 1338
1302, 1305, 1327
1305, 1336, 1282
1330, 1302, 1335
1305, 1294, 1303
1338, 1333, -1
-1, 1332, 1330
1339, 1282, -1
-1, 1330, 1335
1328, 1337, 1325
365, 717, 716
716, 61, 141
1345, 537, 272
715, 1345, 324
534, 1395, 715
713, 1342, 1343
62, 211, 371
371, 205, 397
447, 157, 77
169, 77, 446
625, 493, 900
633, 1367, 1366
1367, 635, 1362
634, 1366, 638
633, 1356, 635
638, 1367, 214
1357, 1354, -1
1358, 635, 1356
1240, 1357, 1371
1240, 1363, 1362
1361, 1369, 1368
1372, 1360, 495
1046, 1352, 1359
1359, 901, 1365
1365, 106, 900
1046, 1363, 1364
1353, 757, 1351
1351, 1352, 1355
1239, 1370, 1360
1360, 627, 951
495, 1368, 637
-1, 1372, 1358
627, 1361, 1371
479, 1055, 1053
1053, 765, 510
706, 1377, 188
188, 795, 695
1375, 562, 564
564, 997, 188
595, 880, 1462
890, 1035, 888
1029, 1388, 1389
1384, 818, 885
1030, 818, 886
1463, 1462, 1382
1030, 830, 1386
1385, 892, 890
890, 1029, 1030
1389, 1381, -1
1381, 1388, 885
631, 99, 473
1393, 742, 130
631, 735, 896
99, 749, 1391
1395, 811, 398
713, 1344, 1394
905, 614, 606
613, 745, 1051
922, 915, 917
917, 1222, 1224
1402, 970, -1
1402, 969, 676
1465, 1401, 1400
751, 130, 500
500, 494, 1425
1412, 1406, 1050
1423, 1422, 1405
1414, 1420, 1419
1421, 1419, 1411
1428, 1431, 1424
1419, 472, 478
740, 743, 1408
1417, 1405, -1
1415, 1050, 743
1407, 1418, -1
1413, 1041, 747
747, -1, 1050
1423, 1412, -1
1421, 1423, 1414
1407, 1410, 1408
1430, 1048, 1407
1408, 1422, 1418
1421, 743, 1406
1406, 1417, 1418
-1, 1426, 1409
752, 1404, 753
1427, 1424, 756
1426, 1429, 1428
494, 1409, 1427
1427, 754, 753
1431, 1420, -1
1430, 1409, 1048
1020, 1031, 1438
1108, 1435, 1114
1115, 1436, 1111
-1, 1443, 1433
1434, 1439, 1106
1443, 1441, 1107
-1, 1432, 1442
1031, 1436, 1107
1442, 1031, 1441
-1, 1440, 1437
1440, -1, 1438
-1, 1437, 1435
1445, 1020, -1
1444, 1033, 843
1043, 1459, 1458
1458, 1134, 1139
1170, 1165, 1166
1166, 535, 1079
1451, 1245, -1
1450, 1283, 1204
1231, 1291, 1052
1227, 1326, -1
1062, 1324, 921
1325, 1300, 1323
1457, 1325, -1
1300, 1456, 1326
1306, 1447, 1446
1446, -1, 930
1461, 569, -1
1460, 577, 583
580, 1379, 1384
1384, 569, 583
1184, 774, 1238
1402, 776, 979
979, 119, 969
