1.000000000000000000e+01, 0.000000000000000000e+00
9.999802608561370931e+00, 6.283143965558951605e-02
9.999210442038160451e+00, 1.256603988335260880e-01
9.998223523808089652e+00, 1.884843971540817453e-01
9.996841892833000287e+00, 2.513009544333748013e-01
9.995065603657316444e+00, 3.141075907812829193e-01
9.992894726405891603e+00, 3.769018266993454103e-01
9.990329346781246400e+00, 4.396811831786490155e-01
9.987369566060174009e+00, 5.024431817976955372e-01
9.984015501089750444e+00, 5.651853448202452945e-01
9.980267284282716034e+00, 6.279051952931337111e-01
9.976125063612252930e+00, 6.906002571440578164e-01
9.971589002606139118e+00, 7.532680552793271644e-01
9.966659280340298466e+00, 8.159061156815755611e-01
9.961336091431725492e+00, 8.785119655074316025e-01
9.955619646030800851e+00, 9.410831331851431392e-01
9.949510169813001070e+00, 1.003617148512149004e+00
9.943007903969988348e+00, 1.066111542752599117e+00
9.936113105200083950e+00, 1.128563848734816855e+00
9.928826045698137648e+00, 1.190971600948697251e+00
9.921147013144778981e+00, 1.253332335643042583e+00
9.913076310695066340e+00, 1.315643590922825013e+00
9.904614256966512542e+00, 1.377902906846380393e+00
9.895761186026510003e+00, 1.440107825522521701e+00
9.886517447379141288e+00, 1.502255891207570748e+00
9.876883405951378592e+00, 1.564344650402308634e+00
9.866859442078681042e+00, 1.626371651948836039e+00
9.856445951489980928e+00, 1.688334447127338711e+00
9.845643345292053539e+00, 1.750230589752760357e+00
9.834452049953297248e+00, 1.812057636271373617e+00
9.822872507286886545e+00, 1.873813145857246010e+00
9.810905174433340648e+00, 1.935494680508602405e+00
9.798550523842468607e+00, 1.997099805144070261e+00
9.785809043254721118e+00, 2.058626087698813389e+00
9.772681235681934808e+00, 2.120071099220546706e+00
9.759167619387474346e+00, 2.181432413965425532e+00
9.745268727865770586e+00, 2.242707609493812093e+00
9.730985109821265411e+00, 2.303894266765905918e+00
9.716317329146740178e+00, 2.364989970237246553e+00
9.701265964901057970e+00, 2.425992307954074167e+00
9.685831611286310761e+00, 2.486898871648548059e+00
9.670014877624350191e+00, 2.547707256833821710e+00
9.653816388332739251e+00, 2.608415062898969516e+00
9.637236782900096443e+00, 2.669019893203755878e+00
9.620276715860859085e+00, 2.729519355173251505e+00
9.602936856769430207e+00, 2.789911060392292974e+00
9.585217890173758803e+00, 2.850192624699761090e+00
9.567120515588305452e+00, 2.910361668282718028e+00
9.548645447466428848e+00, 2.970415815770349077e+00
9.529793415172187920e+00, 3.030352696327739181e+00
9.510565162951534646e+00, 3.090169943749474069e+00
9.490961449902945546e+00, 3.149865196553047753e+00
9.470983049947442112e+00, 3.209436098072095511e+00
9.450630751798048124e+00, 3.268880296549424358e+00
9.429905358928644787e+00, 3.328195445229866323e+00
9.408807689542253883e+00, 3.387379202452913685e+00
9.387338576538740043e+00, 3.446429231745170796e+00
9.365498867481923284e+00, 3.505343201912590079e+00
9.343289424566119550e+00, 3.564118787132507293e+00
9.320711124582109264e+00, 3.622753667045456982e+00
9.297764858882514361e+00, 3.681245526846779192e+00
9.274451533346613985e+00, 3.739592057378003709e+00
9.250772068344581101e+00, 3.797790955218010467e+00
9.226727398701148886e+00, 3.855839922773965256e+00
9.202318473658703368e+00, 3.913736668372024496e+00
9.177546256839811178e+00, 3.971478906347805982e+00
9.152411726209175313e+00, 4.029064357136626029e+00
9.126915874035027798e+00, 4.086490747363490605e+00
9.101059706849955688e+00, 4.143755809932841316e+00
9.074844245411169297e+00, 4.200857284118062474e+00
9.048270524660194880e+00, 4.257792915650727039e+00
9.021339593682029090e+00, 4.314560456809590328e+00
8.994052515663710778e+00, 4.371157666509329687e+00
8.966410367852358121e+00, 4.427582310389015063e+00
8.938414241512637304e+00, 4.483832160900321995e+00
8.910065241883678766e+00, 4.539904997395467490e+00
8.881364488135446322e+00, 4.595798606214878568e+00
8.852313113324552063e+00, 4.651510780774582798e+00
8.822912264349533018e+00, 4.707039321653326169e+00
8.793163101905562939e+00, 4.762382036679390751e+00
8.763066800438636506e+00, 4.817536741017153012e+00
8.732624548099201078e+00, 4.872501257253322393e+00
8.701837546695257330e+00, 4.927273415482915198e+00
8.670707011644900319e+00, 4.981851053394907858e+00
8.639234171928352524e+00, 5.036232016357607755e+00
8.607420270039437327e+00, 5.090414157503713177e+00
8.575266561936523146e+00, 5.144395337815064195e+00
8.542774316992950645e+00, 5.198173426207095105e+00
8.509944817946919926e+00, 5.251746299612955582e+00
8.476779360850832390e+00, 5.305111843067340516e+00
8.443279255020151197e+00, 5.358267949789966345e+00
8.409445822981691521e+00, 5.411212521268757847e+00
8.375280400421416971e+00, 5.463943467342691207e+00
8.340784336131711996e+00, 5.516458706284302238e+00
8.305958991958126703e+00, 5.568756164881879300e+00
8.270805742745618971e+00, 5.620833778521305391e+00
8.235325976284274319e+00, 5.672689491267565387e+00
8.199521093254523052e+00, 5.724321255945908682e+00
8.163392507171840506e+00, 5.775727034222676082e+00
8.126941644330939241e+00, 5.826904796685761667e+00
8.090169943749474513e+00, 5.877852522924731815e+00
8.053078857111218625e+00, 5.928568201610592503e+00
8.015669848708766310e+00, 5.979049830575188018e+00
7.977944395385709875e+00, 6.029295416890247061e+00
7.939903986478352493e+00, 6.079302976946054926e+00
7.901550123756903687e+00, 6.129070536529763302e+00
7.862884321366188978e+00, 6.178596130903343031e+00
7.823908105765880805e+00, 6.227877804881125634e+00
7.784623015670234736e+00, 6.276913612907004669e+00
7.745030601987338059e+00, 6.325701619131244513e+00
7.705132427757892088e+00, 6.374239897486896567e+00
7.664930068093498861e+00, 6.422526531765844204e+00
7.624425110114478876e+00, 6.470559615694442712e+00
7.583619152887218995e+00, 6.518337253008787968e+00
7.542513807361038047e+00, 6.565857557529565014e+00
7.501110696304595926e+00, 6.613118653236518263e+00
7.459411454241821282e+00, 6.660118674342516698e+00
7.417417727387391579e+00, 6.706855765367199851e+00
7.375131173581738864e+00, 6.753328081210244527e+00
7.332553462225599006e+00, 6.799533787224191883e+00
7.289686274214115969e+00, 6.845471059286886373e+00
7.246531301870467345e+00, 6.891138083873484810e+00
7.203090248879069790e+00, 6.936533058128048879e+00
7.159364830218311937e+00, 6.981654189934727306e+00
7.115356772092853888e+00, 7.026499697988492166e+00
7.071067811865475505e+00, 7.071067811865474617e+00
7.026499697988492166e+00, 7.115356772092853888e+00
6.981654189934727306e+00, 7.159364830218311049e+00
6.936533058128050655e+00, 7.203090248879069790e+00
6.891138083873484810e+00, 7.246531301870465569e+00
6.845471059286887261e+00, 7.289686274214115969e+00
6.799533787224191883e+00, 7.332553462225599006e+00
6.753328081210244527e+00, 7.375131173581738864e+00
6.706855765367199851e+00, 7.417417727387391579e+00
6.660118674342516698e+00, 7.459411454241821282e+00
6.613118653236518263e+00, 7.501110696304595926e+00
6.565857557529565014e+00, 7.542513807361038047e+00
6.518337253008787968e+00, 7.583619152887218995e+00
6.470559615694443600e+00, 7.624425110114478876e+00
6.422526531765844204e+00, 7.664930068093498861e+00
6.374239897486896567e+00, 7.705132427757892088e+00
6.325701619131244513e+00, 7.745030601987338059e+00
6.276913612907004669e+00, 7.784623015670234736e+00
6.227877804881125634e+00, 7.823908105765880805e+00
6.178596130903343031e+00, 7.862884321366188978e+00
6.129070536529765967e+00, 7.901550123756902799e+00
6.079302976946054926e+00, 7.939903986478351605e+00
6.029295416890247949e+00, 7.977944395385708987e+00
5.979049830575188906e+00, 8.015669848708764533e+00
5.928568201610593391e+00, 8.053078857111218625e+00
5.877852522924732703e+00, 8.090169943749472736e+00
5.826904796685761667e+00, 8.126941644330937464e+00
5.775727034222676082e+00, 8.163392507171838730e+00
5.724321255945909570e+00, 8.199521093254523052e+00
5.672689491267566275e+00, 8.235325976284272542e+00
5.620833778521305391e+00, 8.270805742745618971e+00
5.568756164881881077e+00, 8.305958991958124926e+00
5.516458706284303126e+00, 8.340784336131711996e+00
5.463943467342691207e+00, 8.375280400421416971e+00
5.411212521268758735e+00, 8.409445822981689744e+00
5.358267949789966345e+00, 8.443279255020151197e+00
5.305111843067341404e+00, 8.476779360850830614e+00
5.251746299612958246e+00, 8.509944817946916373e+00
5.198173426207095105e+00, 8.542774316992950645e+00
5.144395337815064195e+00, 8.575266561936523146e+00
5.090414157503713177e+00, 8.607420270039437327e+00
5.036232016357608643e+00, 8.639234171928352524e+00
4.981851053394908746e+00, 8.670707011644900319e+00
4.927273415482915198e+00, 8.701837546695257330e+00
4.872501257253322393e+00, 8.732624548099201078e+00
4.817536741017152124e+00, 8.763066800438636506e+00
4.762382036679390751e+00, 8.793163101905562939e+00
4.707039321653326169e+00, 8.822912264349533018e+00
4.651510780774582798e+00, 8.852313113324552063e+00
4.595798606214877680e+00, 8.881364488135446322e+00
4.539904997395468378e+00, 8.910065241883678766e+00
4.483832160900324659e+00, 8.938414241512637304e+00
4.427582310389016840e+00, 8.966410367852358121e+00
4.371157666509329687e+00, 8.994052515663709002e+00
4.314560456809590328e+00, 9.021339593682029090e+00
4.257792915650727039e+00, 9.048270524660196656e+00
4.200857284118064250e+00, 9.074844245411169297e+00
4.143755809932842205e+00, 9.101059706849955688e+00
4.086490747363490605e+00, 9.126915874035027798e+00
4.029064357136626029e+00, 9.152411726209175313e+00
3.971478906347805538e+00, 9.177546256839811178e+00
3.913736668372025385e+00, 9.202318473658703368e+00
3.855839922773966144e+00, 9.226727398701147109e+00
3.797790955218011355e+00, 9.250772068344581101e+00
3.739592057378003709e+00, 9.274451533346613985e+00
3.681245526846780969e+00, 9.297764858882512584e+00
3.622753667045457426e+00, 9.320711124582109264e+00
3.564118787132507293e+00, 9.343289424566119550e+00
3.505343201912589635e+00, 9.365498867481923284e+00
3.446429231745169908e+00, 9.387338576538740043e+00
3.387379202452915017e+00, 9.408807689542253883e+00
3.328195445229866767e+00, 9.429905358928644787e+00
3.268880296549424358e+00, 9.450630751798048124e+00
3.209436098072094179e+00, 9.470983049947443888e+00
3.149865196553046864e+00, 9.490961449902945546e+00
3.090169943749474513e+00, 9.510565162951534646e+00
3.030352696327739181e+00, 9.529793415172187920e+00
2.970415815770348633e+00, 9.548645447466428848e+00
2.910361668282717140e+00, 9.567120515588305452e+00
2.850192624699761534e+00, 9.585217890173758803e+00
2.789911060392292974e+00, 9.602936856769430207e+00
2.729519355173251505e+00, 9.620276715860859085e+00
2.669019893203754545e+00, 9.637236782900096443e+00
2.608415062898967740e+00, 9.653816388332739251e+00
2.547707256833821710e+00, 9.670014877624350191e+00
2.486898871648549836e+00, 9.685831611286310761e+00
2.425992307954075500e+00, 9.701265964901057970e+00
2.364989970237247441e+00, 9.716317329146740178e+00
2.303894266765905918e+00, 9.730985109821265411e+00
2.242707609493811205e+00, 9.745268727865770586e+00
2.181432413965426864e+00, 9.759167619387472570e+00
2.120071099220547151e+00, 9.772681235681934808e+00
2.058626087698813389e+00, 9.785809043254721118e+00
1.997099805144070039e+00, 9.798550523842468607e+00
1.935494680508603960e+00, 9.810905174433340648e+00
1.873813145857247120e+00, 9.822872507286886545e+00
1.812057636271373839e+00, 9.834452049953297248e+00
1.750230589752760357e+00, 9.845643345292053539e+00
1.688334447127338045e+00, 9.856445951489980928e+00
1.626371651948836927e+00, 9.866859442078681042e+00
1.564344650402309300e+00, 9.876883405951378592e+00
1.502255891207570748e+00, 9.886517447379141288e+00
1.440107825522521035e+00, 9.895761186026510003e+00
1.377902906846379727e+00, 9.904614256966512542e+00
1.315643590922825679e+00, 9.913076310695066340e+00
1.253332335643042583e+00, 9.921147013144778981e+00
1.190971600948696807e+00, 9.928826045698137648e+00
1.128563848734815744e+00, 9.936113105200083950e+00
1.066111542752599783e+00, 9.943007903969988348e+00
1.003617148512149004e+00, 9.949510169813001070e+00
9.410831331851428061e-01, 9.955619646030800851e+00
8.785119655074308254e-01, 9.961336091431725492e+00
8.159061156815740068e-01, 9.966659280340298466e+00
7.532680552793274975e-01, 9.971589002606139118e+00
6.906002571440577054e-01, 9.976125063612252930e+00
6.279051952931351543e-01, 9.980267284282716034e+00
5.651853448202461827e-01, 9.984015501089750444e+00
5.024431817976959813e-01, 9.987369566060174009e+00
4.396811831786489599e-01, 9.990329346781246400e+00
3.769018266993470201e-01, 9.992894726405891603e+00
3.141075907812839740e-01, 9.995065603657316444e+00
2.513009544333753009e-01, 9.996841892833000287e+00
1.884843971540817453e-01, 9.998223523808089652e+00
1.256603988335277533e-01, 9.999210442038160451e+00
6.283143965559065403e-02, 9.999802608561370931e+00
6.123233995736766282e-16, 1.000000000000000000e+01
-6.283143965558941890e-02, 9.999802608561370931e+00
-1.256603988335265321e-01, 9.999210442038160451e+00
-1.884843971540804963e-01, 9.998223523808089652e+00
-2.513009544333740797e-01, 9.996841892833000287e+00
-3.141075907812828083e-01, 9.995065603657316444e+00
-3.769018266993457433e-01, 9.992894726405891603e+00
-4.396811831786476832e-01, 9.990329346781246400e+00
-5.024431817976947601e-01, 9.987369566060174009e+00
-5.651853448202449615e-01, 9.984015501089750444e+00
-6.279051952931340441e-01, 9.980267284282716034e+00
-6.906002571440588156e-01, 9.976125063612252930e+00
-7.532680552793263873e-01, 9.971589002606139118e+00
-8.159061156815751170e-01, 9.966659280340298466e+00
-8.785119655074319356e-01, 9.961336091431725492e+00
-9.410831331851439163e-01, 9.955619646030800851e+00
-1.003617148512150115e+00, 9.949510169813001070e+00
-1.066111542752598673e+00, 9.943007903969988348e+00
-1.128563848734816855e+00, 9.936113105200083950e+00
-1.190971600948697917e+00, 9.928826045698137648e+00
-1.253332335643043693e+00, 9.921147013144777205e+00
-1.315643590922824568e+00, 9.913076310695066340e+00
-1.377902906846380837e+00, 9.904614256966512542e+00
-1.440107825522522145e+00, 9.895761186026510003e+00
-1.502255891207571636e+00, 9.886517447379139512e+00
-1.564344650402310410e+00, 9.876883405951376815e+00
-1.626371651948835817e+00, 9.866859442078681042e+00
-1.688334447127339377e+00, 9.856445951489980928e+00
-1.750230589752761468e+00, 9.845643345292053539e+00
-1.812057636271374950e+00, 9.834452049953295472e+00
-1.873813145857248230e+00, 9.822872507286886545e+00
-1.935494680508602849e+00, 9.810905174433340648e+00
-1.997099805144071150e+00, 9.798550523842468607e+00
-2.058626087698814722e+00, 9.785809043254721118e+00
-2.120071099220548039e+00, 9.772681235681933032e+00
-2.181432413965425532e+00, 9.759167619387474346e+00
-2.242707609493812537e+00, 9.745268727865770586e+00
-2.303894266765907251e+00, 9.730985109821265411e+00
-2.364989970237248773e+00, 9.716317329146738402e+00
-2.425992307954072391e+00, 9.701265964901059746e+00
-2.486898871648546283e+00, 9.685831611286312537e+00
-2.547707256833820377e+00, 9.670014877624350191e+00
-2.608415062898966852e+00, 9.653816388332739251e+00
-2.669019893203753213e+00, 9.637236782900098220e+00
-2.729519355173250617e+00, 9.620276715860859085e+00
-2.789911060392291642e+00, 9.602936856769430207e+00
-2.850192624699760646e+00, 9.585217890173758803e+00
-2.910361668282716252e+00, 9.567120515588305452e+00
-2.970415815770347301e+00, 9.548645447466430625e+00
-3.030352696327738293e+00, 9.529793415172187920e+00
-3.090169943749473624e+00, 9.510565162951536422e+00
-3.149865196553045532e+00, 9.490961449902947322e+00
-3.209436098072093291e+00, 9.470983049947443888e+00
-3.268880296549423470e+00, 9.450630751798049900e+00
-3.328195445229865435e+00, 9.429905358928644787e+00
-3.387379202452913685e+00, 9.408807689542253883e+00
-3.446429231745169020e+00, 9.387338576538741819e+00
-3.505343201912588746e+00, 9.365498867481923284e+00
-3.564118787132506405e+00, 9.343289424566121326e+00
-3.622753667045456538e+00, 9.320711124582109264e+00
-3.681245526846779637e+00, 9.297764858882512584e+00
-3.739592057378002821e+00, 9.274451533346613985e+00
-3.797790955218010023e+00, 9.250772068344581101e+00
-3.855839922773964812e+00, 9.226727398701148886e+00
-3.913736668372024496e+00, 9.202318473658703368e+00
-3.971478906347804649e+00, 9.177546256839812955e+00
-4.029064357136626029e+00, 9.152411726209177090e+00
-4.086490747363489717e+00, 9.126915874035027798e+00
-4.143755809932841316e+00, 9.101059706849955688e+00
-4.200857284118063362e+00, 9.074844245411169297e+00
-4.257792915650727927e+00, 9.048270524660194880e+00
-4.314560456809591216e+00, 9.021339593682027314e+00
-4.371157666509327022e+00, 8.994052515663710778e+00
-4.427582310389014175e+00, 8.966410367852359897e+00
-4.483832160900321107e+00, 8.938414241512637304e+00
-4.539904997395467490e+00, 8.910065241883678766e+00
-4.595798606214878568e+00, 8.881364488135446322e+00
-4.651510780774583687e+00, 8.852313113324552063e+00
-4.707039321653326169e+00, 8.822912264349533018e+00
-4.762382036679392527e+00, 8.793163101905562939e+00
-4.817536741017153901e+00, 8.763066800438634729e+00
-4.872501257253325058e+00, 8.732624548099201078e+00
-4.927273415482914309e+00, 8.701837546695257330e+00
-4.981851053394906970e+00, 8.670707011644902096e+00
-5.036232016357607755e+00, 8.639234171928354300e+00
-5.090414157503713177e+00, 8.607420270039437327e+00
-5.144395337815064195e+00, 8.575266561936523146e+00
-5.198173426207095105e+00, 8.542774316992950645e+00
-5.251746299612958246e+00, 8.509944817946916373e+00
-5.305111843067341404e+00, 8.476779360850830614e+00
-5.358267949789967233e+00, 8.443279255020149421e+00
-5.411212521268756959e+00, 8.409445822981691521e+00
-5.463943467342690319e+00, 8.375280400421416971e+00
-5.516458706284302238e+00, 8.340784336131711996e+00
-5.568756164881879300e+00, 8.305958991958126703e+00
-5.620833778521305391e+00, 8.270805742745618971e+00
-5.672689491267566275e+00, 8.235325976284272542e+00
-5.724321255945909570e+00, 8.199521093254523052e+00
-5.775727034222677858e+00, 8.163392507171838730e+00
-5.826904796685762555e+00, 8.126941644330937464e+00
-5.877852522924730039e+00, 8.090169943749474513e+00
-5.928568201610592503e+00, 8.053078857111220401e+00
-5.979049830575185354e+00, 8.015669848708768086e+00
-6.029295416890243509e+00, 7.977944395385712539e+00
-6.079302976946050485e+00, 7.939903986478356046e+00
-6.129070536529762414e+00, 7.901550123756905464e+00
-6.178596130903341255e+00, 7.862884321366189866e+00
-6.227877804881122970e+00, 7.823908105765882581e+00
-6.276913612907003781e+00, 7.784623015670235624e+00
-6.325701619131244513e+00, 7.745030601987339836e+00
-6.374239897486896567e+00, 7.705132427757892088e+00
-6.422526531765844204e+00, 7.664930068093498861e+00
-6.470559615694440048e+00, 7.624425110114481541e+00
-6.518337253008784415e+00, 7.583619152887219883e+00
-6.565857557529561461e+00, 7.542513807361039824e+00
-6.613118653236517375e+00, 7.501110696304596814e+00
-6.660118674342514922e+00, 7.459411454241822170e+00
-6.706855765367198963e+00, 7.417417727387393356e+00
-6.753328081210243639e+00, 7.375131173581738864e+00
-6.799533787224191883e+00, 7.332553462225599006e+00
-6.845471059286887261e+00, 7.289686274214115969e+00
-6.891138083873482145e+00, 7.246531301870469122e+00
-6.936533058128047102e+00, 7.203090248879071567e+00
-6.981654189934724641e+00, 7.159364830218313713e+00
-7.026499697988491278e+00, 7.115356772092855664e+00
-7.071067811865474617e+00, 7.071067811865475505e+00
-7.115356772092853888e+00, 7.026499697988492166e+00
-7.159364830218311937e+00, 6.981654189934727306e+00
-7.203090248879069790e+00, 6.936533058128048879e+00
-7.246531301870467345e+00, 6.891138083873483922e+00
-7.289686274214113304e+00, 6.845471059286888149e+00
-7.332553462225599006e+00, 6.799533787224193659e+00
-7.375131173581737087e+00, 6.753328081210245415e+00
-7.417417727387391579e+00, 6.706855765367201627e+00
-7.459411454241821282e+00, 6.660118674342516698e+00
-7.501110696304595926e+00, 6.613118653236518263e+00
-7.542513807361038936e+00, 6.565857557529564126e+00
-7.583619152887219883e+00, 6.518337253008787080e+00
-7.624425110114479764e+00, 6.470559615694442712e+00
-7.664930068093497084e+00, 6.422526531765845093e+00
-7.705132427757891200e+00, 6.374239897486898343e+00
-7.745030601987337171e+00, 6.325701619131245401e+00
-7.784623015670232959e+00, 6.276913612907005557e+00
-7.823908105765880805e+00, 6.227877804881125634e+00
-7.862884321366188978e+00, 6.178596130903343031e+00
-7.901550123756903687e+00, 6.129070536529763302e+00
-7.939903986478354270e+00, 6.079302976946053150e+00
-7.977944395385710763e+00, 6.029295416890246173e+00
-8.015669848708768086e+00, 5.979049830575187130e+00
-8.053078857111218625e+00, 5.928568201610593391e+00
-8.090169943749472736e+00, 5.877852522924732703e+00
-8.126941644330939241e+00, 5.826904796685761667e+00
-8.163392507171840506e+00, 5.775727034222676082e+00
-8.199521093254523052e+00, 5.724321255945907794e+00
-8.235325976284276095e+00, 5.672689491267563611e+00
-8.270805742745618971e+00, 5.620833778521304502e+00
-8.305958991958128479e+00, 5.568756164881878412e+00
-8.340784336131713772e+00, 5.516458706284299573e+00
-8.375280400421416971e+00, 5.463943467342691207e+00
-8.409445822981689744e+00, 5.411212521268758735e+00
-8.443279255020151197e+00, 5.358267949789966345e+00
-8.476779360850832390e+00, 5.305111843067340516e+00
-8.509944817946919926e+00, 5.251746299612955582e+00
-8.542774316992952421e+00, 5.198173426207093328e+00
-8.575266561936523146e+00, 5.144395337815063307e+00
-8.607420270039437327e+00, 5.090414157503710513e+00
-8.639234171928354300e+00, 5.036232016357605978e+00
-8.670707011644900319e+00, 4.981851053394908746e+00
-8.701837546695257330e+00, 4.927273415482915198e+00
-8.732624548099199302e+00, 4.872501257253326834e+00
-8.763066800438634729e+00, 4.817536741017155677e+00
-8.793163101905561163e+00, 4.762382036679394304e+00
-8.822912264349531242e+00, 4.707039321653327946e+00
-8.852313113324552063e+00, 4.651510780774585463e+00
-8.881364488135444546e+00, 4.595798606214879456e+00
-8.910065241883678766e+00, 4.539904997395468378e+00
-8.938414241512637304e+00, 4.483832160900322883e+00
-8.966410367852358121e+00, 4.427582310389015063e+00
-8.994052515663710778e+00, 4.371157666509327910e+00
-9.021339593682027314e+00, 4.314560456809592992e+00
-9.048270524660193104e+00, 4.257792915650728816e+00
-9.074844245411169297e+00, 4.200857284118065138e+00
-9.101059706849955688e+00, 4.143755809932843093e+00
-9.126915874035027798e+00, 4.086490747363491494e+00
-9.152411726209175313e+00, 4.029064357136626917e+00
-9.177546256839811178e+00, 3.971478906347805982e+00
-9.202318473658703368e+00, 3.913736668372023608e+00
-9.226727398701148886e+00, 3.855839922773964812e+00
-9.250772068344579324e+00, 3.797790955218014020e+00
-9.274451533346612209e+00, 3.739592057378006817e+00
-9.297764858882512584e+00, 3.681245526846781413e+00
-9.320711124582109264e+00, 3.622753667045457870e+00
-9.343289424566119550e+00, 3.564118787132507293e+00
-9.365498867481923284e+00, 3.505343201912590079e+00
-9.387338576538740043e+00, 3.446429231745170796e+00
-9.408807689542253883e+00, 3.387379202452913241e+00
-9.429905358928644787e+00, 3.328195445229864990e+00
-9.450630751798046347e+00, 3.268880296549427467e+00
-9.470983049947442112e+00, 3.209436098072097288e+00
-9.490961449902945546e+00, 3.149865196553049529e+00
-9.510565162951534646e+00, 3.090169943749474957e+00
-9.529793415172187920e+00, 3.030352696327740070e+00
-9.548645447466428848e+00, 2.970415815770349077e+00
-9.567120515588305452e+00, 2.910361668282717584e+00
-9.585217890173758803e+00, 2.850192624699760202e+00
-9.602936856769430207e+00, 2.789911060392291198e+00
-9.620276715860859085e+00, 2.729519355173249728e+00
-9.637236782900096443e+00, 2.669019893203757210e+00
-9.653816388332739251e+00, 2.608415062898970405e+00
-9.670014877624350191e+00, 2.547707256833822154e+00
-9.685831611286310761e+00, 2.486898871648548059e+00
-9.701265964901057970e+00, 2.425992307954073723e+00
-9.716317329146740178e+00, 2.364989970237246109e+00
-9.730985109821265411e+00, 2.303894266765904586e+00
-9.745268727865772362e+00, 2.242707609493809873e+00
-9.759167619387474346e+00, 2.181432413965423311e+00
-9.772681235681934808e+00, 2.120071099220547595e+00
-9.785809043254721118e+00, 2.058626087698814278e+00
-9.798550523842468607e+00, 1.997099805144070483e+00
-9.810905174433340648e+00, 1.935494680508602405e+00
-9.822872507286886545e+00, 1.873813145857245566e+00
-9.834452049953297248e+00, 1.812057636271372285e+00
-9.845643345292053539e+00, 1.750230589752758803e+00
-9.856445951489980928e+00, 1.688334447127336491e+00
-9.866859442078681042e+00, 1.626371651948833374e+00
-9.876883405951376815e+00, 1.564344650402309744e+00
-9.886517447379139512e+00, 1.502255891207571192e+00
-9.895761186026510003e+00, 1.440107825522521701e+00
-9.904614256966512542e+00, 1.377902906846380171e+00
-9.913076310695066340e+00, 1.315643590922823902e+00
-9.921147013144777205e+00, 1.253332335643045248e+00
-9.928826045698135871e+00, 1.190971600948699916e+00
-9.936113105200083950e+00, 1.128563848734818631e+00
-9.943007903969988348e+00, 1.066111542752600450e+00
-9.949510169813001070e+00, 1.003617148512149893e+00
-9.955619646030800851e+00, 9.410831331851434722e-01
-9.961336091431725492e+00, 8.785119655074314915e-01
-9.966659280340298466e+00, 8.159061156815792248e-01
-9.971589002606139118e+00, 7.532680552793303841e-01
-9.976125063612252930e+00, 6.906002571440605919e-01
-9.980267284282716034e+00, 6.279051952931358205e-01
-9.984015501089750444e+00, 5.651853448202468488e-01
-9.987369566060174009e+00, 5.024431817976966475e-01
-9.990329346781246400e+00, 4.396811831786495706e-01
-9.992894726405891603e+00, 3.769018266993454103e-01
-9.995065603657316444e+00, 3.141075907812824197e-01
-9.996841892833000287e+00, 2.513009544333781320e-01
-9.998223523808089652e+00, 1.884843971540845486e-01
-9.999210442038160451e+00, 1.256603988335283639e-01
-9.999802608561370931e+00, 6.283143965559126465e-02
-1.000000000000000000e+01, 1.224646799147353256e-15
-9.999802608561370931e+00, -6.283143965558882216e-02
-9.999210442038160451e+00, -1.256603988335258937e-01
-9.998223523808089652e+00, -1.884843971540821339e-01
-9.996841892833000287e+00, -2.513009544333756895e-01
-9.995065603657316444e+00, -3.141075907812799217e-01
-9.992894726405891603e+00, -3.769018266993429123e-01
-9.990329346781246400e+00, -4.396811831786470726e-01
-9.987369566060174009e+00, -5.024431817976940939e-01
-9.984015501089750444e+00, -5.651853448202444063e-01
-9.980267284282716034e+00, -6.279051952931333780e-01
-9.976125063612252930e+00, -6.906002571440581494e-01
-9.971589002606139118e+00, -7.532680552793279416e-01
-9.966659280340298466e+00, -8.159061156815766713e-01
-9.961336091431725492e+00, -8.785119655074290490e-01
-9.955619646030800851e+00, -9.410831331851410297e-01
-9.949510169813001070e+00, -1.003617148512147228e+00
-9.943007903969988348e+00, -1.066111542752598007e+00
-9.936113105200083950e+00, -1.128563848734816188e+00
-9.928826045698137648e+00, -1.190971600948697251e+00
-9.921147013144778981e+00, -1.253332335643043027e+00
-9.913076310695066340e+00, -1.315643590922826123e+00
-9.904614256966512542e+00, -1.377902906846382169e+00
-9.895761186026510003e+00, -1.440107825522523921e+00
-9.886517447379141288e+00, -1.502255891207568972e+00
-9.876883405951378592e+00, -1.564344650402307524e+00
-9.866859442078681042e+00, -1.626371651948835151e+00
-9.856445951489980928e+00, -1.688334447127338711e+00
-9.845643345292053539e+00, -1.750230589752761023e+00
-9.834452049953295472e+00, -1.812057636271374506e+00
-9.822872507286886545e+00, -1.873813145857247786e+00
-9.810905174433340648e+00, -1.935494680508604626e+00
-9.798550523842468607e+00, -1.997099805144072704e+00
-9.785809043254721118e+00, -2.058626087698812057e+00
-9.772681235681934808e+00, -2.120071099220545818e+00
-9.759167619387474346e+00, -2.181432413965425088e+00
-9.745268727865770586e+00, -2.242707609493812093e+00
-9.730985109821265411e+00, -2.303894266765906362e+00
-9.716317329146738402e+00, -2.364989970237248329e+00
-9.701265964901057970e+00, -2.425992307954075944e+00
-9.685831611286310761e+00, -2.486898871648550280e+00
-9.670014877624350191e+00, -2.547707256833824374e+00
-9.653816388332739251e+00, -2.608415062898968184e+00
-9.637236782900096443e+00, -2.669019893203754989e+00
-9.620276715860859085e+00, -2.729519355173252393e+00
-9.602936856769430207e+00, -2.789911060392293418e+00
-9.585217890173758803e+00, -2.850192624699761978e+00
-9.567120515588303675e+00, -2.910361668282719805e+00
-9.548645447466428848e+00, -2.970415815770351298e+00
-9.529793415172187920e+00, -3.030352696327742290e+00
-9.510565162951534646e+00, -3.090169943749477177e+00
-9.490961449902945546e+00, -3.149865196553051749e+00
-9.470983049947443888e+00, -3.209436098072094623e+00
-9.450630751798048124e+00, -3.268880296549425246e+00
-9.429905358928644787e+00, -3.328195445229867211e+00
-9.408807689542253883e+00, -3.387379202452915461e+00
-9.387338576538740043e+00, -3.446429231745172128e+00
-9.365498867481923284e+00, -3.505343201912592299e+00
-9.343289424566119550e+00, -3.564118787132509958e+00
-9.320711124582107487e+00, -3.622753667045460091e+00
-9.297764858882512584e+00, -3.681245526846783633e+00
-9.274451533346612209e+00, -3.739592057378004597e+00
-9.250772068344581101e+00, -3.797790955218011799e+00
-9.226727398701147109e+00, -3.855839922773966588e+00
-9.202318473658703368e+00, -3.913736668372025829e+00
-9.177546256839811178e+00, -3.971478906347808646e+00
-9.152411726209173537e+00, -4.029064357136629582e+00
-9.126915874035026022e+00, -4.086490747363493270e+00
-9.101059706849955688e+00, -4.143755809932844869e+00
-9.074844245411167520e+00, -4.200857284118066026e+00
-9.048270524660194880e+00, -4.257792915650727039e+00
-9.021339593682027314e+00, -4.314560456809591216e+00
-8.994052515663709002e+00, -4.371157666509330575e+00
-8.966410367852358121e+00, -4.427582310389016840e+00
-8.938414241512637304e+00, -4.483832160900325547e+00
-8.910065241883676990e+00, -4.539904997395471042e+00
-8.881364488135442770e+00, -4.595798606214882120e+00
-8.852313113324555616e+00, -4.651510780774579246e+00
-8.822912264349534794e+00, -4.707039321653321728e+00
-8.793163101905564716e+00, -4.762382036679388086e+00
-8.763066800438636506e+00, -4.817536741017150348e+00
-8.732624548099202855e+00, -4.872501257253320617e+00
-8.701837546695257330e+00, -4.927273415482914309e+00
-8.670707011644902096e+00, -4.981851053394906970e+00
-8.639234171928356076e+00, -5.036232016357603314e+00
-8.607420270039439103e+00, -5.090414157503708736e+00
-8.575266561936524923e+00, -5.144395337815060643e+00
-8.542774316992954198e+00, -5.198173426207091552e+00
-8.509944817946919926e+00, -5.251746299612953806e+00
-8.476779360850834166e+00, -5.305111843067338739e+00
-8.443279255020151197e+00, -5.358267949789964568e+00
-8.409445822981691521e+00, -5.411212521268756959e+00
-8.375280400421416971e+00, -5.463943467342690319e+00
-8.340784336131715548e+00, -5.516458706284298685e+00
-8.305958991958128479e+00, -5.568756164881875748e+00
-8.270805742745620748e+00, -5.620833778521302726e+00
-8.235325976284276095e+00, -5.672689491267561834e+00
-8.199521093254524828e+00, -5.724321255945906906e+00
-8.163392507171840506e+00, -5.775727034222674305e+00
-8.126941644330941017e+00, -5.826904796685759003e+00
-8.090169943749474513e+00, -5.877852522924730039e+00
-8.053078857111220401e+00, -5.928568201610592503e+00
-8.015669848708768086e+00, -5.979049830575185354e+00
-7.977944395385712539e+00, -6.029295416890243509e+00
-7.939903986478356046e+00, -6.079302976946050485e+00
-7.901550123756905464e+00, -6.129070536529762414e+00
-7.862884321366189866e+00, -6.178596130903341255e+00
-7.823908105765882581e+00, -6.227877804881122970e+00
-7.784623015670235624e+00, -6.276913612907003781e+00
-7.745030601987339836e+00, -6.325701619131244513e+00
-7.705132427757892088e+00, -6.374239897486896567e+00
-7.664930068093498861e+00, -6.422526531765844204e+00
-7.624425110114481541e+00, -6.470559615694440048e+00
-7.583619152887219883e+00, -6.518337253008784415e+00
-7.542513807361039824e+00, -6.565857557529561461e+00
-7.501110696304596814e+00, -6.613118653236517375e+00
-7.459411454241822170e+00, -6.660118674342514922e+00
-7.417417727387393356e+00, -6.706855765367198963e+00
-7.375131173581738864e+00, -6.753328081210243639e+00
-7.332553462225599006e+00, -6.799533787224191883e+00
-7.289686274214115969e+00, -6.845471059286887261e+00
-7.246531301870469122e+00, -6.891138083873482145e+00
-7.203090248879071567e+00, -6.936533058128047102e+00
-7.159364830218313713e+00, -6.981654189934724641e+00
-7.115356772092855664e+00, -7.026499697988491278e+00
-7.071067811865477282e+00, -7.071067811865474617e+00
-7.026499697988493054e+00, -7.115356772092853888e+00
-6.981654189934727306e+00, -7.159364830218311049e+00
-6.936533058128050655e+00, -7.203090248879069790e+00
-6.891138083873484810e+00, -7.246531301870467345e+00
-6.845471059286889925e+00, -7.289686274214113304e+00
-6.799533787224194548e+00, -7.332553462225598118e+00
-6.753328081210245415e+00, -7.375131173581737087e+00
-6.706855765367202515e+00, -7.417417727387390691e+00
-6.660118674342517586e+00, -7.459411454241820394e+00
-6.613118653236519151e+00, -7.501110696304595038e+00
-6.565857557529565014e+00, -7.542513807361038047e+00
-6.518337253008791521e+00, -7.583619152887215442e+00
-6.470559615694442712e+00, -7.624425110114478876e+00
-6.422526531765846869e+00, -7.664930068093496196e+00
-6.374239897486896567e+00, -7.705132427757893865e+00
-6.325701619131246289e+00, -7.745030601987337171e+00
-6.276913612907002005e+00, -7.784623015670235624e+00
-6.227877804881125634e+00, -7.823908105765879917e+00
-6.178596130903347472e+00, -7.862884321366186313e+00
-6.129070536529765079e+00, -7.901550123756903687e+00
-6.079302976946056702e+00, -7.939903986478350717e+00
-6.029295416890247061e+00, -7.977944395385709875e+00
-5.979049830575191571e+00, -8.015669848708764533e+00
-5.928568201610591615e+00, -8.053078857111220401e+00
-5.877852522924732703e+00, -8.090169943749472736e+00
-5.826904796685758114e+00, -8.126941644330941017e+00
-5.775727034222676082e+00, -8.163392507171838730e+00
-5.724321255945912235e+00, -8.199521093254521276e+00
-5.672689491267565387e+00, -8.235325976284274319e+00
-5.620833778521308943e+00, -8.270805742745615419e+00
-5.568756164881879300e+00, -8.305958991958126703e+00
-5.516458706284304903e+00, -8.340784336131710219e+00
-5.463943467342689431e+00, -8.375280400421418747e+00
-5.411212521268760511e+00, -8.409445822981689744e+00
-5.358267949789963680e+00, -8.443279255020152974e+00
-5.305111843067340516e+00, -8.476779360850832390e+00
-5.251746299612953806e+00, -8.509944817946919926e+00
-5.198173426207094217e+00, -8.542774316992950645e+00
-5.144395337815067748e+00, -8.575266561936521370e+00
-5.090414157503712289e+00, -8.607420270039437327e+00
-5.036232016357610419e+00, -8.639234171928350747e+00
-4.981851053394906081e+00, -8.670707011644902096e+00
-4.927273415482916974e+00, -8.701837546695255554e+00
-4.872501257253319729e+00, -8.732624548099202855e+00
-4.817536741017153012e+00, -8.763066800438636506e+00
-4.762382036679387198e+00, -8.793163101905566492e+00
-4.707039321653324393e+00, -8.822912264349533018e+00
-4.651510780774586351e+00, -8.852313113324552063e+00
-4.595798606214876791e+00, -8.881364488135446322e+00
-4.539904997395469266e+00, -8.910065241883678766e+00
-4.483832160900319330e+00, -8.938414241512639080e+00
-4.427582310389015063e+00, -8.966410367852358121e+00
-4.371157666509325246e+00, -8.994052515663712555e+00
-4.314560456809589439e+00, -9.021339593682029090e+00
-4.257792915650721710e+00, -9.048270524660198433e+00
-4.200857284118060697e+00, -9.074844245411169297e+00
-4.143755809932843981e+00, -9.101059706849955688e+00
-4.086490747363487941e+00, -9.126915874035029574e+00
-4.029064357136627805e+00, -9.152411726209175313e+00
-3.971478906347802873e+00, -9.177546256839812955e+00
-3.913736668372024496e+00, -9.202318473658703368e+00
-3.855839922773960815e+00, -9.226727398701150662e+00
-3.797790955218010023e+00, -9.250772068344581101e+00
-3.739592057377998824e+00, -9.274451533346613985e+00
-3.681245526846777416e+00, -9.297764858882514361e+00
-3.622753667045458315e+00, -9.320711124582107487e+00
-3.564118787132504185e+00, -9.343289424566121326e+00
-3.505343201912590523e+00, -9.365498867481923284e+00
-3.446429231745166799e+00, -9.387338576538741819e+00
-3.387379202452913685e+00, -9.408807689542253883e+00
-3.328195445229861882e+00, -9.429905358928646564e+00
-3.268880296549423470e+00, -9.450630751798049900e+00
-3.209436098072088850e+00, -9.470983049947443888e+00
-3.149865196553045532e+00, -9.490961449902947322e+00
-3.090169943749475401e+00, -9.510565162951534646e+00
-3.030352696327736517e+00, -9.529793415172189697e+00
-2.970415815770349965e+00, -9.548645447466428848e+00
-2.910361668282714476e+00, -9.567120515588307228e+00
-2.850192624699769528e+00, -9.585217890173755251e+00
-2.789911060392295639e+00, -9.602936856769430207e+00
-2.729519355173259498e+00, -9.620276715860857308e+00
-2.669019893203757654e+00, -9.637236782900096443e+00
-2.608415062898975734e+00, -9.653816388332737475e+00
-2.547707256833822598e+00, -9.670014877624350191e+00
-2.486898871648552944e+00, -9.685831611286308984e+00
-2.425992307954074612e+00, -9.701265964901057970e+00
-2.364989970237250994e+00, -9.716317329146738402e+00
-2.303894266765913912e+00, -9.730985109821263634e+00
-2.242707609493815202e+00, -9.745268727865770586e+00
-2.181432413965432637e+00, -9.759167619387472570e+00
-2.120071099220548483e+00, -9.772681235681933032e+00
-2.058626087698819163e+00, -9.785809043254719342e+00
-1.997099805144071372e+00, -9.798550523842468607e+00
-1.935494680508607512e+00, -9.810905174433340648e+00
-1.873813145857246232e+00, -9.822872507286886545e+00
-1.812057636271377614e+00, -9.834452049953295472e+00
-1.750230589752759469e+00, -9.845643345292053539e+00
-1.688334447127341820e+00, -9.856445951489979151e+00
-1.626371651948842700e+00, -9.866859442078679265e+00
-1.564344650402310632e+00, -9.876883405951376815e+00
-1.502255891207576077e+00, -9.886517447379139512e+00
-1.440107825522522589e+00, -9.895761186026510003e+00
-1.377902906846385278e+00, -9.904614256966512542e+00
-1.315643590922824790e+00, -9.913076310695066340e+00
-1.253332335643046136e+00, -9.921147013144777205e+00
-1.190971600948695919e+00, -9.928826045698137648e+00
-1.128563848734819297e+00, -9.936113105200083950e+00
-1.066111542752605557e+00, -9.943007903969988348e+00
-1.003617148512150337e+00, -9.949510169813001070e+00
-9.410831331851485793e-01, -9.955619646030800851e+00
-8.785119655074320466e-01, -9.961336091431725492e+00
-8.159061156815796689e-01, -9.966659280340298466e+00
-7.532680552793264983e-01, -9.971589002606139118e+00
-6.906002571440611471e-01, -9.976125063612252930e+00
-6.279051952931319347e-01, -9.980267284282716034e+00
-5.651853448202474040e-01, -9.984015501089750444e+00
-5.024431817977016435e-01, -9.987369566060174009e+00
-4.396811831786501257e-01, -9.990329346781246400e+00
-3.769018266993503508e-01, -9.992894726405891603e+00
-3.141075907812829193e-01, -9.995065603657316444e+00
-2.513009544333787426e-01, -9.996841892833000287e+00
-1.884843971540807461e-01, -9.998223523808089652e+00
-1.256603988335289745e-01, -9.999210442038160451e+00
-6.283143965558743438e-02, -9.999802608561370931e+00
-1.836970198721029589e-15, -1.000000000000000000e+01
6.283143965558375676e-02, -9.999802608561370931e+00
1.256603988335252831e-01, -9.999210442038160451e+00
1.884843971540770546e-01, -9.998223523808089652e+00
2.513009544333750789e-01, -9.996841892833000287e+00
3.141075907812793666e-01, -9.995065603657316444e+00
3.769018266993467980e-01, -9.992894726405891603e+00
4.396811831786465175e-01, -9.990329346781246400e+00
5.024431817976979797e-01, -9.987369566060174009e+00
5.651853448202438512e-01, -9.984015501089750444e+00
6.279051952931282710e-01, -9.980267284282716034e+00
6.906002571440574833e-01, -9.976125063612252930e+00
7.532680552793229456e-01, -9.971589002606139118e+00
8.159061156815761162e-01, -9.966659280340298466e+00
8.785119655074284939e-01, -9.961336091431725492e+00
9.410831331851449155e-01, -9.955619646030800851e+00
1.003617148512146784e+00, -9.949510169813001070e+00
1.066111542752601782e+00, -9.943007903969988348e+00
1.128563848734815744e+00, -9.936113105200083950e+00
1.190971600948692366e+00, -9.928826045698137648e+00
1.253332335643042361e+00, -9.921147013144778981e+00
1.315643590922821016e+00, -9.913076310695066340e+00
1.377902906846381725e+00, -9.904614256966512542e+00
1.440107825522518592e+00, -9.895761186026510003e+00
1.502255891207572303e+00, -9.886517447379139512e+00
1.564344650402306858e+00, -9.876883405951378592e+00
1.626371651948838926e+00, -9.866859442078681042e+00
1.688334447127337823e+00, -9.856445951489980928e+00
1.750230589752755694e+00, -9.845643345292053539e+00
1.812057636271373617e+00, -9.834452049953297248e+00
1.873813145857242679e+00, -9.822872507286886545e+00
1.935494680508603738e+00, -9.810905174433340648e+00
1.997099805144067375e+00, -9.798550523842470383e+00
2.058626087698815610e+00, -9.785809043254721118e+00
2.120071099220544930e+00, -9.772681235681934808e+00
2.181432413965428641e+00, -9.759167619387472570e+00
2.242707609493811205e+00, -9.745268727865770586e+00
2.303894266765910359e+00, -9.730985109821263634e+00
2.364989970237247441e+00, -9.716317329146740178e+00
2.425992307954071059e+00, -9.701265964901059746e+00
2.486898871648549836e+00, -9.685831611286310761e+00
2.547707256833819933e+00, -9.670014877624350191e+00
2.608415062898972181e+00, -9.653816388332737475e+00
2.669019893203754545e+00, -9.637236782900096443e+00
2.729519355173255946e+00, -9.620276715860857308e+00
2.789911060392292974e+00, -9.602936856769430207e+00
2.850192624699765975e+00, -9.585217890173757027e+00
2.910361668282719361e+00, -9.567120515588303675e+00
2.970415815770346413e+00, -9.548645447466430625e+00
3.030352696327741846e+00, -9.529793415172187920e+00
3.090169943749472292e+00, -9.510565162951536422e+00
3.149865196553051305e+00, -9.490961449902945546e+00
3.209436098072094179e+00, -9.470983049947443888e+00
3.268880296549428799e+00, -9.450630751798046347e+00
3.328195445229866767e+00, -9.429905358928644787e+00
3.387379202452918570e+00, -9.408807689542253883e+00
3.446429231745171684e+00, -9.387338576538740043e+00
3.505343201912587858e+00, -9.365498867481923284e+00
3.564118787132509070e+00, -9.343289424566119550e+00
3.622753667045455650e+00, -9.320711124582111040e+00
3.681245526846783189e+00, -9.297764858882512584e+00
3.739592057378003709e+00, -9.274451533346613985e+00
3.797790955218015796e+00, -9.250772068344579324e+00
3.855839922773966144e+00, -9.226727398701147109e+00
3.913736668372029381e+00, -9.202318473658701592e+00
3.971478906347807758e+00, -9.177546256839811178e+00
4.029064357136624253e+00, -9.152411726209177090e+00
4.086490747363493270e+00, -9.126915874035026022e+00
4.143755809932840428e+00, -9.101059706849957465e+00
4.200857284118066026e+00, -9.074844245411167520e+00
4.257792915650727039e+00, -9.048270524660196656e+00
4.314560456809593880e+00, -9.021339593682025537e+00
4.371157666509329687e+00, -8.994052515663709002e+00
4.427582310389020392e+00, -8.966410367852356345e+00
4.483832160900324659e+00, -8.938414241512637304e+00
4.539904997395466602e+00, -8.910065241883680542e+00
4.595798606214881232e+00, -8.881364488135442770e+00
4.651510780774582798e+00, -8.852313113324552063e+00
4.707039321653329722e+00, -8.822912264349531242e+00
4.762382036679390751e+00, -8.793163101905562939e+00
4.817536741017157453e+00, -8.763066800438632953e+00
4.872501257253324169e+00, -8.732624548099201078e+00
4.927273415482920527e+00, -8.701837546695253778e+00
4.981851053394902529e+00, -8.670707011644903872e+00
5.036232016357606867e+00, -8.639234171928354300e+00
5.090414157503707848e+00, -8.607420270039439103e+00
5.144395337815064195e+00, -8.575266561936523146e+00
5.198173426207091552e+00, -8.542774316992954198e+00
5.251746299612949365e+00, -8.509944817946923479e+00
5.305111843067336963e+00, -8.476779360850834166e+00
5.358267949789960127e+00, -8.443279255020154750e+00
5.411212521268755182e+00, -8.409445822981693297e+00
5.463943467342685878e+00, -8.375280400421420524e+00
5.516458706284300462e+00, -8.340784336131711996e+00
5.568756164881874859e+00, -8.305958991958130255e+00
5.620833778521305391e+00, -8.270805742745618971e+00
5.672689491267560946e+00, -8.235325976284276095e+00
5.724321255945908682e+00, -8.199521093254523052e+00
5.775727034222672529e+00, -8.163392507171842283e+00
5.826904796685754562e+00, -8.126941644330944570e+00
5.877852522924729151e+00, -8.090169943749476289e+00
5.928568201610588062e+00, -8.053078857111223954e+00
5.979049830575187130e+00, -8.015669848708766310e+00
6.029295416890242620e+00, -7.977944395385713428e+00
6.079302976946054038e+00, -7.939903986478354270e+00
6.129070536529761526e+00, -7.901550123756906352e+00
6.178596130903343919e+00, -7.862884321366188090e+00
6.227877804881122081e+00, -7.823908105765883469e+00
6.276913612906999340e+00, -7.784623015670239177e+00
6.325701619131242737e+00, -7.745030601987339836e+00
6.374239897486893014e+00, -7.705132427757895641e+00
6.422526531765843316e+00, -7.664930068093498861e+00
6.470559615694439159e+00, -7.624425110114482429e+00
6.518337253008787968e+00, -7.583619152887218995e+00
6.565857557529561461e+00, -7.542513807361040712e+00
6.613118653236519151e+00, -7.501110696304595038e+00
6.660118674342514922e+00, -7.459411454241823058e+00
6.706855765367195410e+00, -7.417417727387396909e+00
6.753328081210243639e+00, -7.375131173581740640e+00
6.799533787224188330e+00, -7.332553462225604335e+00
6.845471059286886373e+00, -7.289686274214115969e+00
6.891138083873481257e+00, -7.246531301870469122e+00
6.936533058128050655e+00, -7.203090248879069790e+00
6.981654189934723753e+00, -7.159364830218313713e+00
7.026499697988493054e+00, -7.115356772092853888e+00
7.071067811865474617e+00, -7.071067811865477282e+00
7.115356772092848558e+00, -7.026499697988496607e+00
7.159364830218311049e+00, -6.981654189934727306e+00
7.203090248879066237e+00, -6.936533058128054208e+00
7.246531301870467345e+00, -6.891138083873484810e+00
7.289686274214113304e+00, -6.845471059286889925e+00
7.332553462225601670e+00, -6.799533787224190995e+00
7.375131173581737087e+00, -6.753328081210245415e+00
7.417417727387394244e+00, -6.706855765367198963e+00
7.459411454241820394e+00, -6.660118674342517586e+00
7.501110696304591485e+00, -6.613118653236522704e+00
7.542513807361038047e+00, -6.565857557529565014e+00
7.583619152887215442e+00, -6.518337253008791521e+00
7.624425110114478876e+00, -6.470559615694442712e+00
7.664930068093496196e+00, -6.422526531765846869e+00
7.705132427757893865e+00, -6.374239897486896567e+00
7.745030601987337171e+00, -6.325701619131246289e+00
7.784623015670235624e+00, -6.276913612907002005e+00
7.823908105765879917e+00, -6.227877804881125634e+00
7.862884321366186313e+00, -6.178596130903347472e+00
7.901550123756903687e+00, -6.129070536529765079e+00
7.939903986478350717e+00, -6.079302976946056702e+00
7.977944395385709875e+00, -6.029295416890247061e+00
8.015669848708764533e+00, -5.979049830575191571e+00
8.053078857111220401e+00, -5.928568201610591615e+00
8.090169943749472736e+00, -5.877852522924732703e+00
8.126941644330941017e+00, -5.826904796685758114e+00
8.163392507171838730e+00, -5.775727034222676082e+00
8.199521093254521276e+00, -5.724321255945912235e+00
8.235325976284274319e+00, -5.672689491267565387e+00
8.270805742745615419e+00, -5.620833778521308943e+00
8.305958991958126703e+00, -5.568756164881879300e+00
8.340784336131710219e+00, -5.516458706284304903e+00
8.375280400421418747e+00, -5.463943467342689431e+00
8.409445822981689744e+00, -5.411212521268760511e+00
8.443279255020152974e+00, -5.358267949789963680e+00
8.476779360850832390e+00, -5.305111843067340516e+00
8.509944817946919926e+00, -5.251746299612953806e+00
8.542774316992950645e+00, -5.198173426207094217e+00
8.575266561936521370e+00, -5.144395337815067748e+00
8.607420270039437327e+00, -5.090414157503712289e+00
8.639234171928350747e+00, -5.036232016357610419e+00
8.670707011644902096e+00, -4.981851053394906081e+00
8.701837546695255554e+00, -4.927273415482916974e+00
8.732624548099202855e+00, -4.872501257253319729e+00
8.763066800438636506e+00, -4.817536741017153012e+00
8.793163101905564716e+00, -4.762382036679387198e+00
8.822912264349533018e+00, -4.707039321653325281e+00
8.852313113324550287e+00, -4.651510780774586351e+00
8.881364488135446322e+00, -4.595798606214876791e+00
8.910065241883678766e+00, -4.539904997395469266e+00
8.938414241512639080e+00, -4.483832160900320218e+00
8.966410367852358121e+00, -4.427582310389015952e+00
8.994052515663712555e+00, -4.371157666509325246e+00
9.021339593682029090e+00, -4.314560456809589439e+00
9.048270524660198433e+00, -4.257792915650721710e+00
9.074844245411169297e+00, -4.200857284118061585e+00
9.101059706849955688e+00, -4.143755809932843981e+00
9.126915874035027798e+00, -4.086490747363488829e+00
9.152411726209175313e+00, -4.029064357136627805e+00
9.177546256839812955e+00, -3.971478906347802873e+00
9.202318473658703368e+00, -3.913736668372024941e+00
9.226727398701150662e+00, -3.855839922773961703e+00
9.250772068344581101e+00, -3.797790955218010467e+00
9.274451533346613985e+00, -3.739592057377999268e+00
9.297764858882514361e+00, -3.681245526846778304e+00
9.320711124582107487e+00, -3.622753667045459203e+00
9.343289424566121326e+00, -3.564118787132504629e+00
9.365498867481923284e+00, -3.505343201912591411e+00
9.387338576538741819e+00, -3.446429231745167243e+00
9.408807689542253883e+00, -3.387379202452914129e+00
9.429905358928646564e+00, -3.328195445229861882e+00
9.450630751798048124e+00, -3.268880296549423914e+00
9.470983049947443888e+00, -3.209436098072089294e+00
9.490961449902945546e+00, -3.149865196553045976e+00
9.510565162951534646e+00, -3.090169943749476289e+00
9.529793415172187920e+00, -3.030352696327737405e+00
9.548645447466428848e+00, -2.970415815770350410e+00
9.567120515588305452e+00, -2.910361668282714920e+00
9.585217890173758803e+00, -2.850192624699761090e+00
9.602936856769431984e+00, -2.789911060392287645e+00
9.620276715860859085e+00, -2.729519355173251061e+00
9.637236782900098220e+00, -2.669019893203749660e+00
9.653816388332739251e+00, -2.608415062898967296e+00
9.670014877624350191e+00, -2.547707256833823486e+00
9.685831611286308984e+00, -2.486898871648553389e+00
9.701265964901057970e+00, -2.425992307954075056e+00
9.716317329146738402e+00, -2.364989970237251438e+00
9.730985109821263634e+00, -2.303894266765914800e+00
9.745268727865770586e+00, -2.242707609493815646e+00
9.759167619387472570e+00, -2.181432413965433081e+00
9.772681235681933032e+00, -2.120071099220548927e+00
9.785809043254719342e+00, -2.058626087698819607e+00
9.798550523842468607e+00, -1.997099805144071816e+00
9.810905174433340648e+00, -1.935494680508608178e+00
9.822872507286886545e+00, -1.873813145857246898e+00
9.834452049953295472e+00, -1.812057636271378058e+00
9.845643345292053539e+00, -1.750230589752760135e+00
9.856445951489979151e+00, -1.688334447127342264e+00
9.866859442078679265e+00, -1.626371651948843366e+00
9.876883405951376815e+00, -1.564344650402311299e+00
9.886517447379139512e+00, -1.502255891207576743e+00
9.895761186026510003e+00, -1.440107825522523033e+00
9.904614256966512542e+00, -1.377902906846385722e+00
9.913076310695066340e+00, -1.315643590922825457e+00
9.921147013144777205e+00, -1.253332335643046802e+00
9.928826045698137648e+00, -1.190971600948696585e+00
9.936113105200083950e+00, -1.128563848734819963e+00
9.943007903969988348e+00, -1.066111542752606223e+00
9.949510169813001070e+00, -1.003617148512151003e+00
9.955619646030800851e+00, -9.410831331851492454e-01
9.961336091431725492e+00, -8.785119655074327127e-01
9.966659280340298466e+00, -8.159061156815804461e-01
9.971589002606139118e+00, -7.532680552793271644e-01
9.976125063612252930e+00, -6.906002571440618132e-01
9.980267284282716034e+00, -6.279051952931326008e-01
9.984015501089750444e+00, -5.651853448202480701e-01
9.987369566060174009e+00, -5.024431817977021986e-01
9.990329346781246400e+00, -4.396811831786507363e-01
9.992894726405891603e+00, -3.769018266993509614e-01
9.995065603657316444e+00, -3.141075907812835299e-01
9.996841892833000287e+00, -2.513009544333793532e-01
9.998223523808089652e+00, -1.884843971540813845e-01
9.999210442038160451e+00, -1.256603988335295852e-01
9.999802608561370931e+00, -6.283143965558804500e-02
7.071067811865475505e+00, 7.071067811865475505e+00
7.070927675055823869e+00, 7.115585382886866483e+00
7.070507270181425774e+00, 7.160101189379746600e+00
7.069806613905734061e+00, 7.204613466885546380e+00
7.068825734000433236e+00, 7.249120451085572903e+00
7.067564669344341688e+00, 7.293620377870941418e+00
7.066023469921868916e+00, 7.338111483412500746e+00
7.064202196821037560e+00, 7.382592004230743576e+00
7.062100922231057787e+00, 7.427060177265707885e+00
7.059719729439467351e+00, 7.471514239946854374e+00
7.057058712828832903e+00, 7.515952430262931472e+00
7.054117977873007206e+00, 7.560372986831817244e+00
7.050897641132944926e+00, 7.604774148970331105e+00
7.047397830252087658e+00, 7.649154156764024215e+00
7.043618683951304860e+00, 7.693511251136934348e+00
7.039560352023391587e+00, 7.737843673921313226e+00
7.035222995327131912e+00, 7.782149667927309444e+00
7.030606785780925350e+00, 7.826427477012623868e+00
7.025711906355970982e+00, 7.870675346152110841e+00
7.020538551069015476e+00, 7.914891521507345651e+00
7.015086924974664129e+00, 7.959074250496142255e+00
7.009357244157248701e+00, 8.003221781862013273e+00
7.003349735722268932e+00, 8.047332365743589122e+00
6.997064637787385522e+00, 8.091404253743979424e+00
6.990502199472985900e+00, 8.135435699000066023e+00
6.983662680892305907e+00, 8.179424956251747147e+00
6.976546353141125145e+00, 8.223370281911112301e+00
6.969153498287013804e+00, 8.267269934131558529e+00
6.961484409358162040e+00, 8.311122172876817871e+00
6.953539390331756387e+00, 8.354925259989943953e+00
6.945318756121936943e+00, 8.398677459262190226e+00
6.936822832567314912e+00, 8.442377036501838461e+00
6.928051956418051383e+00, 8.486022259602933104e+00
6.919006475322518668e+00, 8.529611398613933915e+00
6.909686747813513996e+00, 8.573142725806290443e+00
6.900093143294051323e+00, 8.616614515742915259e+00
6.890226042022717934e+00, 8.660025045346587902e+00
6.880085835098604718e+00, 8.703372593968236259e+00
6.869672924445800355e+00, 8.746655443455146894e+00
6.858987722797464492e+00, 8.789871878219070567e+00
6.848030653679465729e+00, 8.833020185304208738e+00
6.836802151393596816e+00, 8.876098654455123693e+00
6.825302661000355542e+00, 8.919105578184515437e+00
6.813532638301311728e+00, 8.962039251840911547e+00
6.801492549821031908e+00, 9.004897973676229128e+00
6.789182872788596335e+00, 9.047680044913221309e+00
6.776604095118674564e+00, 9.090383769812820702e+00
6.763756715392197805e+00, 9.133007455741347869e+00
6.750641242836581846e+00, 9.175549413237598984e+00
6.737258197305555640e+00, 9.218007956079818044e+00
6.723608109258550236e+00, 9.260381401352523412e+00
6.709691519739675591e+00, 9.302668069513224225e+00
6.695508980356270179e+00, 9.344866284458978711e+00
6.681061053257043802e+00, 9.386974373592842369e+00
6.666348311109794977e+00, 9.428990667890158051e+00
6.651371337078705537e+00, 9.470913501964705716e+00
6.636130724801232006e+00, 9.512741214134720735e+00
6.620627078364578644e+00, 9.554472146488759421e+00
6.604861012281743271e+00, 9.596104644951397589e+00
6.588833151467170524e+00, 9.637637059348813651e+00
6.572544131211977003e+00, 9.679067743474179863e+00
6.555994597158767867e+00, 9.720395055152920349e+00
6.539185205276053736e+00, 9.761617356307796811e+00
6.522116621832243055e+00, 9.802733013023841480e+00
6.504789523369236548e+00, 9.843740395613117755e+00
6.487204596675611334e+00, 9.884637878679313872e+00
6.469362538759397374e+00, 9.925423841182171358e+00
6.451264056820452453e+00, 9.966096666501734092e+00
6.432909868222428607e+00, 1.000665474250243037e+01
6.414300700464342420e+00, 1.004709646159696668e+01
6.395437291151734982e+00, 1.008742022081005274e+01
6.376320387967436609e+00, 1.012762442184193645e+01
6.356950748641932769e+00, 1.016770747113175410e+01
6.337329140923329440e+00, 1.020766777992069230e+01
6.317456342546920567e+00, 1.024750376431496335e+01
6.297333141204366491e+00, 1.028721384534858707e+01
6.276960334512462936e+00, 1.032679644904597360e+01
6.256338729981537838e+00, 1.036625000648431083e+01
6.235469144983433409e+00, 1.040557295385574932e+01
6.214352406719116040e+00, 1.044476373252939005e+01
6.192989352185883867e+00, 1.048382078911306259e+01
6.171380828144195974e+00, 1.052274257551489356e+01
6.149527691084103687e+00, 1.056152754900467095e+01
6.127430807191305284e+00, 1.060017417227499337e+01
6.105091052312815236e+00, 1.063868091350219913e+01
6.082509311922246198e+00, 1.067704624640708744e+01
6.059686481084708198e+00, 1.071526865031541220e+01
6.036623464421341012e+00, 1.075334661021815919e+01
6.013321176073447738e+00, 1.079127861683159395e+01
5.989780539666265113e+00, 1.082906316665708424e+01
5.966002488272359017e+00, 1.086669876204069141e+01
5.941987964374631837e+00, 1.090418391123254693e+01
5.917737919828971016e+00, 1.094151712844595181e+01
5.893253315826520122e+00, 1.097869693391630364e+01
5.868535122855578656e+00, 1.101572185395971992e+01
5.843584320663138598e+00, 1.105259042103146427e+01
5.818401898216043477e+00, 1.108930117378411140e+01
5.792988853661798387e+00, 1.112585265712547411e+01
5.767346194289000749e+00, 1.116224342227627631e+01
5.741474936487414915e+00, 1.119847202682756659e+01
5.715376105707687060e+00, 1.123453703479791344e+01
5.689050736420700360e+00, 1.127043701669030185e+01
5.662499872076571350e+00, 1.130617054954880274e+01
5.635724565063289226e+00, 1.134173621701497758e+01
5.608725876665008769e+00, 1.137713260938400950e+01
5.581504877019972888e+00, 1.141235832366058744e+01
5.554062645078110982e+00, 1.144741196361450619e+01
5.526400268558259832e+00, 1.148229213983602293e+01
5.498518843905056741e+00, 1.151699746979091188e+01
5.470419476245482748e+00, 1.155152657787528092e+01
5.442103279345047895e+00, 1.158587809547007907e+01
5.413571375563655863e+00, 1.162005066099535888e+01
5.384824895811117784e+00, 1.165404291996422970e+01
5.355864979502316103e+00, 1.168785352503656227e+01
5.326692774512052253e+00, 1.172148113607237718e+01
5.297309437129547049e+00, 1.175492442018497385e+01
5.267716132012604469e+00, 1.178818205179375767e+01
5.237914032141451237e+00, 1.182125271267677746e+01
5.207904318772245134e+00, 1.185413509202298954e+01
5.177688181390253774e+00, 1.188682788648419475e+01
5.147266817662702998e+00, 1.191932980022671273e+01
5.116641433391315275e+00, 1.195163954498274350e+01
5.085813242464499062e+00, 1.198375584010141637e+01
5.054783466809253945e+00, 1.201567741259957423e+01
5.023553336342722275e+00, 1.204740299721220964e+01
4.992124088923448610e+00, 1.207893133644262207e+01
4.960496970302306075e+00, 1.211026118061226597e+01
4.928673234073132292e+00, 1.214139128791028277e+01
4.896654141623026035e+00, 1.217232042444270945e+01
4.864440962082362319e+00, 1.220304736428140657e+01
4.832034972274477980e+00, 1.223357088951263449e+01
4.799437456665073043e+00, 1.226388979028533122e+01
4.766649707311290562e+00, 1.229400286485906868e+01
4.733673023810506919e+00, 1.232390891965168933e+01
4.700508713248821913e+00, 1.235360676928660340e+01
4.667158090149245098e+00, 1.238309523663979306e+01
4.633622476419598790e+00, 1.241237315288644361e+01
4.599903201300115541e+00, 1.244143935754729569e+01
4.566001601310758495e+00, 1.247029269853463518e+01
4.531919020198238890e+00, 1.249893203219794913e+01
4.497656808882761759e+00, 1.252735622336926369e+01
4.463216325404473217e+00, 1.255556414540814458e+01
4.428598934869634185e+00, 1.258355468024634582e+01
4.393806009396517887e+00, 1.261132671843212094e+01
4.358838928061015139e+00, 1.263887915917420912e+01
4.323699076841975852e+00, 1.266621091038546254e+01
4.288387848566276972e+00, 1.269332088872613085e+01
4.252906642853608865e+00, 1.272020801964680103e+01
4.217256866061004139e+00, 1.274687123743099804e+01
4.181439931227092899e+00, 1.277330948523741228e+01
4.145457258016091551e+00, 1.279952171514179682e+01
4.109310272661537589e+00, 1.282550688817850570e+01
4.073000407909757037e+00, 1.285126397438167167e+01
4.036529102963068105e+00, 1.287679195282603040e+01
3.999897803422746367e+00, 1.290208981166738766e+01
3.963107961231719933e+00, 1.292715654818272597e+01
3.926161034617019485e+00, 1.295199116880994694e+01
3.889058488031981842e+00, 1.297659268918725317e+01
3.851801792098200394e+00, 1.300096013419217122e+01
3.814392423547236177e+00, 1.302509253798019273e+01
3.776831865162086022e+00, 1.304898894402306553e+01
3.739121605718410901e+00, 1.307264840514669757e+01
3.701263139925519141e+00, 1.309606998356871088e+01
3.663257968367130246e+00, 1.311925275093560472e+01
3.625107597441893148e+00, 1.314219578835955282e+01
3.586813539303672638e+00, 1.316489818645483290e+01
3.548377311801619083e+00, 1.318735904537386006e+01
3.509800438420007662e+00, 1.320957747484285960e+01
3.471084448217840457e+00, 1.323155259419715968e+01
3.432230875768253142e+00, 1.325328353241608426e+01
3.393241261097685868e+00, 1.327476942815749261e+01
3.354117149624836536e+00, 1.329600942979190847e+01
3.314860092099408462e+00, 1.331700269543628501e+01
3.275471644540649319e+00, 1.333774839298736481e+01
3.235953368175666700e+00, 1.335824570015466861e+01
3.196306829377550063e+00, 1.337849380449308967e+01
3.156533599603290163e+00, 1.339849190343508667e+01
3.116635255331481336e+00, 1.341823920432250183e+01
3.076613377999842580e+00, 1.343773492443798645e+01
3.036469553942534372e+00, 1.345697829103600895e+01
2.996205374327277848e+00, 1.347596854137349354e+01
2.955822435092289258e+00, 1.349470492274005373e+01
2.915322336883019450e+00, 1.351318669248782278e+01
2.874706684988716177e+00, 1.353141311806089497e+01
2.833977089278786110e+00, 1.354938347702435664e+01
2.793135164138990767e+00, 1.356709705709292102e+01
2.752182528407461692e+00, 1.358455315615916703e+01
2.711120805310523796e+00, 1.360175108232136409e+01
2.669951622398364588e+00, 1.361869015391089555e+01
2.628676611480524006e+00, 1.363536969951927702e+01
2.587297408561209267e+00, 1.365178905802477871e+01
2.545815653774452070e+00, 1.366794757861861598e+01
2.504232991319104595e+00, 1.368384462083075093e+01
2.462551069393654313e+00, 1.369947955455528543e+01
2.420771540130908672e+00, 1.371485176007542961e+01
2.378896059532509266e+00, 1.372996062808805817e+01
2.336926287403284341e+00, 1.374480555972787599e+01
2.294863887285464976e+00, 1.375938596659115021e+01
2.252710526392753376e+00, 1.377370127075902317e+01
2.210467875544228189e+00, 1.378775090482043453e+01
2.168137609098126362e+00, 1.380153431189459923e+01
2.125721404885478893e+00, 1.381505094565308234e+01
2.083220944143602704e+00, 1.382830027034146347e+01
2.040637911449459274e+00, 1.384128176080055894e+01
1.997973994652895158e+00, 1.385399490248724774e+01
1.955230884809728620e+00, 1.386643919149486059e+01
1.912410276114726804e+00, 1.387861413457315152e+01
1.869513865834458111e+00, 1.389051924914785374e+01
1.826543354240009132e+00, 1.390215406333980752e+01
1.783500444539597218e+00, 1.391351811598366162e+01
1.740386842811062929e+00, 1.392461095664614845e+01
1.697204257934240346e+00, 1.393543214564394184e+01
1.653954401523227480e+00, 1.394598125406108835e+01
1.610638987858540760e+00, 1.395625786376600530e+01
1.567259733819172718e+00, 1.396626156742804525e+01
1.523818358814531315e+00, 1.397599196853365555e+01
1.480316584716293349e+00, 1.398544868140208841e+01
1.436756135790159261e+00, 1.399463133120068292e+01
1.393138738627500484e+00, 1.400353955395973315e+01
1.349466122076927954e+00, 1.401217299658690152e+01
1.305740017175766265e+00, 1.402053131688122889e+01
1.261962157081438329e+00, 1.402861418354668643e+01
1.218134277002775878e+00, 1.403642127620530999e+01
1.174258114131231823e+00, 1.404395228540990459e+01
1.130335407572029771e+00, 1.405120691265630306e+01
1.086367898275228949e+00, 1.405818487039520015e+01
1.042357328966724950e+00, 1.406488588204354961e+01
9.983054440791641060e-01, 1.407130968199552967e+01
9.542139896828053525e-01, 1.407745601563306437e+01
9.100847134163154717e-01, 1.408332463933592749e+01
8.659193644174905113e-01, 1.408891532049138107e+01
8.217196932539291288e-01, 1.409422783750341246e+01
7.774874518536514234e-01, 1.409926197980151130e+01
7.332243934356484916e-01, 1.410401754784901485e+01
6.889322724403958986e-01, 1.410849435315101275e+01
6.446128444603174135e-01, 1.411269221826182729e+01
6.002678661701906782e-01, 1.411661097679204424e+01
5.558990952575222355e-01, 1.412025047341510131e+01
5.115082903528840319e-01, 1.412361056387345393e+01
4.670972109601975730e-01, 1.412669111498428620e+01
4.226676173869974296e-01, 1.412949200464479560e+01
3.782212706746634345e-01, 1.413201312183702640e+01
3.337599325286098040e-01, 1.413425436663227508e+01
2.892853652484624893e-01, 1.413621565019505155e+01
2.447993316582066370e-01, 1.413789689478659284e+01
2.003035950363136197e-01, 1.413929803376795213e+01
1.557999190458492778e-01, 1.414041901160264203e+01
1.112900676645742493e-01, 1.414125978385882476e+01
6.677580511501647609e-02, 1.414182031721108856e+01
2.225889579454793862e-02, 1.414210058944174797e+01
-2.225889579454550307e-02, 1.414210058944174797e+01
-6.677580511501247928e-02, 1.414182031721108856e+01
-1.112900676645718206e-01, 1.414125978385882476e+01
-1.557999190458468075e-01, 1.414041901160264203e+01
-2.003035950363095952e-01, 1.413929803376795213e+01
-2.447993316582026124e-01, 1.413789689478659284e+01
-2.892853652484600468e-01, 1.413621565019505155e+01
-3.337599325286073615e-01, 1.413425436663227686e+01
-3.782212706746609920e-01, 1.413201312183702640e+01
-4.226676173869965414e-01, 1.412949200464479560e+01
-4.670972109601952416e-01, 1.412669111498428620e+01
-5.115082903528818115e-01, 1.412361056387345393e+01
-5.558990952575214584e-01, 1.412025047341510131e+01
-6.002678661701883467e-01, 1.411661097679204424e+01
-6.446128444603150820e-01, 1.411269221826182729e+01
-6.889322724403951215e-01, 1.410849435315101275e+01
-7.332243934356461601e-01, 1.410401754784901485e+01
-7.774874518536490919e-01, 1.409926197980151130e+01
-8.217196932539283516e-01, 1.409422783750341246e+01
-8.659193644174881799e-01, 1.408891532049138107e+01
-9.100847134163131402e-01, 1.408332463933592749e+01
-9.542139896828029100e-01, 1.407745601563306437e+01
-9.983054440791616635e-01, 1.407130968199552967e+01
-1.042357328966722507e+00, 1.406488588204354961e+01
-1.086367898275226507e+00, 1.405818487039520015e+01
-1.130335407572027329e+00, 1.405120691265630306e+01
-1.174258114131229380e+00, 1.404395228540990459e+01
-1.218134277002773658e+00, 1.403642127620530999e+01
-1.261962157081437441e+00, 1.402861418354668643e+01
-1.305740017175764045e+00, 1.402053131688122889e+01
-1.349466122076925734e+00, 1.401217299658690152e+01
-1.393138738627499595e+00, 1.400353955395973315e+01
-1.436756135790155708e+00, 1.399463133120068470e+01
-1.480316584716291128e+00, 1.398544868140209019e+01
-1.523818358814527540e+00, 1.397599196853365733e+01
-1.567259733819168721e+00, 1.396626156742804703e+01
-1.610638987858538540e+00, 1.395625786376600530e+01
-1.653954401523223705e+00, 1.394598125406109013e+01
-1.697204257934236571e+00, 1.393543214564394361e+01
-1.740386842811060486e+00, 1.392461095664614845e+01
-1.783500444539594776e+00, 1.391351811598366339e+01
-1.826543354240005357e+00, 1.390215406333981107e+01
-1.869513865834455668e+00, 1.389051924914785374e+01
-1.912410276114724583e+00, 1.387861413457315152e+01
-1.955230884809724623e+00, 1.386643919149486237e+01
-1.997973994652891605e+00, 1.385399490248725130e+01
-2.040637911449457054e+00, 1.384128176080056072e+01
-2.083220944143598707e+00, 1.382830027034146525e+01
-2.125721404885475341e+00, 1.381505094565308411e+01
-2.168137609098123697e+00, 1.380153431189459923e+01
-2.210467875544224192e+00, 1.378775090482043453e+01
-2.252710526392749824e+00, 1.377370127075902317e+01
-2.294863887285462756e+00, 1.375938596659115021e+01
-2.336926287403280345e+00, 1.374480555972787599e+01
-2.378896059532505269e+00, 1.372996062808805817e+01
-2.420771540130906452e+00, 1.371485176007542961e+01
-2.462551069393650316e+00, 1.369947955455528721e+01
-2.504232991319101043e+00, 1.368384462083075270e+01
-2.545815653774451626e+00, 1.366794757861861598e+01
-2.587297408561207490e+00, 1.365178905802477871e+01
-2.628676611480521785e+00, 1.363536969951927880e+01
-2.669951622398363700e+00, 1.361869015391089555e+01
-2.711120805310521575e+00, 1.360175108232136409e+01
-2.752182528407459472e+00, 1.358455315615916703e+01
-2.793135164138988991e+00, 1.356709705709292280e+01
-2.833977089278783890e+00, 1.354938347702435664e+01
-2.874706684988713512e+00, 1.353141311806089675e+01
-2.915322336883017229e+00, 1.351318669248782456e+01
-2.955822435092285705e+00, 1.349470492274005551e+01
-2.996205374327275628e+00, 1.347596854137349354e+01
-3.036469553942533484e+00, 1.345697829103600895e+01
-3.076613377999839916e+00, 1.343773492443798823e+01
-3.116635255331479559e+00, 1.341823920432250361e+01
-3.156533599603289275e+00, 1.339849190343508667e+01
-3.196306829377548286e+00, 1.337849380449308967e+01
-3.235953368175664924e+00, 1.335824570015467039e+01
-3.275471644540648430e+00, 1.333774839298736481e+01
-3.314860092099406241e+00, 1.331700269543628679e+01
-3.354117149624833871e+00, 1.329600942979191203e+01
-3.393241261097684536e+00, 1.327476942815749439e+01
-3.432230875768250478e+00, 1.325328353241608603e+01
-3.471084448217837792e+00, 1.323155259419716145e+01
-3.509800438420005886e+00, 1.320957747484286138e+01
-3.548377311801615086e+00, 1.318735904537386361e+01
-3.586813539303668641e+00, 1.316489818645483467e+01
-3.625107597441890039e+00, 1.314219578835955460e+01
-3.663257968367126693e+00, 1.311925275093560472e+01
-3.701263139925515144e+00, 1.309606998356871088e+01
-3.739121605718407348e+00, 1.307264840514669757e+01
-3.776831865162082025e+00, 1.304898894402306730e+01
-3.814392423547232625e+00, 1.302509253798019628e+01
-3.851801792098197286e+00, 1.300096013419217300e+01
-3.889058488031977845e+00, 1.297659268918725672e+01
-3.926161034617016377e+00, 1.295199116880994694e+01
-3.963107961231717713e+00, 1.292715654818272597e+01
-3.999897803422742371e+00, 1.290208981166739122e+01
-4.036529102963065441e+00, 1.287679195282603217e+01
-4.073000407909754372e+00, 1.285126397438167345e+01
-4.109310272661534924e+00, 1.282550688817850926e+01
-4.145457258016087998e+00, 1.279952171514179682e+01
-4.181439931227090234e+00, 1.277330948523741228e+01
-4.217256866061000586e+00, 1.274687123743100159e+01
-4.252906642853605312e+00, 1.272020801964680459e+01
-4.288387848566274307e+00, 1.269332088872613262e+01
-4.323699076841972300e+00, 1.266621091038546609e+01
-4.358838928061012474e+00, 1.263887915917421267e+01
-4.393806009396516110e+00, 1.261132671843212449e+01
-4.428598934869631520e+00, 1.258355468024634938e+01
-4.463216325404470552e+00, 1.255556414540814814e+01
-4.497656808882760870e+00, 1.252735622336926369e+01
-4.531919020198237114e+00, 1.249893203219794913e+01
-4.566001601310756719e+00, 1.247029269853463518e+01
-4.599903201300111988e+00, 1.244143935754729924e+01
-4.633622476419596126e+00, 1.241237315288644538e+01
-4.667158090149243321e+00, 1.238309523663979306e+01
-4.700508713248818360e+00, 1.235360676928660695e+01
-4.733673023810505143e+00, 1.232390891965169111e+01
-4.766649707311289674e+00, 1.229400286485907046e+01
-4.799437456665070378e+00, 1.226388979028533299e+01
-4.832034972274476203e+00, 1.223357088951263805e+01
-4.864440962082360542e+00, 1.220304736428141013e+01
-4.896654141623024259e+00, 1.217232042444271300e+01
-4.928673234073130516e+00, 1.214139128791028455e+01
-4.960496970302305186e+00, 1.211026118061226775e+01
-4.992124088923445058e+00, 1.207893133644262562e+01
-5.023553336342720499e+00, 1.204740299721220964e+01
-5.054783466809253056e+00, 1.201567741259957600e+01
-5.085813242464497286e+00, 1.198375584010141992e+01
-5.116641433391313498e+00, 1.195163954498274350e+01
-5.147266817662702998e+00, 1.191932980022671273e+01
-5.177688181390251998e+00, 1.188682788648419653e+01
-5.207904318772244245e+00, 1.185413509202298954e+01
-5.237914032141451237e+00, 1.182125271267677746e+01
-5.267716132012602692e+00, 1.178818205179375767e+01
-5.297309437129544385e+00, 1.175492442018497741e+01
-5.326692774512051365e+00, 1.172148113607238074e+01
-5.355864979502312551e+00, 1.168785352503656583e+01
-5.384824895811114231e+00, 1.165404291996423325e+01
-5.413571375563654975e+00, 1.162005066099536066e+01
-5.442103279345043454e+00, 1.158587809547008263e+01
-5.470419476245479196e+00, 1.155152657787528447e+01
-5.498518843905055853e+00, 1.151699746979091543e+01
-5.526400268558256279e+00, 1.148229213983602648e+01
-5.554062645078108318e+00, 1.144741196361450974e+01
-5.581504877019971111e+00, 1.141235832366058744e+01
-5.608725876665005217e+00, 1.137713260938401305e+01
-5.635724565063288338e+00, 1.134173621701498114e+01
-5.662499872076569574e+00, 1.130617054954880452e+01
-5.689050736420698584e+00, 1.127043701669030540e+01
-5.715376105707685284e+00, 1.123453703479791521e+01
-5.741474936487414027e+00, 1.119847202682756837e+01
-5.767346194288998973e+00, 1.116224342227627986e+01
-5.792988853661796611e+00, 1.112585265712547766e+01
-5.818401898216041701e+00, 1.108930117378411495e+01
-5.843584320663135934e+00, 1.105259042103146783e+01
-5.868535122855577768e+00, 1.101572185395972170e+01
-5.893253315826519234e+00, 1.097869693391630541e+01
-5.917737919828969240e+00, 1.094151712844595714e+01
-5.941987964374630948e+00, 1.090418391123254693e+01
-5.966002488272359017e+00, 1.086669876204069318e+01
-5.989780539666263337e+00, 1.082906316665708601e+01
-6.013321176073445962e+00, 1.079127861683159573e+01
-6.036623464421340124e+00, 1.075334661021816096e+01
-6.059686481084707310e+00, 1.071526865031541575e+01
-6.082509311922244422e+00, 1.067704624640708921e+01
-6.105091052312814348e+00, 1.063868091350220091e+01
-6.127430807191303508e+00, 1.060017417227499692e+01
-6.149527691084102798e+00, 1.056152754900467272e+01
-6.171380828144195974e+00, 1.052274257551489356e+01
-6.192989352185882979e+00, 1.048382078911306436e+01
-6.214352406719115152e+00, 1.044476373252939183e+01
-6.235469144983433409e+00, 1.040557295385574932e+01
-6.256338729981536062e+00, 1.036625000648431261e+01
-6.276960334512462047e+00, 1.032679644904597538e+01
-6.297333141204364715e+00, 1.028721384534859062e+01
-6.317456342546919679e+00, 1.024750376431496512e+01
-6.337329140923328552e+00, 1.020766777992069407e+01
-6.356950748641930993e+00, 1.016770747113175766e+01
-6.376320387967435721e+00, 1.012762442184194001e+01
-6.395437291151734982e+00, 1.008742022081005452e+01
-6.414300700464341531e+00, 1.004709646159696845e+01
-6.432909868222427718e+00, 1.000665474250243037e+01
-6.451264056820451565e+00, 9.966096666501734092e+00
-6.469362538759395598e+00, 9.925423841182173135e+00
-6.487204596675610446e+00, 9.884637878679315648e+00
-6.504789523369236548e+00, 9.843740395613117755e+00
-6.522116621832242167e+00, 9.802733013023843256e+00
-6.539185205276051960e+00, 9.761617356307800364e+00
-6.555994597158766979e+00, 9.720395055152923902e+00
-6.572544131211975227e+00, 9.679067743474181640e+00
-6.588833151467169635e+00, 9.637637059348818980e+00
-6.604861012281743271e+00, 9.596104644951401141e+00
-6.620627078364577756e+00, 9.554472146488759421e+00
-6.636130724801231118e+00, 9.512741214134724288e+00
-6.651371337078703760e+00, 9.470913501964707493e+00
-6.666348311109793201e+00, 9.428990667890161603e+00
-6.681061053257042914e+00, 9.386974373592845922e+00
-6.695508980356269291e+00, 9.344866284458980488e+00
-6.709691519739673815e+00, 9.302668069513227778e+00
-6.723608109258549348e+00, 9.260381401352526964e+00
-6.737258197305554752e+00, 9.218007956079819820e+00
-6.750641242836580069e+00, 9.175549413237604313e+00
-6.763756715392196028e+00, 9.133007455741351421e+00
-6.776604095118674564e+00, 9.090383769812822479e+00
-6.789182872788594558e+00, 9.047680044913224862e+00
-6.801492549821031020e+00, 9.004897973676230905e+00
-6.813532638301310840e+00, 8.962039251840913323e+00
-6.825302661000354654e+00, 8.919105578184518990e+00
-6.836802151393595928e+00, 8.876098654455125470e+00
-6.848030653679465729e+00, 8.833020185304210514e+00
-6.858987722797463604e+00, 8.789871878219074119e+00
-6.869672924445799467e+00, 8.746655443455150447e+00
-6.880085835098603830e+00, 8.703372593968236259e+00
-6.890226042022717046e+00, 8.660025045346591455e+00
-6.900093143294051323e+00, 8.616614515742918812e+00
-6.909686747813513996e+00, 8.573142725806290443e+00
-6.919006475322518668e+00, 8.529611398613937467e+00
-6.928051956418050494e+00, 8.486022259602934881e+00
-6.936822832567314912e+00, 8.442377036501840237e+00
-6.945318756121936055e+00, 8.398677459262193778e+00
-6.953539390331756387e+00, 8.354925259989945729e+00
-6.961484409358161152e+00, 8.311122172876819647e+00
-6.969153498287013804e+00, 8.267269934131560305e+00
-6.976546353141124257e+00, 8.223370281911114077e+00
-6.983662680892305907e+00, 8.179424956251747147e+00
-6.990502199472985900e+00, 8.135435699000067800e+00
-6.997064637787385522e+00, 8.091404253743981201e+00
-7.003349735722268932e+00, 8.047332365743589122e+00
-7.009357244157247813e+00, 8.003221781862015050e+00
-7.015086924974664129e+00, 7.959074250496143144e+00
-7.020538551069015476e+00, 7.914891521507346539e+00
-7.025711906355970093e+00, 7.870675346152112617e+00
-7.030606785780925350e+00, 7.826427477012624756e+00
-7.035222995327131024e+00, 7.782149667927312997e+00
-7.039560352023391587e+00, 7.737843673921315002e+00
-7.043618683951304860e+00, 7.693511251136935236e+00
-7.047397830252087658e+00, 7.649154156764026880e+00
-7.050897641132944038e+00, 7.604774148970336434e+00
-7.054117977873006318e+00, 7.560372986831821684e+00
-7.057058712828832903e+00, 7.515952430262934136e+00
-7.059719729439467351e+00, 7.471514239946858815e+00
-7.062100922231057787e+00, 7.427060177265711438e+00
-7.064202196821037560e+00, 7.382592004230746241e+00
-7.066023469921868916e+00, 7.338111483412505187e+00
-7.067564669344341688e+00, 7.293620377870944971e+00
-7.068825734000433236e+00, 7.249120451085574679e+00
-7.069806613905734061e+00, 7.204613466885550821e+00
-7.070507270181425774e+00, 7.160101189379750153e+00
-7.070927675055823869e+00, 7.115585382886868260e+00
-7.071067811865475505e+00, 7.071067811865476394e+00
