534, 535, 2696
2293, 346, 2294
535, 2409, 2696
3003, 2290, 2110
2542, 2100, 2246
535, 536, 2409
332, 2601, 2286
2410, 536, 537
529, 2693, 2695
149, 2306, 148
2604, 2112, 2295
529, 2695, 528
2408, 2695, 2693
2260, 2571, 2103
2573, 2925, 3048
531, 2693, 530
2296, 3051, 3004
2693, 529, 530
538, 2410, 537
2294, 347, 348
2686, 544, 545
2272, 185, 186
185, 2272, 184
2685, 2405, 542
2686, 545, 546
2104, 2997, 2269
2102, 2254, 2558
2406, 544, 2686
3008, 2586, 2998
533, 534, 2696
540, 541, 2405
408, 409, 2600
2600, 407, 408
539, 540, 2405
2167, 539, 2405
209, 2280, 208
2275, 2276, 2106
2406, 2685, 544
2280, 2107, 2279
539, 2167, 2410
2410, 538, 539
197, 2276, 196
3002, 3209, 2992
2687, 2824, 549
2828, 2690, 508
2328, 2906, 2316
514, 2831, 513
2121, 2305, 2958
2326, 143, 144
513, 2831, 2832
3087, 1507, 2960
522, 2689, 2826
2828, 509, 510
134, 2324, 2334
133, 2334, 132
506, 507, 2830
508, 509, 2828
3098, 2336, 2129
2122, 2327, 2329
2830, 508, 2690
2318, 2625, 2119
2830, 2860, 506
2831, 514, 515
1509, 2122, 2123
522, 523, 2827
2317, 2960, 2117
2861, 2128, 3071
522, 2827, 2689
2826, 2688, 520
2308, 2309, 2115
158, 2309, 157
527, 2833, 526
2312, 389, 390
527, 528, 2695
2692, 517, 518
2323, 137, 138
2300, 2613, 2113
2692, 518, 2688
2692, 2688, 2407
2317, 2117, 2313
2118, 2906, 2960
519, 2688, 518
2963, 3009, 2319
527, 2694, 2833
2692, 516, 517
2624, 349, 350
2961, 1510, 2125
505, 2860, 504
547, 2824, 2686
2306, 149, 150
580, 2416, 579
2186, 732, 733
2169, 2418, 2416
2178, 2179, 2086
661, 2179, 660
2703, 583, 2420
2185, 731, 2186
2416, 578, 579
576, 2417, 2702
2493, 2204, 3105
3123, 3000, 2278
576, 577, 2418
578, 2416, 2418
3034, 2194, 2747
2193, 803, 804
578, 2418, 577
2473, 2848, 3061
576, 2702, 575
2421, 584, 585
803, 2193, 802
3042, 2233, 2779
1184, 2082, 1183
2081, 2036, 2904
2085, 2171, 590
583, 584, 2421
1159, 2080, 2027
1893, 2080, 2031
2947, 2420, 2170
1181, 2081, 1180
940, 941, 2782
2419, 2421, 586
592, 2172, 591
1048, 2084, 2046
589, 2171, 588
590, 2171, 589
1928, 1096, 2083
1807, 2083, 2050
588, 2171, 2419
1907, 2084, 2060
586, 587, 2419
585, 586, 2421
2038, 2036, 2082
590, 2172, 2085
590, 591, 2172
2699, 2413, 555
2990, 2239, 2951
2242, 308, 309
557, 2699, 556
561, 2414, 2701
2236, 3096, 2913
2220, 2508, 2094
560, 2701, 559
2097, 2234, 2534
561, 2701, 560
2700, 2825, 552
2101, 2248, 2544
3043, 2249, 2781
552, 553, 2700
555, 556, 2699
2953, 3106, 2252
2246, 319, 320
555, 2413, 2700
2089, 2195, 2474
2700, 553, 554
2414, 561, 562
319, 2246, 318
2411, 2168, 565
2216, 259, 260
2215, 258, 2216
2412, 2697, 570
2702, 574, 575
2212, 2211, 246
2202, 2490, 2090
571, 2698, 570
2212, 246, 247
572, 2698, 571
2415, 563, 564
2531, 2232, 491
2531, 493, 2233
565, 566, 2411
566, 567, 2411
2519, 449, 2227
2219, 2220, 2094
565, 2168, 2415
2519, 2226, 447
564, 565, 2415
2411, 568, 2697
273, 2220, 272
2221, 2509, 2913
2415, 562, 563
549, 550, 2825
2981, 2203, 2208
2255, 2794, 3045
2173, 2422, 595
2127, 2333, 1512
2780, 501, 2855
500, 2780, 499
498, 499, 2780
395, 2597, 394
1513, 1810, 1511
2530, 484, 2529
1610, 1001, 1608
2532, 2233, 493
496, 2779, 2532
1498, 1629, 1627
1001, 1630, 1632
493, 494, 2532
2854, 459, 2776
1001, 1632, 1634
1542, 1632, 1630
2227, 2771, 3040
1569, 1659, 1571
2533, 2779, 498
1628, 1538, 1630
490, 2232, 489
488, 2232, 2231
1542, 1634, 1632
1571, 1659, 1661
489, 2232, 488
2519, 2095, 2226
1571, 1661, 1663
1498, 1633, 1631
2096, 2231, 2232
1001, 1634, 1636
486, 2529, 485
485, 2529, 484
1498, 1635, 1633
1001, 1636, 1638
2530, 483, 484
488, 2231, 487
1001, 1638, 1640
1638, 1636, 1546
2231, 2529, 487
1573, 1571, 1663
2527, 2229, 479
1634, 1544, 1636
2780, 2533, 498
1498, 1631, 1629
2229, 2528, 479
2522, 472, 2773
1548, 1640, 1638
1663, 1575, 1573
2528, 477, 478
478, 479, 2528
1663, 1665, 1575
1498, 1639, 1637
479, 480, 2527
1001, 1640, 1642
2228, 2526, 2522
474, 475, 2774
1498, 1641, 1639
1001, 1642, 1644
2522, 2526, 470
471, 2522, 470
1001, 1644, 1646
1644, 1642, 1552
2523, 2773, 474
1575, 1665, 1577
480, 481, 2527
1642, 1640, 1552
2526, 467, 468
2525, 2778, 467
1554, 1646, 1644
1577, 1665, 1667
466, 467, 2778
464, 2775, 463
1579, 1577, 1667
1498, 1645, 1643
470, 2526, 469
1001, 1646, 1648
463, 2777, 462
460, 461, 2777
1498, 1647, 1645
1001, 1648, 1650
2777, 463, 2775
2776, 459, 460
1001, 1650, 1652
1560, 1650, 1648
466, 2778, 465
1669, 1579, 1667
2774, 477, 2528
1646, 1556, 1648
454, 2772, 2521
1498, 1643, 1641
503, 2829, 2855
1498, 1637, 1635
1671, 1579, 1669
2772, 454, 455
2520, 452, 2771
449, 2520, 2227
1498, 1651, 1649
1001, 1652, 1654
2226, 2095, 444
1650, 1562, 1652
3038, 2511, 2516
2520, 450, 451
1000, 1001, 1654
1654, 1652, 1564
2768, 3039, 3050
2226, 445, 446
1656, 1654, 1564
1581, 1671, 1583
444, 445, 2226
1651, 1499, 1653
2771, 454, 2521
1671, 1581, 1579
2225, 444, 2095
441, 442, 2225
1583, 1671, 1673
1653, 1499, 1655
442, 443, 2225
2518, 441, 2224
1655, 1499, 1657
1658, 1000, 1656
443, 444, 2225
1566, 1658, 1656
2517, 2515, 2223
2518, 440, 441
1660, 1000, 1658
1658, 1568, 1660
437, 2515, 436
436, 2515, 2517
1536, 1628, 1626
1585, 1583, 1675
439, 440, 2518
1657, 1499, 1659
435, 436, 2517
1583, 1673, 1675
2772, 455, 456
1656, 1000, 1654
433, 434, 2517
2516, 432, 433
1620, 1532, 1622
1624, 1622, 1534
2766, 429, 430
2510, 427, 2765
1614, 1526, 1616
1616, 1526, 1618
2766, 432, 2516
1620, 1618, 1528
2514, 2510, 2222
429, 2511, 2765
1608, 1520, 1610
1612, 1610, 1522
2514, 424, 2510
2510, 424, 425
1604, 1602, 1606
1562, 1560, 1730
424, 2514, 423
1606, 1698, 125
425, 426, 2510
1614, 1612, 1522
422, 2513, 2770
422, 2770, 421
1606, 1602, 1600
1500, 1602, 1604
416, 2767, 2512
418, 2767, 417
1593, 1695, 1696
1699, 1696, 1697
423, 2514, 422
1598, 1606, 1600
415, 416, 2769
416, 417, 2767
1601, 1605, 1599
1691, 1597, 1599
412, 413, 2768
2769, 416, 2512
1555, 1645, 1647
1557, 1647, 1559
2770, 420, 421
1601, 1501, 1603
2832, 512, 513
1695, 1595, 1693
616, 2709, 615
1604, 125, 1500
435, 2517, 434
1536, 1626, 1624
412, 2768, 2812
1498, 1649, 1647
2422, 2172, 593
1509, 2126, 1511
691, 692, 2728
1162, 2032, 2031
2179, 2438, 2086
2027, 2080, 1893
2672, 2144, 2384
690, 691, 2728
1894, 2031, 2032
684, 2443, 2725
2723, 684, 685
2081, 1179, 1180
1178, 1179, 2035
2723, 685, 686
689, 690, 2727
1176, 2034, 1175
2030, 1167, 2033
2443, 684, 2723
2034, 1898, 2892
2841, 689, 2727
2728, 692, 693
1895, 2030, 2033
2721, 703, 2442
1160, 2080, 1159
2001, 1892, 2026
2721, 2441, 701
2445, 2726, 695
2025, 1892, 2890
1245, 2025, 1244
704, 2722, 703
1248, 2026, 1247
2181, 2446, 2441
697, 2446, 696
1167, 2030, 1166
1154, 2029, 2028
697, 698, 2446
700, 2441, 699
2079, 2166, 2075
1895, 2892, 3067
699, 2441, 698
2891, 2029, 1893
698, 2441, 2446
696, 2445, 695
1161, 1162, 2080
1895, 1894, 2030
2722, 704, 705
665, 666, 2439
1034, 2044, 1916
2044, 1904, 2163
2439, 2180, 664
2439, 667, 2718
1039, 2043, 1038
1202, 1203, 2077
2718, 669, 2440
1905, 1904, 2043
2842, 679, 680
2706, 2927, 3057
1919, 1027, 2047
1914, 1919, 2047
2438, 2179, 662
2180, 2438, 664
1049, 2084, 1048
2045, 1907, 2895
2424, 2834, 3057
1050, 1051, 2084
2179, 2178, 659
670, 2719, 669
1046, 2045, 1045
2720, 674, 2840
2036, 1181, 2082
2893, 2038, 1899
679, 2842, 2843
684, 2725, 683
1188, 1189, 2037
2894, 1900, 1798
682, 2725, 2842
2040, 1189, 1190
680, 681, 2842
2440, 669, 2719
2041, 1903, 2894
1199, 2041, 1198
2720, 2839, 674
2840, 674, 675
1899, 2040, 1900
1798, 2039, 1901
676, 2840, 675
2037, 1189, 2040
2719, 672, 2839
670, 671, 2719
1193, 2039, 1192
1201, 1202, 2042
660, 2179, 659
703, 2722, 2442
2082, 1182, 1183
736, 737, 2456
1878, 2008, 2009
2187, 736, 2456
2888, 1879, 1794
2010, 1134, 1135
2456, 737, 738
2004, 2071, 1877
2186, 734, 2455
730, 731, 2185
1145, 1146, 2012
2011, 1882, 2888
2087, 2185, 2186
2187, 2455, 736
2007, 1134, 2010
1879, 2007, 2010
2180, 2718, 3026
1143, 2011, 1142
731, 732, 2186
741, 2457, 2733
1129, 2009, 2008
2845, 746, 747
1253, 2003, 2000
2003, 1875, 2161
748, 2845, 747
310, 2540, 2242
1258, 2002, 1257
1892, 1245, 2026
746, 2845, 2735
1793, 2002, 1876
782, 2745, 781
2734, 2457, 741
2005, 1118, 2072
2887, 2006, 1877
742, 743, 2734
2844, 2734, 744
2372, 2657, 2142
2071, 1126, 1127
2839, 3058, 2440
2073, 1924, 2054
742, 2734, 741
2456, 739, 2733
1125, 1126, 2004
1133, 1134, 2007
2735, 2844, 746
2450, 714, 715
1234, 1235, 2021
1210, 2020, 2016
2450, 715, 716
2450, 713, 714
1887, 1886, 2019
1216, 2019, 1215
716, 2447, 2450
1886, 2870, 2931
2447, 716, 717
709, 2448, 2731
2024, 1889, 2162
2022, 1228, 2078
709, 710, 2730
712, 2449, 2730
2015, 2076, 1884
2162, 1888, 2021
712, 713, 2449
1888, 2022, 2023
710, 711, 2730
2450, 2447, 2182
1235, 1236, 2024
725, 2451, 2453
1225, 1226, 2015
2014, 1884, 2889
728, 2454, 727
729, 730, 2185
2661, 2374, 2660
1152, 1153, 2079
729, 2184, 2454
1223, 2014, 1222
2454, 728, 729
721, 2732, 720
1885, 2017, 2018
2077, 2165, 2042
721, 722, 2732
723, 724, 2453
2020, 1210, 1211
1209, 1210, 2016
2732, 723, 2453
2931, 2020, 1886
725, 2453, 724
725, 726, 2451
2076, 1226, 1227
1205, 2018, 2017
2452, 2729, 720
708, 2731, 707
2074, 1146, 1147
1235, 2024, 2021
752, 2846, 751
2424, 600, 2705
1151, 1152, 2079
2835, 605, 606
2074, 2013, 2902
1148, 2074, 1147
605, 2706, 2834
1150, 1151, 2075
603, 2834, 2705
2423, 2173, 595
2023, 2022, 2078
1231, 2078, 1230
600, 2424, 2704
601, 2705, 600
2077, 2017, 2165
2076, 2022, 2903
2704, 2423, 598
1202, 2077, 2042
596, 597, 2423
606, 607, 2835
1228, 2076, 1227
615, 2709, 614
1311, 2070, 1310
1966, 1965, 2069
2709, 2427, 2711
620, 2714, 619
1423, 2068, 1833
1784, 2068, 1948
619, 2713, 2838
1366, 1966, 2069
2837, 609, 610
2836, 2837, 610
2005, 2887, 2933
2006, 2005, 2072
610, 611, 2836
2709, 2711, 614
2071, 2008, 2901
1128, 2071, 1127
2836, 611, 612
1121, 2072, 1120
613, 2711, 2836
602, 2705, 601
2070, 1988, 2900
1115, 2073, 2054
2714, 622, 2712
407, 2600, 2285
3071, 2128, 2623
1714, 1578, 1576
595, 596, 2423
2284, 405, 2599
2283, 2284, 2108
1572, 1570, 1718
1572, 1718, 1574
403, 2284, 2283
1574, 1714, 1576
2283, 401, 402
2284, 403, 404
1577, 1579, 1711
1629, 1631, 1541
403, 2283, 402
2861, 1509, 1511
1702, 1698, 1590
1573, 1715, 1716
400, 401, 2283
1715, 1575, 1712
414, 2769, 413
1633, 1541, 1631
398, 399, 2598
400, 2598, 399
1714, 1710, 1578
1706, 1582, 1710
395, 2595, 2597
2595, 395, 396
1740, 1549, 1739
1736, 1739, 1551
397, 2595, 396
1733, 1735, 1732
394, 2597, 393
2596, 2811, 393
1550, 1742, 1738
1738, 1734, 1554
2312, 2116, 388
389, 2312, 388
1760, 1529, 1759
1756, 1759, 1531
664, 665, 2439
1742, 1546, 1746
2598, 400, 2282
1547, 1743, 1545
1775, 2128, 1810
1586, 1706, 1702
2714, 620, 621
2079, 2028, 2166
2175, 2432, 643
2164, 1925, 2055
641, 642, 2432
1087, 1088, 2055
1115, 1116, 2073
2430, 643, 644
1088, 1089, 2058
2178, 2436, 658
639, 2716, 638
1055, 1056, 2059
1088, 2058, 2055
2716, 639, 640
2432, 642, 643
1082, 2057, 2056
2897, 2057, 1925
2716, 641, 2432
2058, 1926, 2164
2431, 2717, 638
648, 2434, 2715
1936, 2067, 1809
2176, 2435, 2433
1928, 2083, 1807
1921, 2896, 3069
656, 2436, 655
2436, 2437, 655
1102, 1103, 2049
1019, 2048, 1911
656, 657, 2436
2052, 1103, 1104
2175, 643, 2430
2433, 652, 653
2053, 1924, 2896
1112, 2053, 1111
650, 651, 2435
2433, 651, 652
1920, 2052, 1921
1098, 2051, 2050
2433, 2435, 651
2049, 1103, 2052
2435, 649, 650
649, 2434, 648
1920, 2050, 2051
1114, 1115, 2054
658, 659, 2178
2708, 2426, 632
1081, 2067, 1080
1068, 2066, 2064
623, 2712, 622
2429, 625, 626
1935, 1934, 2065
1074, 2065, 1073
2085, 2172, 2422
1934, 2872, 2932
644, 645, 2430
387, 388, 2311
2861, 1810, 2128
1520, 1518, 1770
1526, 1766, 1762
387, 2311, 386
72, 2617, 71
1772, 1771, 1773
1515, 1517, 1772
384, 2622, 383
1770, 1766, 1522
626, 627, 2429
622, 2714, 621
2426, 2707, 632
1930, 2059, 2062
1051, 2061, 2060
633, 2708, 632
2425, 630, 2707
2046, 2084, 1907
2673, 2918, 2396
634, 2708, 633
1929, 2060, 2061
636, 637, 2717
385, 2622, 384
2174, 2429, 627
2174, 627, 2425
2963, 2319, 2331
629, 2425, 628
2063, 1933, 2898
1065, 2063, 1064
628, 2425, 627
1067, 1068, 2064
2532, 494, 495
388, 2116, 2311
2059, 1056, 2062
2066, 1068, 1069
2963, 2124, 3010
386, 2311, 2622
2062, 1056, 1057
2067, 2056, 2899
1527, 1763, 1525
752, 2739, 2846
1917, 1911, 2048
1151, 2079, 2075
1710, 1580, 1578
1499, 1651, 1498
3108, 2314, 2117
1498, 374, 1497
1496, 1497, 1776
1775, 1810, 1513
382, 2623, 381
373, 1776, 1497
2628, 3006, 2301
1811, 1494, 1776
1494, 1495, 1776
1516, 1514, 1774
123, 124, 2130
1491, 1492, 1812
1812, 1493, 1811
1769, 1771, 1768
1515, 1772, 1775
1811, 1493, 1494
124, 1766, 1770
1501, 1689, 1499
1772, 1773, 1775
1490, 1813, 1489
373, 1497, 374
1496, 1776, 1495
1765, 1767, 1764
1511, 2126, 372
1689, 1501, 1601
1490, 1491, 1812
1811, 1776, 372
373, 1513, 372
1813, 1488, 1489
1813, 1814, 1488
1487, 1814, 1486
1538, 1754, 1750
1754, 1534, 1758
1485, 1486, 1814
1485, 1816, 1484
1537, 1751, 1752
1755, 1533, 1535
1484, 1816, 1483
1750, 1746, 1542
1483, 1937, 1482
1762, 1758, 1530
373, 374, 1513
1767, 1768, 1521
1747, 1744, 1745
1481, 1482, 1937
1938, 1481, 1937
1478, 1479, 1817
1726, 1722, 1566
1562, 1730, 1726
1475, 1476, 1819
1730, 1558, 1734
1476, 1477, 1819
1817, 1477, 1478
1557, 1559, 1731
1574, 1718, 1714
1474, 1818, 1939
1819, 1474, 1475
1720, 1721, 1723
1563, 1724, 1727
1474, 1939, 1473
1727, 1728, 1561
1817, 1779, 1477
1718, 1570, 1722
1469, 1470, 1820
1469, 1820, 1468
1598, 1694, 1606
1694, 1594, 1698
1467, 1468, 1822
1822, 1466, 1467
1726, 1566, 1564
1562, 1726, 1564
1473, 1939, 1472
1722, 1568, 1566
1940, 1465, 1821
1822, 1465, 1466
1635, 1637, 1545
1543, 1633, 1635
1940, 1463, 1464
1781, 1459, 1823
1641, 1643, 1551
1551, 1549, 1639
1780, 1468, 1820
1639, 1547, 1637
1464, 1465, 1940
1570, 1568, 1722
1823, 1460, 1461
1719, 1569, 1571
2131, 1811, 370
1751, 1539, 1748
369, 368, 2131
370, 2126, 369
2123, 2329, 369
2329, 368, 369
2339, 2338, 365
1813, 2131, 2338
359, 2317, 358
366, 2338, 367
366, 2327, 365
2122, 2328, 2327
2341, 361, 360
2907, 2339, 2340
2328, 363, 364
364, 2327, 2328
2342, 357, 356
2340, 361, 2341
2118, 359, 2316
2132, 2339, 2907
2126, 370, 371
2340, 362, 361
361, 2316, 360
2118, 2317, 359
355, 2134, 2342
2134, 3148, 2908
2315, 2313, 2117
2317, 357, 358
350, 2344, 2633
354, 2343, 355
360, 2316, 359
2341, 2342, 2908
2315, 353, 2313
2313, 353, 354
348, 347, 2346
2134, 2343, 2633
354, 355, 2313
2315, 351, 352
2345, 348, 2346
1459, 1460, 1823
2315, 352, 353
348, 2345, 349
2624, 351, 2314
350, 349, 2345
372, 2126, 371
355, 2342, 356
2289, 341, 2602
2293, 344, 345
343, 2347, 2634
1825, 1941, 1457
346, 2293, 345
347, 2294, 346
2634, 2346, 345
343, 342, 2635
2291, 2289, 2110
1828, 2865, 1827
1458, 1825, 1457
1458, 1459, 1825
1584, 1582, 1706
1582, 1580, 1710
2292, 343, 344
2292, 2602, 343
338, 2348, 2636
2636, 340, 339
341, 2635, 342
2349, 338, 337
2294, 2111, 2293
1781, 2155, 2864
2289, 2291, 338
2291, 2603, 337
2865, 2873, 1827
335, 2349, 336
338, 2291, 337
336, 2603, 335
2873, 1944, 1827
2349, 335, 2350
2289, 338, 339
2349, 337, 336
2290, 2601, 334
2603, 334, 335
2352, 328, 327
330, 329, 2352
330, 331, 2286
330, 2286, 2288
328, 2352, 329
1948, 3084, 3066
2286, 2109, 2288
2352, 327, 2137
2110, 2602, 3003
2637, 2351, 3073
2327, 364, 365
333, 2637, 2350
330, 2288, 329
370, 369, 2131
450, 2520, 449
1645, 1553, 1643
1586, 1702, 1588
1456, 1941, 1455
1942, 1454, 1824
1942, 1453, 1454
1594, 1592, 1698
1698, 1592, 1590
1455, 1941, 1454
1702, 1590, 1588
1826, 1449, 1450
1826, 1782, 1448
1589, 1699, 1700
1596, 1694, 1598
1826, 1448, 1449
1452, 1453, 1942
1705, 1707, 1704
1703, 1704, 1585
1447, 1828, 1446
1703, 1700, 1701
1828, 1447, 1448
1596, 1594, 1694
1445, 1446, 1828
1445, 1828, 1943
375, 1605, 1603
375, 376, 1697
1943, 1442, 1443
1442, 1943, 1945
1498, 1611, 1609
1498, 1609, 1607
1444, 1943, 1443
1559, 1647, 1649
1944, 1439, 1440
1945, 1440, 1441
1498, 1617, 1615
1498, 1615, 1613
1436, 1829, 1435
1783, 1832, 1829
1498, 1623, 1621
1498, 1621, 1619
1946, 1439, 1944
1498, 1619, 1617
1829, 1832, 1435
1498, 1613, 1611
1945, 1441, 1442
1708, 1581, 1707
1428, 1429, 1947
1432, 1831, 1431
1662, 1000, 1660
1498, 1627, 1625
1947, 1431, 1831
1947, 1429, 1430
1572, 1664, 1662
1675, 1587, 1585
1948, 2068, 1426
1659, 1499, 1661
1427, 1949, 1426
1947, 1949, 1428
1675, 1677, 1587
1661, 1499, 1663
1427, 1428, 1949
1833, 1784, 1421
1663, 1499, 1665
1662, 1666, 1668
1833, 1422, 1423
1666, 1664, 1576
1832, 1433, 1434
1666, 1662, 1664
1419, 1420, 1835
1420, 1421, 1835
1662, 1668, 1670
1578, 1668, 1666
1419, 1835, 1418
1835, 1950, 1418
1668, 1580, 1670
1589, 1677, 1679
1422, 1833, 1421
1665, 1499, 1667
1952, 1415, 1950
1415, 1416, 1950
1589, 1679, 1681
1667, 1499, 1669
1413, 1414, 1952
1415, 1952, 1414
1669, 1499, 1671
1672, 1000, 1670
1416, 1417, 1950
1670, 1580, 1672
1412, 1413, 1951
1000, 1662, 1670
1953, 1412, 1951
1587, 1677, 1589
1432, 1433, 1832
1498, 1625, 1623
1584, 1674, 1672
1409, 1836, 1408
1406, 1407, 1839
1405, 1406, 1839
1683, 1591, 1681
1671, 1499, 1673
1785, 1839, 1836
1674, 1000, 1672
1956, 1954, 1837
1957, 1405, 1838
1673, 1499, 1675
1678, 1674, 1676
1954, 1401, 1402
1954, 1400, 1401
1000, 1674, 1678
1678, 1676, 1588
1956, 1400, 1954
1683, 1593, 1591
1408, 1836, 1839
1584, 1676, 1674
1398, 1399, 1956
1397, 1398, 1955
1590, 1680, 1678
1683, 1685, 1593
1843, 1840, 1786
1393, 1394, 1840
1593, 1685, 1595
1677, 1499, 1679
1399, 1400, 1956
1680, 1000, 1678
1392, 1393, 1840
1392, 1843, 1391
1679, 1499, 1681
1682, 1000, 1680
1390, 1842, 1962
1389, 1962, 1388
1684, 1000, 1682
1682, 1592, 1684
1391, 1843, 1390
1595, 1685, 1687
1962, 1389, 1390
1590, 1682, 1680
1405, 1957, 1404
1675, 1499, 1677
1383, 1384, 1961
1384, 1385, 1959
1686, 1684, 1594
1597, 1595, 1687
1961, 1384, 1959
1961, 1382, 1383
1689, 1597, 1687
1683, 1499, 1685
1959, 1385, 1386
1686, 1000, 1684
1963, 1381, 1960
1847, 1844, 1787
1685, 1499, 1687
1688, 1000, 1686
1378, 1844, 1377
1377, 1844, 1847
1690, 1000, 1688
1688, 1598, 1690
1375, 1376, 1847
1689, 1599, 1597
1959, 1841, 1961
1596, 1688, 1686
1374, 1846, 1967
1967, 1373, 1374
1602, 1500, 1690
1599, 1689, 1601
1966, 1964, 1845
1372, 1373, 1967
1597, 1691, 1693
1692, 1691, 1605
1370, 1964, 1369
1500, 1000, 1690
1369, 1964, 1368
1368, 1964, 1966
1691, 1692, 1693
1713, 1715, 1712
1365, 1366, 2069
1367, 1966, 1366
1606, 1694, 1698
1734, 1558, 1556
1374, 1375, 1847
1693, 1692, 1695
1381, 1382, 1960
375, 1692, 1605
1958, 1397, 1955
1687, 1499, 1689
1966, 1367, 1368
1681, 1499, 1683
1364, 1365, 2069
1591, 1589, 1681
1835, 2866, 1834
1584, 1706, 1586
321, 2639, 322
328, 329, 2288
2287, 2543, 326
2543, 323, 324
2353, 324, 2638
2866, 2874, 1834
2245, 2952, 2243
320, 2639, 321
318, 2246, 2100
2247, 2542, 323
1953, 2874, 1785
317, 316, 2356
2542, 2246, 321
2242, 2540, 2099
1837, 1838, 3085
2356, 314, 2138
2245, 318, 2100
315, 2356, 316
2238, 299, 2537
317, 2640, 318
316, 2245, 315
2245, 316, 317
2875, 1955, 1837
2356, 315, 314
312, 313, 2541
2541, 315, 2245
2358, 309, 2642
2642, 309, 308
317, 318, 2245
1959, 2156, 1841
307, 2242, 2099
2540, 312, 2243
303, 2359, 2643
1960, 1841, 2940
2238, 2537, 2098
307, 308, 2242
1787, 1963, 2876
304, 2643, 305
307, 2099, 2244
308, 307, 2642
306, 307, 2244
2643, 304, 303
327, 2287, 326
313, 2357, 314
1361, 1848, 1360
1851, 1357, 1358
1696, 1695, 1697
1696, 1699, 1591
1851, 1358, 1359
1971, 1356, 1357
1716, 1719, 1571
1715, 1573, 1575
1848, 1359, 1360
1697, 1692, 375
1355, 1972, 1354
1356, 1971, 1355
1699, 1697, 1701
1554, 1734, 1556
1351, 1352, 1969
1971, 1972, 1355
1700, 1699, 1701
1705, 1697, 376
1969, 1849, 1350
1589, 1700, 1587
1848, 1788, 1851
1698, 124, 125
2244, 2538, 304
306, 2244, 305
2157, 2942, 1845
2139, 2360, 298
301, 302, 2538
2244, 304, 305
1351, 1969, 1350
1965, 1968, 1364
301, 2239, 2537
300, 299, 2360
1849, 1970, 1350
1970, 1349, 1350
1552, 1738, 1554
1720, 1569, 1719
1348, 1970, 1974
1349, 1970, 1348
1585, 1704, 1583
1701, 1705, 1703
1345, 1346, 1974
1698, 1702, 1706
2361, 298, 297
298, 2360, 299
2360, 2644, 300
1716, 1717, 1719
328, 2288, 327
2638, 322, 2354
2362, 2645, 293
2238, 2098, 2241
295, 296, 2241
297, 2241, 296
2684, 289, 288
2646, 293, 292
294, 2240, 2539
1849, 1969, 2158
2539, 293, 294
294, 295, 2241
293, 2646, 2362
287, 2403, 288
291, 2535, 290
289, 290, 2535
286, 285, 2403
2139, 3012, 2966
2234, 287, 2534
1343, 1973, 1852
297, 2238, 2241
2402, 2684, 288
2234, 2097, 2237
283, 284, 2237
2154, 2403, 2404
1855, 2867, 1854
2234, 284, 285
284, 2234, 2237
2648, 280, 279
282, 2819, 283
2235, 2534, 289
280, 2648, 281
282, 2536, 281
2237, 282, 283
2880, 1863, 1976
2649, 2648, 278
281, 2536, 280
277, 278, 2509
2883, 2882, 3122
274, 2365, 275
2536, 282, 2236
2649, 276, 2364
277, 2509, 276
281, 2647, 2819
297, 298, 2238
1855, 1856, 2867
2508, 276, 2221
2984, 2983, 2214
1989, 2883, 1988
272, 2366, 273
2220, 2219, 272
272, 2219, 271
2366, 270, 2650
268, 2367, 2650
2506, 270, 2219
2868, 2159, 1860
268, 269, 2506
271, 2219, 270
2652, 2820, 263
2651, 267, 266
2507, 267, 268
2506, 2507, 268
268, 2651, 2367
2934, 1981, 1859
2505, 264, 265
2653, 262, 261
274, 2508, 2220
1980, 2159, 1859
261, 2504, 2216
2504, 263, 2217
2884, 1871, 1981
262, 2653, 263
2093, 2215, 2216
255, 2502, 254
255, 2369, 256
258, 257, 2369
264, 2505, 263
2369, 2654, 258
2215, 257, 258
256, 257, 2215
257, 256, 2369
2869, 2935, 2160
256, 2502, 255
2216, 258, 259
1874, 2000, 2161
250, 2371, 2655
2093, 2216, 2504
2935, 1992, 1867
2234, 285, 286
2141, 2369, 255
339, 340, 2289
261, 260, 2654
2983, 2982, 2210
274, 273, 2365
2212, 2500, 2092
250, 249, 2656
1705, 1701, 1697
1973, 1345, 1853
1341, 1342, 1852
1856, 1340, 1789
1552, 1550, 1738
1567, 1720, 1723
1852, 1789, 1340
1567, 1723, 1565
1337, 1977, 1336
1976, 1332, 1854
1707, 1705, 1709
1581, 1708, 1579
1855, 1977, 1337
1338, 1856, 1337
1723, 1724, 1565
1708, 1707, 1709
1332, 1975, 1854
1713, 1705, 376
1857, 1302, 1303
1698, 1706, 124
1975, 1332, 1333
1986, 1330, 1976
1706, 1710, 1714
1550, 1548, 1742
1330, 1331, 1976
1332, 1976, 1331
1712, 1711, 1713
1577, 1712, 1575
1975, 1333, 1334
1709, 1713, 1711
1985, 1862, 1325
1327, 1328, 1986
1561, 1563, 1727
1731, 1559, 1728
1862, 1791, 1866
1324, 1862, 1323
1573, 1716, 1571
1706, 1714, 124
1985, 1327, 1863
1742, 1548, 1546
1322, 1862, 1866
1713, 1709, 1705
1856, 1338, 1339
1727, 1724, 1725
1857, 1978, 1790
1320, 1865, 1990
1716, 1715, 1717
1721, 1713, 376
1990, 1319, 1320
1315, 1987, 1864
1746, 1546, 1544
1557, 1731, 1732
1321, 1866, 1320
1729, 1731, 1728
1864, 1989, 1315
1987, 1316, 1317
1569, 1720, 1567
1717, 1721, 1719
1315, 1989, 1314
1313, 1989, 1312
1735, 1553, 1555
1721, 1717, 1713
1312, 1988, 1311
1720, 1719, 1721
1321, 1322, 1866
1714, 1718, 1722
1311, 1988, 2070
1858, 1306, 1979
1714, 1722, 124
1542, 1746, 1544
1306, 1307, 1979
1304, 1978, 1857
1729, 1721, 376
1721, 1725, 1723
1308, 1979, 1307
1565, 1724, 1563
1300, 1861, 1299
1857, 1790, 1301
1736, 1737, 1739
1736, 1553, 1735
1301, 1861, 1300
1861, 1983, 1299
1725, 1729, 1727
1722, 1726, 1730
1306, 1858, 1978
1540, 1750, 1542
1987, 1315, 1316
1724, 1723, 1725
1301, 1790, 1861
1732, 1735, 1555
1340, 1856, 1339
1713, 1717, 1715
1728, 1727, 1729
1297, 1983, 1296
1983, 1984, 1296
1295, 1296, 1984
1551, 1739, 1549
1547, 1740, 1743
1289, 1981, 1288
1729, 1725, 1721
1980, 1292, 1293
1292, 1980, 1982
1557, 1732, 1555
1722, 1730, 124
1290, 1291, 1982
1982, 1291, 1292
1732, 1731, 1733
1737, 1729, 376
1289, 1290, 1982
1729, 1733, 1731
261, 2654, 2653
1540, 1538, 1750
1996, 1870, 1283
1997, 1285, 1286
1538, 1536, 1754
1743, 1744, 1545
1280, 1870, 1792
1996, 1285, 1871
1553, 1736, 1551
1733, 1737, 1735
1288, 1981, 1997
1730, 1734, 1738
1280, 1869, 1279
1869, 1280, 1792
1541, 1543, 1747
1737, 1733, 1729
1994, 1275, 1276
1869, 1278, 1279
1730, 1738, 124
1754, 1536, 1534
1278, 1869, 1994
1747, 1543, 1744
1276, 1277, 1994
1736, 1735, 1737
1298, 1983, 1297
1743, 1740, 1741
1274, 1275, 1995
1271, 1993, 1270
1745, 1737, 376
1737, 1741, 1739
1991, 1271, 1272
1993, 1271, 1991
1749, 1751, 1748
1541, 1747, 1748
1993, 1991, 1867
1740, 1739, 1741
1269, 1993, 1268
1267, 1268, 1992
1741, 1745, 1743
1738, 1742, 1746
1264, 1265, 1999
1262, 1998, 1872
1745, 1741, 1737
1744, 1743, 1745
1267, 1992, 1999
1545, 1744, 1543
1994, 1995, 1275
1758, 1534, 1532
1261, 1872, 1260
1259, 1260, 1876
1530, 1758, 1532
1751, 1537, 1539
1259, 1876, 1258
1876, 2002, 1258
1745, 1749, 1747
1541, 1748, 1539
1998, 1264, 1873
1738, 1746, 124
1256, 2003, 1255
1256, 1257, 2002
1752, 1753, 1755
1748, 1747, 1749
1250, 2000, 1874
2003, 1256, 2002
1746, 1750, 1754
1528, 1762, 1530
1793, 1876, 1872
1756, 1533, 1755
1859, 1982, 1980
1753, 1745, 376
1993, 1269, 1270
1752, 1755, 1535
2003, 1254, 1255
1549, 1740, 1547
2000, 1251, 1252
1561, 1728, 1559
250, 2656, 2371
1704, 1703, 1705
2502, 2503, 254
1692, 1697, 1695
753, 2739, 752
1572, 1662, 1660
756, 2740, 755
1253, 1254, 2003
2738, 756, 757
1992, 1873, 1999
1267, 1999, 1266
756, 2460, 2740
1252, 1253, 2000
2738, 757, 758
2742, 2847, 761
1264, 1998, 1263
1981, 1871, 1997
762, 2743, 761
2741, 2743, 763
1996, 1871, 2884
1285, 1996, 1284
2743, 762, 763
1288, 1997, 1287
2460, 756, 2738
1998, 1873, 2885
764, 2741, 763
767, 2462, 766
2160, 1995, 1868
1869, 1868, 1994
2463, 767, 768
769, 2458, 2463
1268, 1993, 1992
1867, 1992, 1993
769, 2463, 768
1278, 1994, 1277
769, 770, 2458
2463, 2458, 2188
1991, 2160, 1867
1273, 1274, 1995
2459, 2736, 774
2737, 774, 775
1987, 1318, 1990
1864, 1990, 1865
2458, 772, 2736
1272, 1273, 1991
771, 2458, 770
1873, 1264, 1999
2186, 2455, 2087
1273, 1995, 1991
2737, 775, 776
778, 779, 2746
2883, 1989, 1864
780, 781, 2745
2868, 1790, 2881
1990, 1318, 1319
2746, 780, 2465
1979, 2070, 1858
916, 2552, 2554
2466, 783, 784
1976, 1863, 1986
1330, 1986, 1329
784, 785, 2466
2466, 786, 2189
1327, 1985, 1326
1294, 1984, 1980
786, 2466, 785
1985, 1863, 2882
2745, 783, 2466
1317, 1318, 1987
2464, 786, 787
2464, 2189, 786
1861, 1860, 1983
1299, 1983, 1298
791, 2468, 2744
793, 2469, 792
1859, 1981, 1982
1871, 1285, 1997
2468, 791, 792
1289, 1982, 1981
793, 794, 2469
795, 2467, 794
1294, 1295, 1984
1293, 1294, 1980
2467, 795, 796
2470, 798, 799
1308, 1309, 1979
1978, 1858, 2881
2467, 2190, 2469
2070, 1309, 1310
2469, 794, 2467
2934, 1859, 2159
787, 788, 2464
2159, 1984, 1860
2737, 2459, 774
1312, 1989, 1988
2470, 799, 2191
800, 801, 2192
1975, 1335, 1977
802, 2088, 2192
1863, 1327, 1986
2880, 1976, 1854
2192, 801, 802
1854, 1977, 1855
2457, 2844, 3060
2088, 802, 2193
1334, 1335, 1975
1970, 1853, 1974
807, 2194, 2471
808, 2472, 807
1973, 1853, 2879
1345, 1973, 1344
805, 2471, 2193
1348, 1974, 1347
3026, 2975, 2180
1977, 1335, 1336
2472, 808, 809
2473, 2747, 812
1972, 1850, 2158
1851, 1850, 1971
2747, 2472, 810
814, 2748, 813
1853, 1345, 1974
2878, 1970, 1849
812, 813, 2748
1357, 1851, 1971
2748, 2473, 812
2848, 2748, 815
1352, 1353, 1969
1968, 1965, 2877
818, 2849, 817
822, 2852, 821
1371, 1967, 1964
1967, 1846, 2157
818, 819, 2849
1364, 1968, 1363
2848, 817, 2749
1353, 1354, 1972
807, 2472, 2194
1353, 1972, 1969
823, 2852, 822
2757, 823, 824
1845, 1965, 1966
1848, 1968, 1788
824, 825, 2757
826, 827, 2755
1371, 1372, 1967
1370, 1371, 1964
2479, 2757, 826
2157, 1845, 1964
2755, 827, 828
2853, 831, 2759
1381, 1963, 1380
1387, 1962, 1959
831, 832, 2760
833, 834, 2760
1382, 1961, 1960
1841, 1960, 1961
2760, 832, 833
1962, 1842, 2156
113, 2332, 112
1963, 1960, 2876
2760, 834, 2758
2193, 2471, 2088
1841, 2156, 2940
1387, 1388, 1962
2482, 837, 838
2482, 839, 2477
1958, 1955, 2875
1397, 1958, 1396
839, 2482, 838
1386, 1387, 1959
839, 840, 2477
2477, 2197, 2482
1837, 1957, 1838
1398, 1956, 1955
2753, 844, 2478
2754, 844, 845
1840, 1958, 1786
1838, 2874, 3085
2477, 842, 2753
1837, 1955, 1956
840, 841, 2477
1402, 1957, 1954
2758, 834, 835
1844, 1963, 1787
2756, 2852, 823
1965, 1364, 2069
800, 2192, 799
1306, 1978, 1305
2479, 826, 2755
2762, 849, 850
1403, 1957, 1402
851, 2761, 850
1412, 1953, 1411
1413, 1952, 1951
850, 2484, 2762
1953, 1951, 2874
2761, 851, 852
853, 854, 2485
1836, 1953, 1785
3072, 2354, 2965
855, 2485, 854
855, 856, 2483
1418, 1950, 1417
1426, 1949, 1948
2485, 855, 2198
1835, 1834, 1950
853, 2485, 2761
1834, 1951, 1952
856, 857, 2483
2487, 2763, 860
1833, 2068, 1784
2637, 2136, 2350
860, 861, 2488
862, 2486, 2488
1431, 1947, 1430
1946, 1944, 2873
862, 2488, 861
1831, 1830, 1947
2486, 862, 863
2489, 865, 866
1440, 1945, 1944
1827, 1944, 1945
867, 2489, 866
868, 2201, 867
2930, 1782, 1942
1828, 1827, 1943
867, 2200, 2489
1829, 1946, 1783
2486, 863, 864
1439, 1946, 1438
2483, 2198, 855
1830, 1948, 1949
869, 2201, 868
2195, 869, 870
1451, 1942, 1826
1824, 2864, 2930
870, 871, 2195
2196, 2474, 874
1457, 1941, 1456
1462, 1940, 1823
2201, 2195, 2089
1825, 1824, 1941
872, 2474, 2195
875, 876, 2475
1471, 1939, 1820
2153, 1939, 1818
2475, 2196, 874
2850, 3062, 2476
874, 875, 2475
879, 2476, 2750
1810, 2861, 1511
1817, 1480, 1938
121, 122, 2337
1940, 1821, 2155
2195, 2201, 869
880, 2751, 879
1816, 1815, 1937
1483, 1816, 1937
2751, 880, 881
2850, 884, 2752
1078, 1079, 1936
1934, 1071, 2065
2751, 2476, 879
2067, 1079, 1080
2247, 2287, 2992
123, 2130, 122
3051, 2296, 2813
1513, 374, 1515
127, 2127, 1514
122, 2130, 2337
1774, 124, 1770
1608, 1518, 1520
1608, 1516, 1518
2337, 120, 121
374, 1607, 1515
2850, 2751, 882
2475, 877, 2750
1779, 1938, 1815
128, 129, 2127
1445, 1943, 1444
844, 2754, 2478
2858, 887, 888
2064, 2066, 1933
2858, 889, 2787
167, 2682, 168
1070, 1071, 2066
889, 2858, 888
2921, 2399, 2681
2788, 890, 891
892, 2786, 2788
1062, 1063, 1932
1058, 1931, 1930
893, 2786, 892
895, 896, 2790
1930, 1929, 2059
2898, 1930, 1808
2788, 2786, 2549
1808, 1930, 1931
892, 2788, 891
2063, 1063, 1064
896, 897, 2790
897, 898, 2789
160, 159, 2673
1097, 1098, 2083
2789, 898, 899
901, 2551, 900
1091, 1927, 1926
1807, 1926, 1927
2551, 2789, 900
1095, 1096, 1928
2551, 902, 2250
904, 2547, 903
2392, 2677, 2150
1079, 2067, 1936
2250, 902, 2547
905, 2784, 2547
2679, 194, 193
1116, 1117, 2073
2548, 2784, 907
2683, 179, 178
2547, 902, 903
2058, 2164, 2055
2790, 897, 2550
2084, 1049, 1050
845, 846, 2754
111, 2632, 110
2332, 111, 112
1619, 1529, 1527
1617, 1619, 1527
2632, 111, 2331
108, 2626, 107
1638, 1546, 1548
1621, 1531, 1619
113, 114, 2332
1619, 1531, 1529
119, 2336, 2631
114, 2330, 2124
1611, 1613, 1521
1521, 1609, 1611
2330, 114, 115
115, 116, 2330
1532, 1534, 1622
1620, 1530, 1532
2332, 114, 2124
1613, 1523, 1521
1536, 1624, 1534
2336, 119, 120
2322, 100, 101
99, 100, 2322
1566, 1568, 1658
1543, 1541, 1633
2321, 2630, 99
98, 99, 2630
909, 2785, 908
1572, 1660, 1570
2318, 2322, 101
1570, 1660, 1568
104, 2625, 2318
2625, 106, 2319
1644, 1552, 1554
1550, 1552, 1640
2322, 2318, 2119
102, 103, 2318
1537, 1629, 1539
1537, 1627, 1629
2318, 101, 102
1537, 1535, 1627
1539, 1629, 1541
2334, 131, 132
907, 908, 2785
1548, 1550, 1640
2053, 1110, 1111
2851, 884, 885
2872, 1935, 1809
1520, 1522, 1610
1957, 1403, 1404
2913, 2985, 2221
2792, 912, 913
1105, 1922, 1921
914, 2791, 913
1920, 2049, 2052
2053, 2896, 1806
2791, 2792, 913
1806, 1921, 1922
915, 2554, 2791
2301, 2613, 87
3019, 2150, 2677
2047, 1027, 1028
917, 2552, 916
2552, 2251, 2554
1022, 1918, 1917
1805, 1917, 1918
918, 2552, 917
1026, 1027, 1919
915, 916, 2554
2083, 1096, 1097
921, 2556, 2793
922, 923, 2557
2390, 2676, 2149
1034, 1035, 2044
923, 924, 2557
2555, 924, 925
1029, 1915, 1914
1804, 1914, 1915
2555, 2557, 924
1033, 1034, 1916
2253, 2555, 926
928, 2253, 927
1804, 2163, 2936
2148, 1913, 1908
2253, 928, 929
929, 930, 2248
1005, 1912, 1802
1803, 1802, 1912
2101, 2253, 929
1010, 1913, 1009
926, 927, 2253
1914, 1805, 1919
921, 922, 2557
1801, 1911, 1917
2248, 930, 931
2249, 2544, 934
1020, 2048, 1019
1014, 1910, 1909
2544, 2248, 932
936, 2545, 935
1014, 1015, 1910
1013, 1014, 1909
2545, 934, 935
1801, 2909, 1910
2545, 2249, 934
937, 2781, 2545
2148, 1908, 1800
2674, 158, 157
940, 2782, 939
939, 2782, 2546
2045, 1044, 1045
1043, 1044, 1906
944, 2783, 2856
1052, 1053, 2061
2781, 939, 2546
1803, 1912, 1913
970, 2568, 969
944, 945, 2857
2871, 1905, 1799
2044, 2163, 1916
2857, 947, 2799
949, 2563, 2799
228, 2668, 2822
1199, 2042, 1903
948, 949, 2799
1904, 2871, 2163
2798, 949, 950
949, 2798, 2563
1196, 1197, 1902
2040, 2039, 1900
953, 2800, 2801
954, 955, 2800
1899, 2037, 2040
2822, 2380, 2667
2800, 953, 954
1900, 2039, 1798
950, 951, 2798
2041, 1197, 1198
942, 2856, 2782
2044, 2043, 1904
929, 2248, 2101
1021, 1022, 2048
956, 2565, 955
958, 2561, 957
1798, 2041, 2894
2565, 2561, 2256
1184, 1185, 2038
2034, 1174, 1175
959, 2561, 958
2671, 221, 220
962, 2562, 2796
963, 2797, 962
1169, 1896, 1895
1797, 1895, 1896
2562, 962, 2797
2567, 2802, 967
1894, 1895, 3067
2080, 1160, 1161
967, 2802, 966
2030, 1894, 2032
960, 2796, 2561
1173, 1174, 1897
967, 968, 2568
2580, 2810, 12
2074, 1882, 2012
2660, 212, 211
2568, 970, 2566
2566, 2257, 2568
2026, 1246, 1247
2025, 1243, 1244
971, 2566, 970
2886, 1874, 2161
2570, 973, 974
2570, 975, 2258
1238, 1890, 1889
1796, 1889, 1890
2569, 975, 976
2569, 978, 2259
2655, 2141, 2370
1226, 2076, 2015
977, 2569, 976
2024, 2162, 2021
974, 975, 2570
1242, 1243, 1891
2568, 968, 969
2672, 213, 2659
978, 979, 2259
980, 2102, 2259
1886, 1213, 2019
2870, 1887, 1795
2254, 980, 981
2254, 2102, 980
2870, 1886, 1887
1902, 2041, 1798
982, 2254, 981
2016, 2020, 1885
2255, 2558, 985
986, 2559, 985
242, 241, 2665
1231, 1232, 2023
986, 987, 2559
990, 2560, 2794
1220, 1221, 1883
2660, 210, 2661
2559, 2255, 985
2014, 1221, 1222
2558, 2254, 983
2666, 2379, 235
2794, 2559, 988
991, 992, 2795
2011, 1141, 1142
1140, 1141, 1881
2560, 990, 2795
995, 996, 2808
1794, 1879, 1880
1879, 1878, 2007
2807, 2859, 995
1136, 1880, 1879
997, 2806, 2808
999, 2806, 998
2004, 1126, 2071
2657, 198, 2373
2809, 0, 1
2809, 2, 2576
197, 2658, 198
2003, 2002, 1875
2809, 1, 2
1923, 2053, 1806
998, 2806, 997
1877, 2901, 2887
991, 2795, 990
1156, 1157, 2029
979, 980, 2259
2664, 243, 2665
2565, 957, 2561
2035, 2081, 1898
2577, 2, 3
1963, 1379, 1380
2606, 2813, 66
63, 2605, 62
2605, 61, 62
2357, 2641, 2138
1362, 1968, 1848
2813, 2605, 64
301, 2644, 302
73, 2617, 72
69, 2616, 2814
1001, 1628, 1630
1001, 1626, 1628
2616, 69, 70
67, 2814, 66
1390, 1843, 1842
1786, 1842, 1843
2296, 61, 2605
1962, 2156, 1959
1378, 1379, 1844
2599, 407, 2285
54, 2299, 53
55, 2299, 54
1972, 2158, 1969
2877, 1788, 1968
52, 2610, 51
2296, 2604, 61
1342, 1343, 1852
1972, 1971, 1850
56, 2299, 55
1788, 1850, 1851
2295, 2112, 56
59, 2604, 2295
1374, 1847, 1846
1787, 1846, 1847
58, 2295, 57
2295, 56, 57
295, 2645, 2361
1968, 1362, 1363
56, 2112, 2299
1361, 1362, 1848
1852, 1973, 1789
51, 2610, 50
2617, 73, 2615
1967, 2157, 1964
88, 2614, 87
88, 89, 2614
1591, 1593, 1696
1593, 1595, 1695
2300, 85, 2613
2113, 82, 2300
1596, 1598, 1688
1686, 1594, 1596
87, 2614, 2301
1699, 1589, 1591
2627, 95, 96
94, 95, 2627
1555, 1647, 1557
1574, 1576, 1664
92, 93, 2629
2627, 2629, 94
1605, 1691, 1599
1605, 1601, 1603
92, 2628, 2818
1501, 375, 1603
1597, 1693, 1595
2626, 106, 107
2618, 77, 78
82, 83, 2300
1001, 1616, 1618
1001, 1614, 1616
2302, 2617, 2615
2618, 2619, 77
1001, 1622, 1624
1001, 1620, 1622
2618, 78, 79
1001, 1618, 1620
82, 2113, 2304
2300, 83, 84
126, 1516, 1608
1602, 1690, 1600
81, 2304, 80
81, 82, 2304
1610, 1612, 1001
1730, 1560, 1558
2618, 80, 2304
125, 1604, 1606
1001, 1612, 1614
2619, 76, 77
74, 2615, 73
1600, 1690, 1598
1001, 1624, 1626
2629, 2627, 2320
2650, 2140, 2366
2578, 2263, 2580
2582, 17, 18
18, 2581, 2582
1995, 1994, 1868
2869, 1869, 1792
2581, 18, 19
1995, 2160, 1991
2265, 23, 2260
24, 2260, 23
1864, 1987, 1990
2404, 2647, 2154
21, 22, 2265
22, 23, 2265
2654, 260, 259
1320, 1866, 1865
2265, 2581, 21
1791, 1865, 1866
1998, 1793, 1872
20, 2581, 19
2805, 9, 2579
2577, 2574, 2262
252, 2655, 2370
2160, 2935, 1867
2574, 5, 6
39, 2816, 38
2003, 2161, 2000
2885, 1873, 1992
9, 10, 2810
1891, 2025, 1796
14, 2578, 13
2580, 13, 2578
1997, 1286, 1287
1996, 1283, 1284
2580, 12, 13
15, 2578, 14
1998, 1262, 1263
1261, 1262, 1872
11, 2810, 10
1792, 2884, 2869
1999, 1265, 1266
2610, 53, 2299
2265, 2260, 2103
1282, 1283, 1870
43, 2607, 42
42, 2297, 2609
1337, 1856, 1855
2867, 1856, 1789
2609, 41, 42
2816, 40, 2609
1313, 1314, 1989
1978, 1304, 1305
2607, 43, 44
1303, 1304, 1857
47, 2611, 2815
2612, 49, 50
2878, 1849, 2158
1974, 1346, 1347
47, 48, 2611
49, 2612, 48
2878, 1853, 1970
1862, 1985, 1791
42, 2607, 2297
292, 291, 2646
1854, 1975, 1977
2610, 2612, 50
28, 29, 2572
2803, 2572, 30
1985, 1325, 1326
1324, 1325, 1862
2571, 2260, 25
2572, 2261, 27
277, 2649, 278
2880, 1854, 2867
2803, 32, 2573
1986, 1328, 1329
2816, 37, 38
2816, 2817, 37
1996, 1792, 1870
2651, 268, 267
2804, 2573, 32
2804, 33, 34
2868, 1861, 1790
1984, 2159, 1980
32, 33, 2804
1790, 1978, 2881
1984, 1983, 1860
27, 28, 2572
27, 2261, 2571
275, 2364, 276
1309, 2070, 1979
4, 5, 2574
4, 2574, 2577
1973, 1343, 1344
1875, 2002, 1793
2792, 911, 912
1109, 1110, 1923
1572, 1574, 1664
219, 218, 2383
2205, 220, 2090
221, 2202, 220
219, 220, 2205
1797, 2034, 2892
2038, 2893, 2036
220, 2202, 2090
218, 217, 2383
2491, 226, 227
229, 230, 2498
224, 223, 2670
2669, 225, 2670
223, 2490, 2202
2491, 225, 226
3067, 2892, 3136
2382, 2671, 220
222, 2202, 221
2669, 2670, 2381
2383, 220, 219
2203, 2490, 225
2764, 212, 2493
213, 2494, 212
205, 2375, 2662
2662, 206, 205
207, 2280, 2279
3000, 2999, 2274
203, 2376, 204
2376, 205, 204
214, 2494, 213
2013, 2075, 2166
2205, 2492, 217
219, 2205, 218
210, 2660, 211
213, 212, 2659
215, 2492, 2494
216, 2492, 215
2661, 209, 208
2661, 210, 209
214, 215, 2494
2384, 215, 2672
2891, 1893, 2031
2592, 2106, 2276
2497, 2498, 230
3067, 3136, 3238
2378, 2665, 240
2500, 2212, 248
243, 244, 2211
243, 2210, 2499
239, 238, 2378
2945, 1888, 2162
2206, 2495, 2091
240, 239, 2378
2501, 251, 252
195, 2276, 2275
2886, 1892, 2001
2821, 245, 2663
2211, 2212, 2092
2213, 2500, 250
1892, 2886, 2890
248, 2656, 249
2208, 2982, 2981
244, 243, 2664
245, 244, 2664
244, 245, 2211
233, 234, 2209
234, 2206, 2209
227, 2668, 228
2165, 1903, 2042
232, 2209, 2497
233, 2209, 232
2165, 2894, 1903
2667, 2380, 233
2496, 238, 239
2669, 226, 225
2496, 239, 240
242, 243, 2499
2076, 2903, 1884
1888, 2945, 2022
236, 2495, 2206
2495, 238, 2207
233, 232, 2667
2967, 2143, 3016
2209, 2206, 2091
233, 2380, 2666
2667, 232, 231
234, 235, 2206
2497, 230, 231
2378, 238, 2143
224, 2670, 225
245, 246, 2211
2395, 2680, 189
194, 2275, 193
2274, 2591, 192
193, 2274, 192
187, 2392, 188
2933, 2073, 2005
195, 2275, 194
189, 188, 2395
200, 2277, 2592
2999, 2273, 2274
193, 192, 2679
2658, 2373, 198
2272, 2590, 2105
2591, 189, 190
2373, 2658, 2920
191, 2680, 192
195, 196, 2276
2679, 192, 2394
191, 190, 2680
2594, 204, 205
182, 183, 2271
2583, 2104, 2266
3069, 1807, 2050
2400, 2683, 177
2271, 2584, 181
178, 179, 2584
173, 2399, 174
175, 174, 2401
183, 184, 2271
177, 176, 2401
2273, 2590, 189
187, 2590, 2272
2392, 185, 2677
183, 2393, 2677
2267, 2955, 2997
184, 2272, 2105
2678, 2393, 183
3069, 1920, 1921
184, 2105, 2271
182, 181, 2678
178, 177, 2683
182, 2271, 181
2276, 198, 2592
2150, 2395, 2392
205, 2278, 2594
208, 2280, 207
2372, 2142, 2376
202, 2372, 203
2279, 205, 206
201, 202, 2593
2372, 200, 2657
1878, 3086, 2901
206, 207, 2279
1138, 1881, 1880
1893, 2029, 1157
1156, 2029, 1155
1902, 1195, 1196
2013, 2166, 2902
2029, 1154, 1155
2028, 2079, 1154
1013, 1909, 1012
1041, 1906, 1799
2079, 1153, 1154
1043, 1906, 1042
197, 196, 2658
200, 201, 2593
1143, 1144, 2012
1145, 2012, 1144
1916, 1804, 1915
1033, 1916, 1032
1143, 1882, 2011
1141, 2011, 1881
1109, 1923, 1108
142, 141, 2823
2012, 1882, 1143
1919, 1025, 1026
1148, 2075, 2013
1150, 2075, 1149
1017, 1911, 1801
1019, 1911, 1018
2012, 1146, 2074
2075, 1148, 1149
1913, 1008, 1009
129, 128, 1802
1148, 2013, 2074
1912, 1005, 1006
1800, 2146, 2148
202, 201, 2372
2888, 3086, 1879
1908, 1909, 1800
2897, 2056, 2057
2583, 2266, 176
250, 251, 2501
1794, 1881, 2011
124, 1762, 1766
1219, 1220, 1883
1218, 1887, 1217
1887, 1218, 1795
1767, 1769, 1768
1521, 1768, 1519
1795, 1218, 1883
1765, 376, 1769
1223, 2015, 1884
1225, 2015, 1224
1763, 1765, 1764
1525, 1764, 1523
2014, 1883, 1221
1224, 2015, 1223
1521, 1523, 1767
1771, 1519, 1768
2014, 1223, 1884
1765, 1763, 1761
1770, 1522, 1520
1887, 1216, 1217
2018, 1208, 2016
1208, 1209, 2016
1771, 1769, 1773
378, 2335, 377
1208, 2018, 1207
2018, 1205, 1206
2905, 1514, 1512
1513, 1515, 1775
1213, 1214, 2019
2335, 378, 379
2019, 1214, 1215
2019, 1216, 1887
1517, 1519, 1771
1517, 1771, 1772
1212, 1213, 2020
1213, 1886, 2020
1773, 1769, 376
1770, 1518, 1774
1211, 1212, 2020
1516, 1774, 1518
376, 377, 1773
1207, 2018, 1206
1228, 2022, 2076
1769, 1767, 1765
1890, 1891, 1796
1892, 2025, 1245
1533, 1756, 1531
1746, 1754, 124
243, 242, 2665
1890, 1239, 1240
1755, 1757, 1756
376, 1757, 1753
1243, 2025, 1891
1753, 1757, 1755
2001, 1250, 1874
1241, 1891, 1240
1751, 1753, 1752
1537, 1752, 1535
1248, 1249, 2001
2026, 1248, 2001
1756, 1757, 1759
1529, 1531, 1759
2026, 1245, 1246
1753, 1749, 1745
1528, 1526, 1762
1885, 2018, 2016
2021, 2023, 1232
2021, 1232, 1233
1764, 1767, 1523
376, 1761, 1757
1230, 2078, 1229
1888, 2023, 2021
124, 1758, 1762
1766, 1524, 1522
1234, 2021, 1233
1763, 1764, 1525
2014, 1795, 1883
1890, 1238, 1239
1526, 1524, 1766
1761, 1763, 1760
2024, 1236, 1237
2024, 1237, 1238
1529, 1760, 1527
1757, 1761, 1759
1238, 1889, 2024
124, 1754, 1758
1759, 1761, 1760
1231, 2023, 2078
1228, 1229, 2078
1527, 1760, 1763
1761, 376, 1765
2001, 1249, 1250
2140, 2365, 2366
2383, 2384, 2144
1897, 1171, 1172
1169, 1170, 1896
1323, 1862, 1322
2648, 279, 278
1896, 1897, 1797
1302, 1857, 1301
1177, 1178, 2035
2034, 1797, 1897
1847, 1376, 1377
302, 2644, 303
1176, 1177, 2035
1174, 2034, 1897
286, 2403, 287
1848, 1851, 1359
1176, 1898, 2034
2942, 1965, 1845
1341, 1852, 1340
1176, 2035, 1898
2032, 1162, 1163
2033, 1169, 1895
1890, 1240, 1891
1219, 1883, 1218
1157, 2027, 1893
1896, 1170, 1171
1172, 1173, 1897
1896, 1171, 1897
1163, 1164, 2032
1241, 1242, 1891
1167, 1168, 2033
1169, 2033, 1168
255, 2370, 2141
1870, 1281, 1282
2030, 1164, 1165
1165, 1166, 2030
1880, 1881, 1794
1140, 1881, 1139
2032, 1164, 2030
1872, 1876, 1260
238, 2379, 2143
2080, 1162, 2031
2081, 1181, 2036
1281, 1870, 1280
2669, 227, 226
1902, 1798, 1901
1814, 1816, 1485
365, 364, 2339
2039, 1193, 1901
1193, 1194, 1901
1780, 1820, 2153
1477, 1779, 1819
1903, 2041, 1199
1779, 2907, 2862
2077, 1203, 1204
2077, 1204, 1205
2128, 377, 2335
377, 2128, 1773
1201, 2042, 1200
1199, 1200, 2042
1777, 1811, 2131
372, 371, 1811
1902, 1197, 2041
373, 372, 1776
1490, 1777, 1813
2017, 2077, 1205
1195, 1902, 1194
1899, 2038, 1186
1421, 1784, 1835
326, 2353, 327
2082, 1184, 2038
1182, 2082, 1181
309, 2358, 2641
1839, 1407, 1408
1187, 2037, 1186
317, 2355, 2640
1191, 2039, 1190
2039, 1191, 1192
1459, 1781, 1825
352, 351, 2633
2040, 1190, 2039
1899, 1186, 2037
331, 2351, 2637
1448, 1782, 1828
1187, 1188, 2037
338, 2636, 339
1832, 1434, 1435
2038, 1185, 1186
1179, 2081, 2035
1468, 1780, 1822
1840, 1843, 1392
1159, 2027, 1158
2027, 1157, 1158
2631, 2330, 117
1901, 1194, 1902
2000, 1250, 1251
2391, 147, 2149
2114, 2305, 148
2962, 2120, 2325
2305, 147, 148
2147, 3018, 2675
142, 2675, 2676
2114, 148, 2306
2149, 147, 2390
2620, 153, 2307
156, 2308, 155
1041, 1042, 1906
153, 2385, 2145
2307, 153, 154
154, 155, 2308
3131, 2936, 2871
148, 147, 2391
1508, 2961, 2962
149, 148, 2391
147, 146, 2390
2309, 156, 157
2120, 136, 2323
140, 141, 2325
2388, 134, 2146
134, 2388, 135
2125, 2324, 2961
2323, 136, 137
130, 2148, 131
132, 131, 2148
142, 2325, 141
133, 2146, 134
2305, 146, 147
2305, 145, 146
2823, 2675, 142
2823, 141, 140
143, 2326, 142
2120, 2323, 2325
2147, 2389, 137
2389, 138, 137
142, 2121, 2325
139, 138, 2389
2388, 136, 135
2305, 2326, 145
2620, 2306, 151
144, 2676, 2390
171, 2588, 170
166, 167, 2585
165, 164, 2398
2398, 2682, 165
2589, 169, 2588
2268, 165, 2585
2398, 2396, 2151
163, 2396, 164
172, 2270, 171
2932, 2066, 1934
2266, 174, 175
2104, 2270, 2266
2399, 2152, 174
2399, 173, 172
173, 2266, 2270
174, 2266, 173
2921, 2152, 2399
168, 2397, 2681
2588, 169, 170
168, 2681, 169
167, 166, 2682
217, 218, 2205
2586, 161, 162
162, 163, 2587
2387, 2674, 155
3068, 1930, 2898
2958, 2114, 3007
2621, 161, 2586
1799, 2895, 2871
154, 153, 2387
164, 2587, 163
155, 154, 2387
2268, 2587, 165
165, 2587, 164
158, 2386, 2673
158, 2673, 159
2674, 157, 156
153, 152, 2385
1668, 1578, 1580
1582, 1672, 1580
1907, 2045, 1046
3091, 2968, 3068
152, 151, 2385
172, 173, 2270
2308, 156, 2309
2045, 1906, 1044
2148, 130, 1803
2267, 2583, 178
1908, 1011, 1909
135, 2324, 134
1510, 1512, 2125
2334, 2333, 131
127, 1003, 1802
128, 127, 1802
136, 2324, 135
129, 1802, 1803
1910, 1017, 1801
1800, 1909, 1910
1613, 1525, 1523
1615, 1525, 1613
1016, 1017, 1910
1016, 1910, 1015
1614, 1524, 1526
1528, 1618, 1526
132, 2148, 133
1620, 1528, 1530
127, 126, 1002
1911, 1017, 1018
1004, 1005, 1802
1802, 1003, 1004
1513, 1511, 372
2127, 127, 128
126, 1001, 1002
1003, 127, 1002
1512, 1514, 2127
2118, 2316, 2906
1007, 1008, 1913
2123, 2126, 1509
1908, 1010, 1011
1909, 1011, 1012
1609, 1519, 1607
1521, 1519, 1609
1010, 1908, 1913
1007, 1913, 1912
1516, 126, 1514
1607, 1517, 1515
1007, 1912, 1006
1607, 1519, 1517
126, 127, 1514
1001, 126, 1608
2585, 165, 166
1614, 1522, 1524
2043, 2044, 1036
1036, 2044, 1035
1562, 1564, 1652
1656, 1564, 1566
1915, 1032, 1916
146, 145, 2390
1558, 1648, 1556
1560, 1648, 1558
2043, 1036, 1037
1650, 1560, 1562
1905, 1040, 1041
1031, 1032, 1915
1643, 1553, 1551
1555, 1553, 1645
1039, 1905, 2043
1040, 1905, 1039
1637, 1547, 1545
1549, 1547, 1639
1037, 1038, 2043
1551, 1639, 1641
1543, 1635, 1545
1905, 1041, 1799
1025, 1918, 1024
1023, 1024, 1918
1542, 1630, 1540
1542, 1544, 1634
1918, 1022, 1023
1805, 1918, 1919
1525, 1617, 1527
1536, 1538, 1628
1020, 1021, 2048
1540, 1630, 1538
1915, 1030, 1031
1030, 1915, 1029
1623, 1625, 1535
1627, 1535, 1625
1029, 2047, 1028
1914, 2047, 1029
1533, 1531, 1621
1533, 1621, 1623
1025, 1919, 1918
1533, 1623, 1535
1546, 1636, 1544
1022, 1917, 2048
137, 136, 2388
1554, 1556, 1646
1525, 1615, 1617
129, 1803, 130
2120, 2324, 136
1578, 1666, 1576
2863, 1822, 1780
1923, 1922, 1108
1105, 1106, 1922
1922, 1106, 1107
1462, 1463, 1940
1461, 1462, 1823
1108, 1922, 1107
1465, 1822, 1821
2054, 1924, 1112
1114, 2054, 1113
1474, 1819, 1818
2862, 1819, 1779
2054, 1112, 1113
1110, 2053, 1923
1780, 2153, 2863
1471, 1472, 1939
1924, 2053, 1112
1470, 1471, 1820
1940, 2155, 1823
2392, 187, 186
2083, 1098, 2050
1098, 1099, 2051
2865, 1828, 1782
1829, 1437, 1946
1927, 1094, 1928
1928, 1807, 1927
1946, 1437, 1438
1436, 1437, 1829
1921, 2052, 1105
1943, 1827, 1945
1920, 2051, 2049
2052, 1104, 1105
2864, 1825, 1781
1826, 1942, 1782
1102, 2049, 1101
2049, 1100, 1101
1942, 1451, 1452
1450, 1451, 1826
2051, 1100, 2049
1824, 1454, 1941
2135, 2346, 2634
1927, 1093, 1094
1118, 2073, 1117
1781, 1823, 2155
1132, 1133, 2007
1132, 2007, 2009
2310, 2623, 383
2128, 1775, 1773
2009, 1131, 1132
1129, 1130, 2009
1493, 1812, 1492
1777, 1490, 1812
2007, 1878, 2009
370, 1811, 371
1880, 1137, 1138
2010, 1136, 1879
2678, 183, 182
1928, 1094, 1095
1136, 1137, 1880
1131, 2009, 1130
1078, 1936, 1077
1931, 1932, 1808
1135, 1136, 2010
1062, 1932, 1061
1936, 1809, 1076
1129, 2008, 1128
1122, 2006, 1121
2006, 2072, 1121
1938, 1937, 1815
1778, 1815, 1816
1119, 2072, 1118
1120, 2072, 1119
1818, 1819, 2862
1938, 1480, 1481
2006, 1122, 1123
1479, 1480, 1817
2008, 2071, 1128
2004, 1877, 1123
1816, 1814, 1778
1813, 1777, 2131
1125, 2004, 1124
1124, 2004, 1123
1778, 1813, 2132
1813, 1778, 1814
1877, 2006, 1123
1488, 1814, 1487
1779, 1817, 1938
1100, 2051, 1099
1118, 2005, 2073
1811, 1777, 1812
1939, 2153, 1820
1139, 1881, 1138
1651, 1563, 1561
1061, 1932, 1931
1059, 1060, 1931
1058, 1059, 1931
374, 1498, 1607
1561, 1559, 1649
162, 2396, 163
1651, 1561, 1649
2064, 1933, 1065
1067, 2064, 1066
1567, 1565, 1657
1659, 1567, 1657
2064, 1065, 1066
2063, 1932, 1063
1653, 1655, 1563
1563, 1655, 1565
1933, 2063, 1065
1565, 1655, 1657
1651, 1653, 1563
1060, 1061, 1931
1052, 2061, 1051
2084, 1051, 2060
1590, 1592, 1682
1594, 1684, 1592
1046, 2046, 1907
1936, 1076, 1077
1584, 1586, 1676
1586, 1588, 1676
2061, 1053, 2059
1590, 1678, 1588
1057, 1058, 2062
2059, 1929, 2061
1579, 1708, 1711
1708, 1709, 1711
1053, 1054, 2059
2062, 1058, 1930
1703, 1585, 1587
1583, 1704, 1707
2045, 1799, 1906
1581, 1583, 1707
1703, 1587, 1700
2059, 1054, 1055
1069, 1070, 2066
1577, 1711, 1712
1085, 1925, 2057
1086, 2055, 1085
3084, 1948, 1830
1425, 1426, 2068
1085, 2057, 1084
1083, 1084, 2057
1950, 1834, 1952
2866, 1835, 1784
1087, 2055, 1086
1836, 1410, 1953
2058, 1091, 1926
1085, 2055, 1925
1783, 1946, 2873
2068, 1424, 1425
1091, 2058, 1090
2058, 1089, 1090
1432, 1832, 1831
1783, 1831, 1832
2057, 1082, 1083
1949, 1947, 1830
1424, 2068, 1423
1093, 1927, 1092
2063, 1808, 1932
2065, 1074, 1935
1394, 1395, 1840
1405, 1839, 1838
1927, 1091, 1092
1072, 1073, 2065
1844, 1379, 1963
311, 2641, 2357
1075, 1935, 1074
1958, 1395, 1396
170, 169, 2681
2056, 1081, 1082
2639, 2354, 322
1953, 1410, 1411
1076, 1809, 1935
1081, 2056, 2067
1837, 1954, 1957
2638, 2137, 2353
1075, 1076, 1935
1840, 1395, 1958
1785, 1838, 1839
2065, 1071, 1072
1071, 1934, 2066
1409, 1410, 1836
1659, 1569, 1567
1048, 2046, 1047
1046, 1047, 2046
331, 330, 2351
1584, 1672, 1582
176, 175, 2401
2130, 124, 1774
1923, 1806, 1922
1958, 2875, 1786
753, 754, 2740
2886, 2001, 1874
1749, 1753, 1751
369, 2126, 2123
129, 130, 2127
2333, 130, 131
382, 383, 2623
1509, 2861, 3102
2905, 1774, 1514
2905, 1512, 1510
2905, 2130, 1774
2130, 2129, 2337
367, 2338, 368
2338, 366, 365
2338, 2339, 2132
1778, 2132, 2907
359, 2341, 360
2341, 2133, 2340
353, 2343, 354
2343, 2134, 355
346, 2346, 347
2345, 2346, 2135
334, 2350, 335
2349, 2350, 2136
325, 2353, 326
327, 2353, 2137
312, 2357, 313
2357, 2138, 314
296, 2361, 297
2361, 2139, 298
2365, 273, 2366
2366, 272, 271
254, 2370, 255
2370, 254, 253
2888, 1794, 2011
2372, 2376, 203
237, 2379, 238
2379, 237, 236
2384, 2383, 217
217, 216, 2384
2060, 2895, 1907
153, 2145, 2387
1910, 2909, 1800
2388, 2146, 2909
2909, 1801, 3018
3018, 1917, 1805
1803, 1913, 2148
133, 2148, 2146
1804, 1916, 2163
2391, 2910, 2385
2073, 2933, 1924
2392, 2395, 188
2066, 2932, 1933
2396, 2398, 164
1925, 2164, 2897
174, 2152, 2401
2153, 1818, 2862
2863, 2155, 1821
2404, 2403, 285
2404, 285, 284
2863, 1821, 1822
2864, 1824, 1825
2938, 1786, 2875
1846, 1787, 2939
2939, 1787, 2876
2939, 2157, 1846
2941, 1788, 2877
2139, 2361, 2645
1860, 1861, 2868
2885, 1992, 2935
1868, 1869, 2869
2885, 1793, 1998
2943, 1793, 2885
3129, 2935, 3127
2944, 1796, 2890
1795, 2889, 2870
1905, 2871, 1904
1804, 2936, 1914
2937, 1926, 1807
1809, 2067, 2899
2946, 1885, 2931
2379, 2666, 2143
2029, 2891, 2028
2902, 2166, 2891
2413, 2701, 3076
2096, 2232, 2531
2412, 2922, 3021
2685, 2167, 2405
2988, 3042, 3212
2411, 2697, 2168
3023, 2173, 2704
2703, 581, 582
2947, 2171, 2085
2421, 2419, 2170
592, 593, 2172
2422, 593, 594
624, 2429, 2712
625, 2429, 624
2432, 2974, 2431
2704, 2173, 2423
3023, 2972, 2173
2425, 2707, 2174
2086, 2975, 2177
646, 2715, 2430
3024, 2973, 2174
2176, 2433, 2437
2086, 2177, 2178
2437, 2436, 2177
661, 662, 2179
2438, 662, 663
693, 2726, 2728
694, 2726, 693
2449, 3029, 3081
2439, 2718, 2180
2976, 2184, 2087
2721, 2181, 2441
3190, 2975, 3216
718, 2729, 2447
2087, 2455, 2976
2451, 2183, 2453
2087, 2184, 2185
729, 2185, 2184
733, 734, 2186
2455, 734, 735
764, 765, 2741
2462, 2741, 766
2746, 2465, 3082
2187, 2456, 2733
2977, 2189, 3033
2736, 2188, 2458
2191, 2192, 2948
2464, 789, 2744
2088, 2471, 2978
2190, 2467, 2470
2948, 2192, 2088
799, 2192, 2191
804, 805, 2193
2471, 805, 806
836, 2481, 2758
836, 837, 2481
871, 872, 2195
2474, 872, 873
901, 902, 2551
3062, 3035, 2476
2484, 2485, 2980
2747, 2194, 2472
3110, 2200, 2979
2477, 2753, 2197
2487, 2199, 3110
2763, 858, 859
2979, 2089, 2474
2486, 2199, 2488
2089, 2200, 2201
867, 2201, 2200
222, 223, 2202
2490, 223, 224
228, 229, 2498
2208, 2091, 2982
2205, 2949, 2204
2764, 210, 211
2949, 2205, 2090
2492, 2204, 2494
235, 236, 2206
2495, 236, 237
238, 2496, 2207
2983, 2210, 2092
2949, 2090, 2981
225, 2491, 2203
2091, 2208, 2209
2498, 2497, 2208
2983, 2092, 2500
2207, 2496, 2499
2092, 2210, 2211
243, 2211, 2210
247, 248, 2212
2500, 248, 249
253, 254, 2503
2984, 2214, 2093
2984, 2093, 2504
250, 2501, 2213
2093, 2214, 2215
2503, 2502, 2214
260, 261, 2216
2504, 261, 262
263, 2505, 2217
2985, 2218, 2094
2094, 2508, 2985
2217, 2505, 2507
2218, 2506, 2094
2507, 2506, 2218
273, 274, 2220
2508, 274, 275
276, 2509, 2221
3096, 2985, 2913
2950, 3088, 2911
2284, 2599, 2108
2223, 2515, 2911
2765, 2222, 2510
2095, 2519, 2986
2518, 2911, 2515
2950, 2225, 2095
441, 2225, 2224
446, 447, 2226
2519, 447, 448
468, 469, 2526
2854, 3063, 2521
2528, 2987, 2523
2771, 2227, 2520
2912, 2229, 2527
2522, 2773, 2228
2096, 2531, 2988
2530, 2912, 2527
2096, 2230, 2231
2530, 2529, 2230
490, 491, 2232
2531, 491, 492
2692, 2831, 516
2830, 3056, 2829
286, 287, 2234
2534, 287, 288
292, 293, 2539
2240, 2098, 2990
2097, 2534, 2989
2536, 2913, 2509
2097, 2236, 2237
282, 2237, 2236
298, 299, 2238
2537, 299, 300
2538, 302, 303
2239, 2244, 2951
2990, 2098, 2537
289, 2535, 2235
2098, 2240, 2241
294, 2241, 2240
309, 310, 2242
2540, 310, 311
2541, 313, 314
2991, 2951, 2099
2951, 2244, 2099
301, 2538, 2239
2952, 2245, 2100
312, 2541, 2243
320, 321, 2246
2542, 321, 322
2543, 324, 325
2109, 3002, 2287
931, 932, 2248
2544, 932, 933
956, 957, 2565
2953, 2101, 2993
2548, 2924, 3044
2475, 2750, 2196
3153, 3198, 3033
2784, 2250, 2547
2101, 2544, 2993
2793, 919, 920
2953, 2253, 2101
2555, 2252, 2557
982, 983, 2254
2558, 983, 984
3, 4, 2577
3202, 2993, 3043
3118, 2257, 3070
2781, 2249, 2545
2258, 2259, 2954
2256, 2561, 2796
2102, 2558, 2995
2570, 2257, 2566
2954, 2259, 2102
2258, 975, 2569
24, 25, 2260
2571, 25, 26
40, 41, 2609
2925, 2573, 2804
2263, 3100, 2579
2559, 2794, 2255
2914, 2263, 2578
7, 2805, 2574
2996, 2103, 2571
2582, 2914, 2578
2103, 2264, 2265
2582, 2581, 2264
175, 176, 2266
2583, 176, 177
2584, 179, 180
2267, 2271, 2955
2997, 2998, 2269
159, 2621, 2309
2997, 2104, 2583
2268, 2585, 2589
2104, 2269, 2270
2589, 2588, 2269
2955, 2271, 2105
178, 2584, 2267
186, 187, 2272
2590, 187, 188
2591, 190, 191
2274, 2106, 3000
2955, 2105, 2999
2273, 189, 2591
2106, 2274, 2275
193, 2275, 2274
197, 198, 2276
2592, 198, 199
203, 204, 2594
2107, 3105, 3123
2493, 3105, 2107
200, 2593, 2277
2107, 2278, 2279
205, 2279, 2278
209, 210, 2280
211, 212, 2764
3001, 2282, 2108
2811, 391, 392
3001, 2108, 2599
2595, 2281, 2597
2108, 2282, 2283
400, 2283, 2282
404, 405, 2284
2599, 405, 406
414, 415, 2769
3039, 2768, 2769
331, 332, 2286
2601, 332, 333
2100, 2992, 2952
2247, 323, 2543
2109, 2287, 2288
327, 2288, 2287
340, 341, 2289
2602, 341, 342
3003, 3002, 2290
2286, 2601, 2109
2110, 2290, 2291
2290, 334, 2603
2314, 3108, 2111
2289, 2602, 2110
2111, 2292, 2293
344, 2293, 2292
348, 349, 2294
350, 351, 2624
58, 59, 2295
2604, 59, 60
71, 2617, 70
2297, 2815, 3052
2298, 2956, 3052
2261, 2572, 2803
2604, 3004, 2112
45, 2815, 2607
2956, 2299, 2112
2610, 2298, 2612
84, 85, 2300
2613, 85, 86
93, 94, 2629
3111, 2628, 2320
2915, 2302, 2615
2813, 2296, 2605
2113, 2613, 3006
2619, 2915, 2615
2957, 2304, 2113
2619, 2618, 2303
2958, 2305, 2114
142, 2326, 2121
150, 151, 2306
2620, 151, 152
2115, 2621, 3008
2306, 2620, 2114
2115, 2307, 2308
154, 2308, 2307
158, 159, 2309
2621, 159, 160
2596, 2959, 2116
2623, 2128, 2335
2959, 2311, 2116
2310, 383, 2622
390, 391, 2312
392, 393, 2811
355, 356, 2313
356, 357, 2317
2117, 2960, 3108
2294, 2624, 2111
2117, 2314, 2315
351, 2315, 2314
361, 362, 2316
362, 363, 2328
2317, 2118, 2960
356, 2317, 2313
103, 104, 2318
2625, 104, 105
106, 2626, 2319
2963, 2331, 2332
2625, 3009, 2119
2818, 90, 91
2957, 2113, 3006
2321, 2320, 2627
2119, 2321, 2322
99, 2322, 2321
138, 139, 2323
2325, 139, 140
2324, 2120, 2961
2125, 2333, 2334
2121, 2962, 2325
139, 2325, 2323
145, 2326, 144
2305, 2121, 2326
367, 2329, 366
2329, 367, 368
2906, 2328, 2122
362, 2328, 2316
2122, 2329, 2123
366, 2329, 2327
116, 117, 2330
2631, 117, 118
2124, 2631, 3010
2319, 2626, 2632
2963, 2332, 2124
111, 2332, 2331
1512, 2333, 2125
2127, 130, 2333
134, 2334, 133
2324, 2125, 2334
379, 380, 2335
380, 381, 2623
2129, 2130, 2905
2330, 2631, 2124
2129, 2336, 2337
120, 2337, 2336
1813, 2338, 2132
368, 2338, 2131
364, 363, 2339
363, 362, 2340
2340, 2133, 2907
363, 2340, 2339
359, 358, 2341
358, 357, 2342
2153, 2862, 3148
358, 2342, 2341
352, 2633, 353
351, 350, 2633
2135, 3011, 3148
3148, 2863, 2153
2135, 2344, 2345
350, 2345, 2344
346, 345, 2346
2634, 345, 344
343, 2635, 2347
1824, 2930, 1942
2637, 3073, 2136
3073, 3011, 2348
2136, 2348, 2349
338, 2349, 2348
334, 333, 2350
2637, 333, 332
2964, 2351, 2352
1783, 2873, 3084
2964, 2352, 2137
330, 2352, 2351
325, 324, 2353
2638, 324, 323
2639, 2640, 2354
1951, 1834, 2874
1842, 1786, 2938
1838, 1785, 2874
2965, 2356, 2138
317, 2356, 2355
312, 311, 2357
2641, 311, 310
2643, 2916, 2642
1842, 2938, 2156
1850, 1788, 2941
2877, 2942, 2941
2966, 2360, 2139
2359, 303, 2644
296, 295, 2361
2645, 295, 294
2362, 2646, 2684
2878, 2879, 1853
2648, 2649, 2363
2882, 1791, 1985
3122, 3143, 2900
2882, 1865, 1791
2140, 2364, 2365
275, 2365, 2364
271, 270, 2366
2650, 270, 269
2820, 265, 264
2869, 2160, 1868
1793, 2943, 1875
2651, 2820, 2367
2917, 2369, 2141
2653, 2654, 2368
253, 252, 2370
2655, 252, 251
2821, 247, 246
1875, 2943, 2161
201, 200, 2372
2657, 200, 199
2920, 2658, 2679
2008, 1878, 2901
2662, 2374, 2661
2028, 2891, 2166
2375, 2142, 3015
2891, 3067, 3138
2142, 2375, 2376
205, 2376, 2375
3130, 2945, 3129
2656, 2821, 2371
2967, 2378, 2143
2377, 2664, 2665
236, 235, 2379
2666, 235, 234
2822, 2667, 230
2020, 2931, 1885
2670, 2671, 2381
2904, 1898, 2081
2144, 3017, 2382
1900, 2893, 1899
2144, 2382, 2383
220, 2383, 2382
216, 215, 2384
2672, 215, 214
151, 150, 2385
2391, 150, 149
2936, 3131, 2910
2968, 3131, 3068
2968, 2387, 2145
2386, 158, 2674
2146, 1800, 2909
137, 2388, 2147
2823, 2147, 2675
139, 2389, 2823
145, 144, 2390
2676, 144, 143
2936, 2910, 2149
150, 2391, 2385
186, 185, 2392
2677, 185, 184
2678, 2683, 2919
1920, 3069, 2050
1806, 2896, 1921
2887, 2005, 2006
2150, 2394, 2395
2394, 192, 2680
162, 161, 2396
2673, 161, 160
2063, 2898, 1808
2872, 1934, 1935
2151, 2397, 2398
2397, 168, 2682
172, 171, 2399
2681, 171, 170
2899, 2872, 1809
2678, 2919, 2393
2969, 2401, 2152
177, 2401, 2400
2942, 3128, 3213
2158, 1850, 2941
2154, 2402, 2403
288, 2403, 2402
284, 283, 2404
282, 281, 2819
541, 542, 2405
2685, 542, 543
554, 555, 2700
3076, 2701, 2414
3119, 2408, 3075
2233, 2532, 2779
3020, 2167, 2685
2407, 2688, 2826
2406, 2824, 3054
2693, 2696, 2408
2970, 2410, 2167
536, 2410, 2409
567, 568, 2411
2697, 568, 569
570, 2698, 2412
2698, 2922, 2412
2415, 2971, 2414
2824, 2406, 2686
2168, 2697, 3021
2699, 2701, 2413
2971, 2415, 2168
562, 2415, 2414
581, 2703, 580
582, 583, 2703
2947, 3092, 2420
2702, 2922, 2698
2169, 2417, 2418
576, 2418, 2417
588, 2419, 587
2171, 2170, 2419
2947, 2170, 2171
2416, 2703, 2169
2170, 2420, 2421
583, 2421, 2420
595, 2422, 594
2422, 2173, 2972
597, 598, 2423
2704, 598, 599
613, 614, 2711
2927, 2706, 2835
629, 630, 2425
2707, 630, 631
637, 638, 2717
2715, 3025, 2175
2428, 2973, 3109
2834, 2424, 2705
2431, 3077, 2717
2838, 617, 618
2973, 2429, 2174
2712, 2428, 2714
645, 646, 2430
2715, 646, 647
3226, 3220, 3179
2717, 2426, 2708
2974, 2432, 2175
2431, 638, 2716
653, 654, 2433
2437, 654, 655
2975, 3134, 2177
2430, 2715, 2175
2176, 2434, 2435
649, 2435, 2434
658, 2436, 657
2178, 2177, 2436
2176, 2437, 2177
2433, 654, 2437
664, 2438, 663
2438, 2180, 2975
666, 667, 2439
2718, 667, 668
682, 683, 2725
2720, 2928, 3058
700, 701, 2441
2721, 701, 702
708, 709, 2731
3029, 2449, 2182
2443, 3059, 3028
2440, 2719, 2839
2181, 3027, 2445
2723, 687, 2841
3081, 2442, 2731
2728, 2726, 2444
2181, 2445, 2446
696, 2446, 2445
717, 718, 2447
2729, 718, 719
3029, 2452, 2183
2731, 2442, 2722
2976, 3132, 2184
2448, 709, 2730
2182, 2449, 2450
713, 2450, 2449
2454, 726, 727
2184, 2183, 2451
3203, 3215, 3189
2447, 2729, 2182
2183, 2452, 2453
2452, 720, 2732
2184, 2451, 2454
726, 2454, 2451
736, 2455, 735
2455, 2187, 2976
738, 739, 2456
2733, 739, 740
754, 755, 2740
3083, 2846, 2739
771, 772, 2458
2736, 772, 773
779, 780, 2746
3033, 2189, 2744
3114, 2462, 3031
2457, 2734, 2844
3031, 2188, 2736
2847, 759, 760
2459, 2746, 3082
2743, 2741, 2461
2188, 2462, 2463
767, 2463, 2462
788, 789, 2464
2744, 789, 790
2468, 2190, 3033
2737, 2746, 2459
2977, 2466, 2189
780, 2745, 2465
796, 797, 2467
2470, 797, 798
2191, 2948, 2190
2464, 2744, 2189
2190, 2468, 2469
792, 2469, 2468
2190, 2470, 2191
2467, 797, 2470
807, 2471, 806
2471, 2194, 2978
809, 810, 2472
2747, 810, 811
825, 826, 2757
2749, 2929, 3061
874, 2474, 873
2474, 2196, 2979
876, 877, 2475
2750, 877, 878
890, 2788, 889
2790, 3079, 2549
841, 842, 2477
2753, 842, 843
848, 849, 2762
3061, 3199, 3034
3036, 3115, 2481
2848, 2473, 2748
3036, 2197, 2753
2853, 829, 830
2762, 2484, 3078
2760, 2758, 2480
2197, 2481, 2482
837, 2482, 2481
858, 2763, 857
859, 860, 2763
3110, 2199, 2200
2762, 2478, 2754
2980, 2485, 2198
2484, 850, 2761
2489, 864, 865
2200, 2199, 2486
2200, 2089, 2979
2198, 2483, 2487
2199, 2487, 2488
860, 2488, 2487
2200, 2486, 2489
864, 2489, 2486
225, 2490, 224
2490, 2203, 2981
2498, 227, 228
2203, 2491, 2498
217, 2492, 216
2205, 2204, 2492
2204, 2949, 3105
2280, 2764, 2107
2204, 2493, 2494
212, 2494, 2493
238, 2495, 237
2495, 2207, 2982
240, 241, 2496
2499, 241, 242
232, 2497, 231
2209, 2208, 2497
2203, 2498, 2208
227, 2498, 2491
2207, 2499, 2210
2496, 241, 2499
250, 2500, 249
2500, 2213, 2983
2503, 252, 253
2214, 2213, 2501
256, 2215, 2502
2215, 2214, 2502
2214, 2501, 2503
252, 2503, 2501
263, 2504, 262
2504, 2217, 2984
265, 266, 2505
2507, 266, 267
270, 2506, 269
2094, 2506, 2219
2217, 2507, 2218
2505, 266, 2507
276, 2508, 275
2508, 2221, 2985
278, 279, 2509
279, 280, 2536
426, 427, 2510
2765, 427, 428
2766, 430, 431
2516, 2223, 3088
2923, 2512, 2767
410, 2812, 2600
2222, 2765, 3038
2770, 2923, 2767
2222, 2513, 2514
422, 2514, 2513
437, 438, 2515
438, 439, 2518
2223, 2911, 3088
2511, 429, 2766
2223, 2516, 2517
433, 2517, 2516
2518, 2224, 2911
438, 2518, 2515
449, 2519, 448
2519, 2227, 2986
451, 452, 2520
2771, 452, 453
461, 462, 2777
2228, 3041, 2525
471, 472, 2522
2773, 472, 473
2774, 475, 476
2229, 2912, 2987
2228, 2773, 3041
2772, 457, 2854
3041, 2523, 2987
2775, 2524, 2777
2228, 2525, 2526
467, 2526, 2525
481, 482, 2527
482, 483, 2530
2987, 2528, 2229
2523, 474, 2774
487, 2529, 486
2231, 2230, 2529
2530, 2230, 2912
482, 2530, 2527
493, 2531, 492
2531, 2233, 2988
495, 496, 2532
2779, 496, 497
507, 508, 2830
2690, 2926, 3056
289, 2534, 288
2534, 2235, 2989
2539, 291, 292
2235, 2535, 2539
2536, 2236, 2913
279, 2536, 2509
301, 2537, 300
2537, 2239, 2990
304, 2538, 303
2244, 2239, 2538
2235, 2539, 2240
291, 2539, 2535
312, 2540, 311
2540, 2243, 2991
315, 2541, 314
2245, 2243, 2541
323, 2542, 322
2542, 2247, 2992
326, 2543, 325
2287, 2247, 2543
934, 2544, 933
2544, 2249, 2993
936, 937, 2545
2781, 937, 938
947, 948, 2799
2556, 3106, 2251
904, 905, 2547
2784, 905, 906
907, 2785, 2548
2785, 2924, 2548
3035, 2979, 2196
2476, 2751, 2850
2250, 2784, 3044
2786, 2790, 2549
2994, 2551, 2250
2550, 897, 2789
918, 919, 2552
920, 921, 2793
3106, 2556, 2252
2792, 2924, 2785
2251, 2553, 2554
2792, 2791, 2553
926, 2555, 925
2253, 2252, 2555
2953, 2252, 2253
2251, 2552, 2556
2252, 2556, 2557
921, 2557, 2556
985, 2558, 984
2558, 2255, 2995
987, 988, 2559
2794, 988, 989
996, 997, 2808
2807, 2575, 3116
959, 960, 2561
2796, 960, 961
2797, 963, 964
2570, 3070, 2257
2796, 3046, 2256
2782, 2856, 2546
2562, 2567, 3118
2563, 2798, 2801
2256, 2564, 2565
2801, 2800, 2564
971, 972, 2566
972, 973, 2570
2570, 2258, 3070
2562, 2797, 2802
2257, 2567, 2568
967, 2568, 2567
978, 2569, 977
2259, 2258, 2569
2258, 2954, 3070
972, 2570, 2566
27, 2571, 26
2571, 2261, 2996
29, 30, 2572
2803, 30, 31
36, 37, 2817
2261, 2803, 3048
6, 7, 2574
2805, 7, 8
3049, 2576, 2262
2859, 993, 994
2102, 2995, 2954
2806, 2575, 2808
2262, 2576, 2577
2, 2577, 2576
15, 16, 2578
16, 17, 2582
2914, 3100, 2263
2574, 2805, 2262
2263, 2579, 2580
2579, 9, 2810
21, 2581, 20
2265, 2264, 2581
2582, 2264, 2914
16, 2582, 2578
178, 2583, 177
2583, 2267, 2997
181, 2584, 180
2271, 2267, 2584
168, 2589, 167
2589, 168, 169
2586, 2587, 2998
2309, 2621, 2115
2998, 2587, 2268
162, 2587, 2586
171, 2270, 2588
2270, 2269, 2588
2268, 2589, 2269
167, 2589, 2585
189, 2590, 188
2590, 2273, 2999
192, 2591, 191
2274, 2273, 2591
200, 2592, 199
2592, 2277, 3000
2594, 202, 203
2278, 2277, 2593
2278, 2593, 2594
202, 2594, 2593
2598, 397, 398
2281, 2595, 2598
2281, 3107, 2596
2312, 2811, 2116
2281, 2596, 2597
393, 2597, 2596
2281, 2598, 2282
397, 2598, 2595
407, 2599, 406
2599, 2285, 3001
409, 410, 2600
2812, 410, 411
334, 2601, 333
2601, 2290, 3002
343, 2602, 342
2602, 2292, 3003
337, 2603, 336
2291, 2290, 2603
61, 2604, 60
2604, 2296, 3004
63, 64, 2605
2813, 64, 65
2814, 67, 68
2915, 2957, 3089
44, 45, 2607
2815, 45, 46
3005, 2297, 3052
2817, 2925, 2804
3005, 2609, 2297
2817, 2816, 2608
53, 2610, 52
2299, 2298, 2610
2956, 2298, 2299
2607, 2815, 2297
2298, 2611, 2612
48, 2612, 2611
87, 2613, 86
2613, 2301, 3006
89, 90, 2614
91, 92, 2818
74, 75, 2615
75, 76, 2619
2302, 2915, 3089
2606, 66, 2814
2302, 2616, 2617
70, 2617, 2616
80, 2618, 79
2304, 2303, 2618
2619, 2303, 2915
75, 2619, 2615
153, 2620, 152
2620, 2307, 3007
161, 2621, 160
2621, 2586, 3008
386, 2622, 385
2311, 2310, 2622
2310, 2959, 3071
380, 2623, 2335
2111, 2624, 2314
2294, 349, 2624
106, 2625, 105
2625, 2319, 3009
108, 109, 2626
2632, 109, 110
96, 97, 2627
2630, 97, 98
3111, 2321, 3009
2614, 2818, 2301
2320, 2628, 2629
92, 2629, 2628
2321, 2627, 2630
2627, 97, 2630
119, 2631, 118
2631, 2336, 3010
2319, 2632, 2331
2626, 109, 2632
2134, 2633, 2344
353, 2633, 2343
343, 2634, 344
2634, 2347, 3011
2636, 341, 340
2348, 2347, 2635
2348, 2635, 2636
341, 2636, 2635
331, 2637, 332
2351, 2964, 3073
322, 2638, 323
2354, 3072, 2638
320, 319, 2639
2640, 319, 318
2354, 2640, 2355
2639, 319, 2640
309, 2641, 310
2358, 3074, 2641
307, 306, 2642
306, 305, 2643
2643, 2359, 2916
306, 2643, 2642
300, 2644, 301
2360, 2359, 2644
293, 2645, 294
2645, 2362, 3012
291, 290, 2646
2684, 290, 289
2364, 2140, 3013
1863, 2880, 2882
2363, 2647, 2648
281, 2648, 2647
276, 2649, 277
2364, 2363, 2649
268, 2650, 269
2650, 2367, 3013
266, 265, 2651
264, 263, 2820
2917, 2368, 2654
1996, 2884, 1792
2368, 2652, 2653
263, 2653, 2652
258, 2654, 259
2917, 2654, 2369
250, 2655, 251
2655, 2371, 3014
248, 247, 2656
246, 245, 2821
198, 2657, 199
2657, 2373, 3015
196, 195, 2658
195, 194, 2679
2888, 1882, 2902
1797, 2892, 1895
2374, 2659, 2660
212, 2660, 2659
208, 207, 2661
2662, 207, 206
2374, 2662, 2375
2661, 207, 2662
2945, 3130, 2903
1796, 2025, 2890
2377, 2663, 2664
245, 2664, 2663
240, 2665, 241
2378, 2377, 2665
233, 2666, 234
2666, 2380, 3016
231, 230, 2667
2822, 230, 229
3154, 2381, 2382
3240, 3238, 3136
2381, 2668, 2669
227, 2669, 2668
222, 2671, 223
2671, 222, 221
2381, 2671, 2382
223, 2671, 2670
213, 2672, 214
2672, 2659, 3017
2673, 2386, 2918
161, 2673, 2396
155, 2674, 156
2387, 2386, 2674
2147, 2909, 3018
3018, 1914, 2936
142, 2676, 143
3018, 3080, 2675
183, 2677, 184
2677, 2393, 3019
181, 180, 2678
180, 179, 2683
2679, 2394, 2920
195, 2679, 2658
189, 2680, 190
2395, 2394, 2680
2681, 2397, 2921
171, 2681, 2399
165, 2682, 166
2398, 2397, 2682
2919, 2683, 2400
180, 2683, 2678
2362, 2684, 2402
2646, 290, 2684
544, 2685, 543
2685, 2406, 3020
546, 547, 2686
2824, 547, 548
2825, 550, 551
2700, 3022, 2687
519, 520, 2688
2826, 520, 521
2827, 523, 524
2696, 3075, 2408
3064, 2829, 3056
503, 504, 2860
3055, 2407, 2826
2832, 2926, 2828
2407, 2691, 2692
2832, 2831, 2691
531, 532, 2693
2696, 532, 533
2696, 2409, 3075
2689, 2827, 2833
2408, 2694, 2695
527, 2695, 2694
2409, 2970, 3075
532, 2696, 2693
570, 2697, 569
2697, 2412, 3021
572, 573, 2698
573, 574, 2702
557, 558, 2699
2701, 558, 559
3022, 2700, 2413
549, 2825, 2687
2414, 2971, 3076
558, 2701, 2699
2922, 2702, 2417
573, 2702, 2698
2169, 2703, 2420
580, 2703, 2416
600, 2704, 599
2704, 2424, 3023
602, 603, 2705
2834, 603, 604
605, 2835, 2706
2710, 2427, 3094
632, 2707, 631
2707, 2426, 3024
634, 635, 2708
635, 636, 2717
617, 2838, 616
618, 619, 2838
2972, 2085, 2422
2837, 2927, 2835
2427, 2710, 2711
2837, 2836, 2710
624, 2712, 623
2429, 2428, 2712
2973, 2428, 2429
2709, 2838, 2427
2428, 2713, 2714
619, 2714, 2713
648, 2715, 647
2715, 2434, 3025
641, 2716, 640
2432, 2431, 2716
2431, 2974, 3077
635, 2717, 2708
669, 2718, 668
2718, 2440, 3026
671, 672, 2719
2839, 672, 673
678, 679, 2843
2928, 2720, 2840
703, 2721, 702
2721, 2442, 3027
705, 706, 2722
706, 707, 2731
686, 687, 2723
2841, 687, 688
2727, 2444, 3059
2843, 2928, 2840
3028, 2725, 2443
2843, 2842, 2724
695, 2726, 694
2445, 2444, 2726
3027, 3117, 2445
2723, 2841, 2443
2444, 2727, 2728
690, 2728, 2727
720, 2729, 719
2729, 2452, 3029
712, 2730, 711
2449, 2448, 2730
2448, 3081, 2731
706, 2731, 2722
723, 2732, 722
2453, 2452, 2732
741, 2733, 740
2733, 2457, 3030
743, 744, 2734
2844, 744, 745
750, 751, 2846
3032, 2739, 2740
774, 2736, 773
2736, 2459, 3031
776, 777, 2737
2746, 777, 778
759, 2847, 758
760, 761, 2847
3125, 2462, 3114
2846, 2735, 2845
3032, 2740, 2460
753, 2740, 2739
766, 2741, 765
2462, 2461, 2741
2462, 2188, 3031
2738, 2847, 2460
2461, 2742, 2743
761, 2743, 2742
791, 2744, 790
2744, 2468, 3033
783, 2745, 782
2466, 2465, 2745
2977, 3082, 2465
777, 2746, 2737
812, 2747, 811
2747, 2473, 3034
814, 815, 2748
2848, 815, 816
817, 2849, 2749
2929, 2749, 2849
879, 2750, 878
2750, 2476, 3035
881, 882, 2751
2850, 882, 883
2851, 885, 886
2790, 2550, 3079
844, 2753, 843
2753, 2478, 3036
846, 847, 2754
847, 848, 2762
828, 829, 2755
830, 831, 2853
2481, 3126, 2480
2852, 2929, 2849
3037, 2757, 2479
823, 2757, 2756
836, 2758, 835
2481, 2480, 2758
3036, 2481, 2197
2755, 2853, 2479
2480, 2759, 2760
831, 2760, 2759
853, 2761, 852
2485, 2484, 2761
2484, 2980, 3078
847, 2762, 2754
2487, 2483, 2763
857, 2763, 2483
2107, 2764, 2493
2280, 210, 2764
429, 2765, 428
2765, 2511, 3038
432, 2766, 431
2516, 2511, 2766
418, 419, 2767
419, 420, 2770
2512, 2923, 3039
2600, 2812, 2285
3039, 2769, 2512
413, 2769, 2768
2770, 2513, 2923
419, 2770, 2767
454, 2771, 453
2771, 2521, 3040
456, 457, 2772
2854, 457, 458
474, 2773, 473
2773, 2523, 3041
477, 2774, 476
2528, 2523, 2774
465, 2775, 464
2525, 2524, 2775
2776, 2524, 3063
2772, 2854, 2521
2524, 2776, 2777
460, 2777, 2776
2525, 2775, 2778
2775, 465, 2778
498, 2779, 497
2779, 2533, 3042
500, 501, 2780
2855, 501, 502
939, 2781, 938
2781, 2546, 3043
941, 942, 2782
2856, 942, 943
2857, 945, 946
2993, 2249, 3043
907, 2784, 906
2784, 2548, 3044
909, 910, 2785
910, 911, 2792
893, 894, 2786
2790, 894, 895
2994, 2550, 2551
884, 2851, 2752
2549, 2787, 2788
889, 2788, 2787
900, 2789, 899
2551, 2550, 2789
2550, 2994, 3079
894, 2790, 2786
915, 2791, 914
2554, 2553, 2791
2924, 2792, 2553
910, 2792, 2785
2556, 2552, 2793
2552, 919, 2793
990, 2794, 989
2794, 2560, 3045
992, 993, 2795
994, 995, 2859
962, 2796, 961
2796, 2562, 3046
965, 2802, 964
2802, 965, 966
952, 2801, 951
2801, 952, 953
3047, 2799, 2563
2783, 944, 2857
955, 2565, 2800
2565, 2564, 2800
2563, 2801, 2564
951, 2801, 2798
2562, 2802, 2567
964, 2802, 2797
32, 2803, 31
2803, 2573, 3048
34, 35, 2804
35, 36, 2817
9, 2805, 8
2805, 2579, 3049
2809, 999, 0
2575, 2806, 2809
3049, 3116, 2576
2795, 2859, 2560
2575, 2807, 2808
995, 2808, 2807
2575, 2809, 2576
999, 2809, 2806
12, 2810, 11
2580, 2579, 2810
2116, 2811, 2596
2312, 391, 2811
412, 2812, 411
2812, 2768, 3050
66, 2813, 65
2813, 2606, 3051
69, 2814, 68
2616, 2606, 2814
47, 2815, 46
2815, 2611, 3052
40, 2816, 39
2609, 2608, 2816
2817, 2608, 2925
35, 2817, 2804
2301, 2818, 2628
2614, 90, 2818
2647, 2404, 2819
2404, 283, 2819
2367, 2820, 2652
2651, 265, 2820
2371, 2821, 2663
2656, 247, 2821
228, 2822, 229
2822, 2668, 3053
139, 2823, 140
2147, 2823, 2389
549, 2824, 548
2824, 2687, 3054
552, 2825, 551
2700, 2687, 2825
522, 2826, 521
2826, 2689, 3055
524, 525, 2827
2833, 525, 526
510, 511, 2828
511, 512, 2832
2926, 2690, 2828
2855, 2533, 2780
3056, 2830, 2690
2829, 503, 2860
516, 2831, 515
2692, 2691, 2831
2926, 2832, 2691
511, 2832, 2828
2689, 2833, 2694
2827, 525, 2833
605, 2834, 604
2834, 2706, 3057
607, 608, 2835
608, 609, 2837
613, 2836, 612
2711, 2710, 2836
2837, 2710, 2927
608, 2837, 2835
2427, 2838, 2713
616, 2838, 2709
674, 2839, 673
2839, 2720, 3058
676, 677, 2840
677, 678, 2843
689, 2841, 688
2841, 2727, 3059
682, 2842, 681
2725, 2724, 2842
2843, 2724, 2928
677, 2843, 2840
746, 2844, 745
2844, 2735, 3060
748, 749, 2845
749, 750, 2846
2739, 3032, 3083
749, 2846, 2845
2460, 2847, 2742
758, 2847, 2738
817, 2848, 816
2848, 2749, 3061
819, 820, 2849
820, 821, 2852
884, 2850, 883
2850, 2752, 3062
887, 2851, 886
2787, 2752, 2851
2852, 2756, 2929
820, 2852, 2849
2479, 2853, 2759
2755, 829, 2853
459, 2854, 458
2854, 2776, 3063
503, 2855, 502
2855, 2829, 3064
944, 2856, 943
2856, 2783, 3065
947, 2857, 946
2799, 2783, 2857
2787, 2851, 2858
2851, 887, 2858
2560, 2859, 2807
2795, 993, 2859
506, 2860, 505
2830, 2829, 2860
2623, 2310, 3071
2310, 2311, 2959
2907, 1779, 1815
2133, 2341, 2908
3148, 2862, 2908
3148, 2134, 2344
2155, 2863, 3148
2135, 2634, 3011
2930, 3133, 2865
2348, 2136, 3073
2866, 1784, 1948
2355, 2965, 2354
1973, 2879, 1789
2879, 2867, 1789
2883, 2900, 1988
2140, 2650, 3013
2917, 3014, 3090
3090, 2368, 2917
1795, 2014, 2889
2822, 3053, 2380
1799, 2045, 2895
2145, 2385, 2910
2056, 2897, 2899
2918, 3091, 2151
3073, 3121, 3011
1830, 1831, 3084
3072, 2964, 2137
2965, 2355, 2356
3066, 3155, 2866
2358, 2916, 3074
3074, 2916, 2966
2358, 2642, 2916
2939, 2942, 2157
3112, 2402, 2154
2878, 2158, 2941
3012, 3112, 3182
3103, 2867, 3140
2363, 3124, 2647
2867, 2879, 3140
2364, 3113, 3124
2882, 2883, 1865
3013, 3113, 2364
2881, 3143, 2868
2070, 2900, 1858
1865, 2883, 1864
2881, 1858, 2900
2868, 2934, 2159
1981, 2934, 2884
3127, 2884, 2934
2161, 2943, 2886
2943, 2885, 2935
2967, 2663, 2377
2071, 2901, 1877
2933, 2887, 3147
2074, 2902, 1882
2920, 3015, 2373
1889, 1796, 2944
2870, 2889, 3145
3129, 2886, 2943
2903, 2889, 1884
3067, 2031, 1894
3151, 2374, 2375
2036, 2893, 2904
2144, 2672, 3017
1900, 2894, 2893
3144, 2946, 2931
1885, 2946, 2017
2946, 2165, 2017
3068, 2060, 1929
2968, 2145, 2910
2933, 2896, 1924
3019, 2393, 2919
2164, 1926, 2937
2921, 2969, 2152
2932, 2898, 1933
2396, 2918, 2151
2937, 3104, 2897
2899, 2897, 3104
3141, 2882, 2880
3141, 2880, 3103
3086, 1878, 1879
2657, 3015, 2142
2891, 2031, 3067
2375, 3015, 3151
2944, 2162, 1889
2162, 2944, 2945
3053, 3016, 2380
2892, 1898, 2904
3010, 2336, 3098
2905, 3098, 2129
3087, 2906, 2122
2906, 3087, 2960
2862, 2907, 2133
1778, 2907, 1815
2134, 2908, 2342
2862, 2133, 2908
3018, 1801, 1917
2147, 2388, 2909
2149, 2910, 2391
3131, 2871, 2895
2224, 2225, 2950
2516, 3088, 3038
3095, 2096, 2988
2911, 2224, 2950
2097, 2989, 3096
2984, 2218, 2985
3097, 2103, 2996
3184, 3204, 2995
2303, 2304, 2957
3004, 3051, 3210
3193, 3182, 3128
2940, 2156, 2938
2663, 3014, 2371
2884, 3127, 2869
2386, 2387, 2968
2151, 3091, 2397
2401, 2969, 2400
2937, 2897, 2164
2920, 2394, 3152
3168, 3147, 3139
3091, 2918, 2968
2932, 2872, 3142
3092, 2417, 2169
2970, 2409, 2410
2222, 3038, 3099
2282, 3107, 2281
3093, 2553, 2251
2196, 2750, 3035
2608, 2609, 3005
3005, 2925, 2608
3101, 2407, 3055
2912, 2230, 3095
2713, 2428, 3109
2420, 3092, 2169
2724, 2725, 3028
3211, 3057, 3228
2756, 2757, 3037
2977, 2465, 2466
3133, 3148, 3011
2865, 1782, 2930
3130, 3145, 2903
2894, 2165, 2946
3104, 3142, 2899
3091, 2921, 2397
3147, 2887, 2901
2150, 3019, 3152
2900, 3143, 2881
2368, 3090, 2652
3143, 3122, 3232
2655, 3014, 2141
2871, 2936, 2163
2149, 2676, 3080
2933, 3168, 2896
2400, 2969, 2919
1837, 3085, 2875
3074, 2965, 2138
1960, 2940, 2876
2360, 2966, 2359
2940, 3137, 3128
2876, 2940, 3128
2942, 2877, 1965
2362, 2402, 3012
2876, 3128, 2939
2966, 2916, 2359
3014, 2917, 2141
2663, 2967, 3014
2886, 3129, 2890
2945, 2903, 2022
2890, 3129, 2944
2967, 2377, 2378
2889, 2903, 3145
2381, 3053, 2668
2947, 2085, 2972
2988, 3176, 3095
2980, 2198, 2487
3028, 3185, 3216
2090, 2490, 2981
3258, 3172, 3166
2095, 2986, 2950
3102, 3071, 3179
2099, 2540, 2991
3170, 2990, 2951
2100, 2542, 2992
2951, 3171, 3170
3046, 3047, 2564
3254, 3206, 3169
2560, 2807, 3045
3100, 3049, 2579
2105, 2590, 2999
3008, 3149, 1506
2957, 2915, 2303
3116, 3184, 3045
3089, 3181, 3174
2112, 3004, 2956
2114, 2620, 3007
1506, 1508, 2958
3107, 2282, 3001
3102, 1507, 1509
3108, 1505, 3003
3108, 2960, 3162
2962, 2961, 2120
1508, 1510, 2961
2121, 2958, 2962
2958, 1508, 2962
3010, 3098, 3197
3006, 2628, 3111
2137, 2638, 3072
2866, 1948, 3066
2641, 3074, 2138
3137, 2875, 3085
2645, 3012, 2139
2942, 2939, 3128
2666, 3016, 2143
2944, 3129, 2945
2060, 3068, 2895
2918, 2386, 2968
3091, 2969, 2921
3160, 2969, 3142
2970, 2167, 3020
3119, 2689, 2694
2417, 3092, 2922
3021, 2971, 2168
2427, 2713, 3109
2707, 3024, 2174
2434, 2176, 3025
3132, 2183, 2184
2086, 2438, 2975
2974, 2175, 3025
2443, 2841, 3059
2729, 3029, 2182
2187, 2733, 3030
3117, 3186, 3185
2088, 2978, 2948
3030, 2976, 2187
3115, 3126, 2481
3153, 3033, 2948
2994, 3207, 3079
2478, 2762, 3078
2752, 3120, 3062
2194, 3034, 2978
2091, 2495, 2982
2982, 3205, 2981
2210, 2982, 2207
3205, 3166, 2949
2214, 2983, 2213
3235, 3258, 1503
2218, 2984, 2217
3258, 3166, 3205
3096, 2236, 2097
2985, 3208, 3247
2227, 3040, 2986
3050, 3039, 3159
2096, 3095, 2230
3191, 3063, 3135
3119, 2694, 2408
2233, 3042, 2988
2989, 2235, 2240
2985, 3096, 3208
3171, 2951, 2991
2240, 2990, 2989
2243, 2952, 2991
3171, 2991, 2952
3002, 2109, 2601
3171, 2952, 3209
3065, 2783, 3047
2799, 3047, 2783
2994, 2250, 3044
3035, 3062, 3219
2575, 2576, 3116
2264, 2103, 3097
3210, 2956, 3004
2995, 2255, 3045
3196, 3149, 2997
3149, 2998, 2997
2998, 2268, 2269
3008, 3007, 2115
2106, 2592, 3000
2955, 2999, 3172
2278, 3000, 2277
1504, 3149, 3196
2513, 2222, 3099
2959, 3179, 3071
3209, 1505, 1502
2287, 3002, 2992
2111, 3003, 2292
3002, 3003, 1505
3051, 2606, 2616
3089, 3174, 3210
3177, 3005, 3173
3048, 2996, 2261
3009, 2321, 2119
3111, 2320, 2321
2115, 3007, 2307
1506, 2958, 3007
3149, 3008, 2998
1506, 3007, 3008
3010, 3197, 2963
2957, 3006, 3181
3098, 2905, 1510
2963, 3197, 3150
3011, 2347, 2348
2864, 3133, 2930
2154, 2647, 3124
3103, 2880, 2867
3090, 2367, 2652
2883, 3122, 2900
3245, 3234, 3129
3013, 2367, 3090
2394, 2150, 3152
3138, 2902, 2891
3017, 3154, 2382
2870, 3145, 2931
3017, 2659, 2374
3146, 2904, 2893
1914, 3018, 1805
2675, 3080, 2676
2969, 3019, 2919
1807, 3069, 2937
3020, 2406, 3054
3095, 2987, 2912
3076, 2971, 3157
3076, 3022, 2413
3021, 2922, 3092
3212, 3042, 3064
3023, 2424, 3057
3163, 3228, 3094
3077, 2426, 2717
3024, 2426, 3077
3134, 2176, 2177
3216, 2975, 3026
3027, 2181, 2721
3117, 3185, 3059
3027, 2442, 3081
3028, 2928, 2724
2444, 3117, 3059
3058, 3026, 2440
3164, 3188, 3060
2448, 2449, 3081
3125, 2461, 2462
3083, 3032, 3164
3083, 3164, 3060
3083, 2735, 2846
3125, 2460, 2742
2457, 3060, 3030
2190, 2948, 3033
3153, 2948, 2978
3126, 2479, 2759
3126, 3167, 3037
2752, 2787, 3120
3227, 3207, 3093
2478, 3078, 3036
3037, 2929, 2756
3061, 3034, 2473
2929, 3037, 3061
2950, 2986, 3158
2812, 3050, 2285
3099, 2923, 2513
3001, 2285, 3050
3041, 3135, 2525
3192, 3041, 2987
3063, 2524, 3135
3063, 3040, 2521
3101, 2691, 2407
3119, 3156, 3222
3046, 2564, 2256
3218, 3043, 3065
2924, 2553, 3093
3044, 2924, 3093
2805, 3049, 2262
3045, 3184, 2995
3046, 3118, 3165
3065, 2546, 2856
2564, 3047, 2563
3118, 2567, 2257
2925, 3005, 3048
3052, 3173, 3005
3097, 2914, 2264
2914, 3097, 3100
3099, 3039, 2923
3099, 3159, 3039
2616, 2302, 3089
3089, 3051, 2616
2298, 3052, 2611
3173, 3052, 2956
2381, 3154, 3053
3194, 2946, 3144
2687, 3022, 3054
3054, 3022, 3200
3157, 3022, 3076
2533, 2855, 3064
3101, 2926, 2691
3212, 3176, 2988
2927, 2710, 3094
2927, 3094, 3057
2928, 3028, 3058
3028, 3059, 3185
3117, 2444, 2445
3027, 3081, 3186
3031, 3082, 3183
2459, 3082, 3031
2759, 2480, 3126
3180, 3078, 2980
3120, 2549, 3079
3120, 2787, 2549
3135, 2524, 2525
3176, 3192, 3095
3231, 3101, 3222
3042, 2533, 3064
3218, 3065, 3047
3043, 2546, 3065
3121, 2865, 3133
3155, 2964, 3072
2892, 2904, 3146
3138, 3086, 2888
1930, 3068, 1929
2932, 3142, 2898
2933, 3147, 3168
3160, 3069, 3168
2807, 3116, 3045
3118, 3046, 2562
2959, 2596, 3107
2861, 3071, 3102
2965, 3074, 3193
3121, 3155, 3066
3155, 3073, 2964
3084, 3121, 3066
3012, 3182, 2966
2875, 3137, 2938
3020, 3156, 2970
3200, 3020, 3054
3021, 3157, 2971
3157, 3021, 3092
3025, 2176, 3134
3203, 3077, 3215
2980, 2487, 3110
3078, 3180, 3036
3227, 3093, 3161
2979, 3219, 3206
3018, 2936, 3080
2149, 3080, 2936
2183, 3132, 3029
3132, 3188, 3241
2978, 3034, 3199
3060, 2735, 3083
2461, 3125, 2742
3032, 3125, 3164
1783, 3084, 1831
3121, 3084, 2873
3217, 2874, 2866
3193, 3155, 3072
3138, 2888, 2902
3152, 3015, 2920
2122, 1509, 3087
1509, 1507, 3087
3063, 3191, 3040
3102, 3179, 3220
3006, 3111, 3181
3005, 3177, 3048
3237, 3245, 3223
3127, 2935, 2869
3142, 3068, 2898
3142, 2872, 2899
2972, 3211, 2947
3211, 3175, 2947
3202, 2953, 2993
3180, 2980, 3110
3215, 3077, 2974
3092, 2947, 3175
3101, 3056, 2926
3191, 2986, 3040
3208, 2990, 3170
2989, 3208, 3096
3048, 3177, 2996
3106, 3161, 3093
1510, 1508, 3098
3225, 3197, 1508
3088, 3178, 3038
3038, 3178, 3099
3097, 3221, 3100
3100, 3221, 3049
3055, 2689, 3119
3055, 3119, 3222
3179, 2959, 3107
1507, 3102, 3220
2879, 2878, 3140
2402, 3112, 3012
2937, 3069, 3160
3142, 2969, 3091
3166, 3123, 3105
3123, 2278, 2107
3161, 3106, 2953
2251, 3106, 3093
3201, 3050, 3159
3178, 3159, 3099
1507, 3220, 3162
3003, 2111, 3108
3163, 3109, 2973
2427, 3109, 3094
3233, 3167, 3115
3183, 3082, 2977
2963, 3150, 3009
3150, 3111, 3009
2364, 3124, 2363
3103, 3140, 3213
3237, 3223, 3113
3182, 3112, 3232
2977, 3033, 3198
3175, 3157, 3092
3207, 3120, 3079
3167, 3061, 3037
3177, 3097, 2996
3243, 3046, 3165
3241, 3029, 3132
3215, 2974, 3025
3070, 2954, 3204
3070, 3204, 3118
3075, 2970, 3156
3075, 3156, 3119
3207, 3169, 3120
3120, 3169, 3219
2865, 3121, 2873
3155, 3121, 3073
3103, 3232, 3141
3223, 3127, 3143
3166, 3105, 2949
3123, 3166, 3172
3113, 3112, 3124
2154, 3124, 3112
3164, 3125, 3114
2460, 3125, 3032
3167, 3126, 3115
2479, 3126, 3037
3143, 2934, 2868
3245, 3014, 3187
3137, 2940, 2938
3182, 3074, 2966
3129, 2943, 2935
3014, 2967, 3187
3245, 3127, 3223
3187, 2967, 3214
3068, 3131, 2895
3131, 2968, 2910
3188, 2976, 3030
3060, 3188, 3030
2155, 3148, 2864
3133, 3011, 3121
3134, 2975, 3190
3024, 3203, 2973
3222, 3101, 3055
2950, 3158, 3088
3136, 2892, 3146
2374, 3151, 3017
3193, 3137, 3217
3128, 3137, 3193
3154, 3151, 3238
3139, 3147, 3195
3086, 3138, 3195
2937, 3160, 3104
2878, 2941, 3140
3213, 3128, 3182
3223, 3143, 3232
3122, 2882, 3141
3142, 3104, 3160
3142, 3091, 3068
3232, 3122, 3141
3127, 2934, 3143
3130, 3234, 3144
3146, 2894, 3194
3130, 3144, 3145
2931, 3145, 3144
2893, 2894, 3146
2894, 2946, 3194
2901, 3086, 3147
3195, 3147, 3086
3148, 2344, 2135
2864, 3148, 3133
3196, 2997, 2955
1504, 1506, 3149
1504, 3225, 1506
3255, 3250, 3221
3015, 3152, 3224
3151, 3224, 3238
3019, 2969, 3160
3139, 3195, 3224
3199, 3153, 2978
3203, 3163, 2973
3151, 3154, 3017
3136, 3146, 3194
3072, 2965, 3193
3155, 3217, 2866
3157, 3200, 3022
3228, 3244, 3252
3023, 3211, 2972
3109, 3163, 3094
3095, 3192, 2987
3001, 3050, 3201
3178, 3158, 3249
1505, 3162, 3220
3224, 3160, 3139
3019, 3160, 3152
3202, 3161, 2953
3169, 3207, 3227
2960, 1507, 3162
1505, 3108, 3162
3058, 3216, 3026
3253, 3264, 3249
3183, 3114, 3031
3242, 1502, 3248
3221, 3097, 3177
3248, 3261, 3242
3205, 2949, 2981
3258, 3235, 1504
3115, 3036, 3180
3035, 3219, 2979
3160, 3168, 3139
3069, 2896, 3168
3161, 3202, 3230
3180, 3233, 3115
1503, 3247, 3242
2990, 3208, 2989
3209, 2952, 2992
1502, 3170, 3171
2999, 3000, 3172
3123, 3172, 3000
3174, 3173, 2956
3173, 3255, 3177
3089, 2957, 3181
3150, 3197, 3225
3244, 3163, 3189
3156, 3020, 3200
3056, 3231, 3212
3192, 3135, 3041
3173, 3174, 3255
3118, 3204, 3165
3088, 3158, 3178
2986, 3191, 3158
3226, 3107, 3201
3226, 3159, 3178
2979, 3206, 3110
3230, 3250, 3254
3111, 3150, 3181
3260, 3150, 3225
3223, 3112, 3113
2942, 3213, 2941
3153, 3246, 3198
3164, 3114, 3183
3221, 3116, 3049
3221, 3250, 3184
3027, 3186, 3117
3199, 3167, 3239
3029, 3186, 3081
2976, 3188, 3132
3016, 3214, 2967
3053, 3214, 3016
3198, 3246, 3183
3241, 3186, 3029
3244, 3228, 3163
3189, 3229, 3244
3186, 3241, 3185
3134, 3190, 3229
3176, 3212, 3231
3191, 3249, 3158
3192, 3176, 3253
3191, 3135, 3192
3193, 3074, 3182
3137, 3085, 3217
3234, 3194, 3144
3187, 3240, 3234
3195, 3238, 3224
3224, 3152, 3160
2955, 3172, 3196
1504, 3196, 3172
3098, 1508, 3197
3225, 1508, 1506
3246, 3153, 3239
3183, 2977, 3198
3061, 3167, 3199
3239, 3167, 3233
3252, 3157, 3175
3211, 3228, 3175
3201, 3159, 3226
3107, 3001, 3201
3202, 3043, 3218
3202, 3218, 3230
3077, 3203, 3024
3189, 3163, 3203
2995, 3204, 2954
3184, 3165, 3204
2982, 2983, 3247
3247, 3205, 2982
3227, 3254, 3169
3180, 3110, 3206
2994, 3044, 3207
3093, 3207, 3044
3242, 3208, 3170
3242, 3247, 3208
1505, 3209, 3002
1502, 3171, 3209
3089, 3210, 3051
2956, 3210, 3174
3023, 3057, 3211
3228, 3057, 3094
3064, 3056, 3212
3231, 3056, 3101
2941, 3213, 3140
3223, 3232, 3112
3053, 3154, 3214
3214, 3154, 3240
3025, 3134, 3215
3229, 3215, 3134
3028, 3216, 3058
3185, 3190, 3216
3217, 3085, 2874
3155, 3193, 3217
3243, 3047, 3046
3047, 3243, 3218
3120, 3219, 3062
3169, 3206, 3219
3107, 3226, 3179
1505, 3220, 3248
3177, 3255, 3221
3184, 3116, 3221
3200, 3236, 3156
3157, 3236, 3200
3237, 3113, 3013
3090, 3245, 3237
3238, 3195, 3138
3015, 3224, 3151
3261, 1503, 3242
3255, 3174, 3260
3176, 3231, 3253
3220, 3226, 3248
3227, 3161, 3230
3183, 3246, 3257
3229, 3189, 3215
3222, 3236, 3231
3251, 3244, 3229
3153, 3199, 3239
3165, 3184, 3250
3165, 3250, 3230
3236, 3222, 3156
3192, 3253, 3191
3103, 3213, 3232
3182, 3232, 3213
3256, 3206, 3254
3246, 3259, 3257
3129, 3234, 3130
3214, 3240, 3187
3172, 3258, 1504
1504, 3235, 3263
3251, 3229, 3190
3236, 3253, 3231
3013, 3090, 3237
3090, 3014, 3245
3067, 3238, 3138
3136, 3194, 3240
3256, 3233, 3180
3185, 3251, 3190
3238, 3240, 3154
3194, 3234, 3240
3257, 3188, 3164
3239, 3233, 3256
3170, 1502, 3242
1502, 1505, 3248
3165, 3230, 3243
3230, 3218, 3243
3257, 3259, 3262
3252, 3175, 3228
3234, 3245, 3187
3127, 3245, 3129
3259, 3239, 3256
3183, 3257, 3164
2983, 2984, 3247
2984, 2985, 3247
3249, 3226, 3178
3263, 3265, 3260
3236, 3157, 3252
3226, 3249, 3264
3261, 3263, 1503
3252, 3262, 3264
3185, 3241, 3251
3241, 3188, 3257
3241, 3262, 3251
3191, 3253, 3249
3236, 3252, 3253
3264, 3261, 3248
3230, 3254, 3227
3255, 3260, 3265
3260, 3174, 3181
1503, 3263, 3235
3206, 3256, 3180
3256, 3254, 3259
3239, 3259, 3246
3241, 3257, 3262
3205, 3247, 3258
1503, 3258, 3247
3250, 3265, 3254
3244, 3251, 3262
3150, 3260, 3181
3263, 3225, 1504
3226, 3264, 3248
3255, 3265, 3250
3262, 3259, 3265
3252, 3244, 3262
3265, 3261, 3262
3225, 3263, 3260
3252, 3264, 3253
3262, 3261, 3264
3261, 3265, 3263
3254, 3265, 3259
