6,48,128,137,181,185,366
15,18,19,20,105,261
2,19,20,106,110,132,265
0,54,106,130,132
0,5,7,9,54,98,136
5,7,140,144,156,169,211
146,156,157,158,169,177
3,25,157,177,192,370
3,25,101,200,209,238,371
44,209,215,229,238,277
24,44,49,215,227,237,250
24,143,212,246,250,280
40,55,115,143,198,212,248
30,32,40,115,121,199,316
30,45,216,218,316,387,388
39,45,89,298,307,322,387
37,66,70,79,85,92
17,58,64,72,75,77
12,14,18,95,145,261
36,39,41,45,119,218
16,27,36,37,41,61,92
16,17,27,51,57,77,116
12,14,51,57
368,369
290,384
351,354
374,375
14,17,51,52,58,145
68,131,264
48,137,294
23,47,87,151,155,286
4,33,56,60,107,292
12,15,18,38,56,57,107,116
87,151,154
33,35,38,56,117,118
81,86,389,391
13,23,47,59,67,76,285
13,52,58,59,63,64
10,87,125,286
81,274,361
86,299,304,313
73,122,150,360,392
16,37,70,72,77,84
47,62,76,78,124,148,155
21,70,79,83,84,88
59,63,69,76,148,202
72,75,83,84,102
302,312,313,315
21,71,73,83,102,359,392
42,79,80,85,88,90
36,39,66,92,298,325
133,296,386
68,93,123,131,201,385
97,367,368
50,128,135,166,180,181
183,188,228,372
247,249,346
330,334,349,350
11,13,52,67,95,145
4,15,20,107,110,113
108,111,112,363
4,60,111,112,113,362
9,54,106,108,110,112,113
60,120,223,292,297,362
27,38,61,116,117
35,41,61,117,119,219
35,46,118,162,217,219,220,222
69,71,73,150,196,202
82,122,149,150,196,206,269
302,314,357,358
48,50,94,128,129,294
0,96,98,130,134
2,93,96,130,132,201,295
50,98,129,134,135,136
97,137,366
5,135,136,144,166
126,195,203,253,300,344
170,182,184,364
226,243,287
34,43,89,318,322,329
69,78,82,148,196
11,67,205,262,263,285
125,268
53,152,273
152,153,154
62,65,78,82,104,149
53,62,104,124,152,153
124,151,153,154,155
7,9,108,114,211,363
109,161,207,210,224
22,159,160,163,213,221,225
55,115,121,162,217,279
141,167,168,172,174,175
140,144,166,167,174,180
99,140,146,167,168,169
179,182,186,188
99,165,168,172,176
139,141,170,172,173,176,364
1,99,146,165,171,177,192
178,184,187,369
6,138,174,175,180,181
138,139,141,175,365
165,171,173,176,179,186,191
170,173,182,186
6,138,164,178,185,187,365
179,183,188,191
1,147,171,183,190,191,228
1,25,147,189,192,200
40,199,203,248,300
63,64,71,75,102,202
251,281,377
142,323,333
19,105,205,262,265,266,267
28,31,32,197,316,388
272,274,276,374
157,158,161,207,208,370
161,208,213,214,224,225,278
114,156,158,207,210,211
22,24,49,163,280
22,49,213,214,215,277
30,46,121,216,217
46,119,216,218,219
160,162,220,221,279
120,159,160,220,222,297
109,120,159,223,224,225
26,44,229,233,236,237
101,229,231,236,238,241
101,189,200,231,244
147,189,190,235,244
226,230,372,373
193,234,240,242,288
103,227,233,237,254,257
26,232,236,240,241,242
193,226,230,232,242,287
230,231,232,235,241,244,373
26,233,234,240,257,293,378
255,256,259
29,198,203,239,248,253
29,143,198,246,252,284
239,249,253,258,344,346
227,246,250,252,254,260
29,239,256,258,259,284
249,256,258
103,251,254,260,281,282,283
251,255,283
11,95,105,261,262
10,125,205,263,267,268,270
2,123,201,265,266
68,123,264,266,267,270
264,268,270
65,149,206,271,272,276
53,65,104,271,273,275
273,275,375
206,269,274,276,361
209,214,277,278,371
55,163,212,221,279,280
243,290,379
252,255,259,260,283,284
10,23,263,285,286
234,288,293,380,382
193,243,245,287,288,379,382
289,291,377,381
103,257,282,376,378
94,96,129,133,134,295,296
131,385,386
94,294,296
33,118,222,292,297
66,80,85,127,305,325
80,90,301,303,305
34,306,309,318,324,337
42,90,299,303,304,311,390
91,127,301,305,306,308,324
306,308,309,314,335,358
8,310,317,328,353
91,301,303,311,312,315
299,311,312,313
91,302,308,314,315
32,126,197,199,300,342
28,31,307,320,322,329,339
310,319,321,326,328,341
31,197,320,327,342,345
89,127,298,318,324,325
43,204,319,321,329,339
8,34,43,319,328,337
340,343,347,349
142,194,310,326,333,338,353
194,333,334
194,326,330,334,341
332,351,352,357
8,309,317,335,336,337
204,320,327,331,339
100,204,321,330,331,341,350
100,327,331,340,343,345
126,195,340,342,345,347,348
247,347,348
195,247,344,346,348
100,343,349,350
332,351,354,355,356
323,354,355
317,332,336,338,352,353,356
142,323,338,355,356
335,336,352,357,358
21,42,74,88,359,390
81,122,269,360,361,391
109,111,114,210,223,362,363
139,184,187,364,365
97,164,185,366,367
164,178,367,368,369
3,208,278,370,371
190,228,235,372,373
271,272,275,374,375
281,282,291,376,377
289,291,293,376,378,380
381,383,384
245,289,380,381,382,383
245,290,379,383,384
93,133,295,385,386
28,307,387,388
74,86,304,389,390
74,359,360,389,391,392
