104,100,70,29,54,74,206
32,59,18,112,2,145
147,72,1,112,59,3,62
71,4,62,2,72
3,71,5,75,88,62,73
4,75,88,94,93,6,117
94,98,117,5,7,115
208,8,107,6,115,98
208,7,107,127,126,9,154
125,10,154,8,119,126
11,118,125,9,119,140,131
118,10,12,138,155,140
108,13,155,91,11,138,137
14,120,177,113,12,108,91
13,120,15,19,121,113,217
50,19,14,79,181,178,217
42,20,50,167,44,49
27,21,37,109,42,46
32,22,27,1,58,145
50,20,15,65,14,121
21,42,64,50,19,16,65
20,42,17,27,64,22,32
32,18,27,21
53,207,99
156,215,213
188,197,198
114,210,152
18,22,17,21,37,58
52,148,164,149
70,0,74,165
36,158,43,33,38,87
59,61,34,166,32,63
22,18,1,59,64,34,31,21
30,38,87,84
31,166,66,65,64,32
39,203,218,40,219
58,37,30,158,43,45,81
58,36,27,17,45,109
158,146,30,33,82
35,203,114,153
218,35,175,170,47
67,48,203,68,219
21,20,16,44,17,46
36,30,85,86,45,80,87
202,48,16,42,49,46
37,36,109,67,80,43
17,42,109,44,48
176,69,174,175,40
202,44,67,109,41,46,219
202,170,44,16,167,168
20,19,15,16,167,181
163,216,165,164
148,28,216,72,147,164
74,206,207,23
70,73,0,75,93,100
105,106,95,209,129
194,195,142,139
187,191,186,184,196
81,145,37,36,27,18
61,31,32,1,2,62
62,88,61,204
59,31,63,60,204,62
4,88,3,2,60,59,61
31,61,124,123,204,166
20,21,32,34,65
66,34,19,20,64,121
65,34,120,121,166,122,91,123
45,80,109,48,41,68
80,85,41,203,150,67,153
176,47,172,188,201
29,0,54,73,163,165
3,4,72,163,73
147,2,216,52,163,71,3
70,54,4,71,163,75
53,206,0,29
5,4,73,54,93
193,177,195,137,108,139
97,103,95,99,205
129,133,156,160
183,169,182,15,181,178
45,67,43,85,68
58,145,36,146,112,158
38,146,149
86,151,84,152
83,86,87,33
86,43,151,150,80,68
83,151,85,43,87,84
43,86,33,30,84
4,5,62,60,204,117
124,204,115,116,117
118,119,124,123,122,155,116
155,12,13,120,66,122
101,97,94,93,96,100
94,5,75,54,92,100
96,98,5,93,6,92
105,102,77,103,55
94,98,102,92,97
205,101,92,77,103,96,102
106,107,94,96,6,102,7
207,104,77,205,23
104,0,101,92,93,54
100,104,205,97,92
98,96,106,103,97,95,105
97,77,102,95
100,0,101,207,206,99,205
95,102,55,106
98,107,128,102,105,55,209
98,106,7,8,128,127
12,13,177,137,76
45,37,17,67,48,46
143,144,211,161
185,200,198,186
1,2,145,146,81,147,148
178,217,180,177,13,14
210,150,39,153,26
6,7,117,116,89,208
115,89,208,90,119,154,124
204,88,6,5,115,89
90,119,11,10,155
118,90,10,116,154,9
13,14,66,121,91
66,120,19,65,14
123,90,66,91,155
124,63,90,122,66,166
204,89,123,63,90,116
132,135,10,9,126,131
127,8,9,125,134,132
126,8,128,107,134
107,106,127,209,134
78,133,134,55,209
160,133,159,135,132
162,143,140,10,125,135
135,125,134,133,126,130
160,130,129,78,134,132
129,133,126,127,132,209,128
132,125,131,130,159,162,212
157,144,141,142
138,141,12,76,108,139
141,137,12,11,140,157
141,137,142,56,76,195
10,131,138,11,157,143
138,137,139,136,142,157
56,139,141,136
131,162,110,144,140,157,211
143,110,136,157
58,81,18,112,1
158,38,82,112,81,148,149
72,2,148,52,112
52,28,147,149,112,146
148,28,146,82
151,85,68,153,210,114
83,86,85,150,210,152
83,151,210,26
150,68,203,39,114
9,8,119,116,208
12,91,90,118,11,122
160,78,24,215
138,140,136,144,141,143
38,146,36,30,81
130,135,160,212,214
130,133,156,78,215,214,159
212,214,211,110,213
131,143,135,211,212
165,70,72,71,73,216,51
52,28,216,51
163,70,29,51
34,31,66,123,63
16,50,49,168,181,171
49,167,170,174,171
183,79,172,171,189,181
202,49,168,175,40,174,218
176,174,167,181,168,172,169
171,169,176,189,69,201
189,183,179,185,199
171,176,168,170,175,47
40,170,174,47
171,174,69,47,172
113,13,193,76,180,108
113,217,180,15,190,79,182
185,173,182,183,191,187
113,178,177,190,192,193
15,79,167,171,50,169
183,79,190,191,179,178
189,173,169,79,182,179
192,193,196,194,57
111,200,187,186,179,173,199
187,185,111,57
186,185,179,57,191
199,197,25,201,69
183,173,172,169,199,201
182,191,180,178,192
192,196,182,190,179,57,187
191,196,180,190,193,184
177,76,195,192,184,180,194
56,195,184,193
193,76,56,194,139
191,192,184,57
199,188,25,198,200
200,111,197,25
173,189,197,188,201,200,185
185,111,198,199,197
172,189,199,188,69
48,44,49,170,218,219
35,39,41,68,153,219
124,89,61,60,88,117,63
97,101,99,77,104
74,53,207,104,0
104,206,99,53,23
7,8,115,116,154
106,128,55,134,129
151,150,114,152,26
110,143,162,161,212
214,161,211,135,159,162
161,214,215,24
215,160,212,161,159,213
214,160,156,24,213
72,52,163,51,164
113,178,15,14
202,219,40,35,170
202,218,48,203,41,35
