165, 169, 173
71, 5, 4
100, 101, 72
4, 113, 71
117, 216, 267
3, 2, 77
5, 6, 103
163, 6, 97
105, 73, 106
71, 98, 97
105, 5, 103
97, 6, 5
163, 7, 6
107, 8, 9
23, 89, 1
2, 100, 102
222, 224, 223
223, 224, 226
102, 1, 2
80, 37, 77
28, 27, 22
112, 28, 157
48, 47, 42
27, 41, 42
27, 42, 22
28, 58, 23
158, 102, 159
78, 278, 337
142, 104, 193
204, 244, 160
195, 36, 106
161, 117, 79
14, 154, 13
210, 209, 207
10, 9, 79
149, 155, 15
11, 206, 12
13, 245, 180
149, 16, 146
13, 180, 14
19, 62, 65
152, 26, 202
326, 129, 61
143, 144, 108
41, 26, 50
152, 110, 151
55, 45, 53
41, 50, 43
25, 24, 19
27, 28, 112
184, 40, 93
151, 24, 25
131, 190, 231
62, 19, 24
186, 324, 126
53, 45, 19
15, 124, 16
147, 109, 146
146, 16, 17
228, 81, 248
82, 3, 77
2, 3, 100
241, 139, 34
99, 169, 168
9, 10, 145
16, 149, 15
2, 1, 312
34, 139, 191
0, 169, 99
116, 212, 329
79, 117, 212
47, 22, 42
37, 80, 49
27, 26, 41
43, 50, 20
41, 21, 42
43, 87, 21
126, 182, 124
21, 41, 43
20, 54, 43
48, 42, 21
25, 19, 45
20, 50, 45
48, 46, 47
46, 59, 47
122, 87, 54
277, 33, 49
283, 217, 86
337, 225, 295
221, 22, 59
26, 25, 50
45, 50, 25
132, 88, 189
57, 177, 55
134, 183, 40
48, 21, 87
18, 94, 62
57, 55, 53
55, 20, 45
122, 54, 123
133, 67, 94
54, 20, 55
88, 132, 52
177, 88, 123
22, 47, 59
88, 57, 51
28, 22, 58
128, 284, 285
221, 178, 220
212, 116, 79
128, 15, 181
133, 126, 69
128, 92, 124
24, 18, 62
136, 63, 138
94, 68, 65
68, 94, 67
64, 131, 231
17, 133, 94
67, 133, 69
133, 17, 182
266, 323, 233
318, 68, 131
318, 19, 65
64, 183, 66
264, 233, 265
66, 57, 96
57, 53, 96
98, 99, 70
267, 250, 140
3, 82, 4
98, 71, 35
3, 101, 100
200, 201, 199
103, 6, 104
73, 103, 104
10, 11, 108
143, 12, 156
147, 18, 153
36, 195, 194
243, 199, 194
147, 148, 109
1, 91, 312
161, 9, 8
91, 89, 125
259, 226, 275
167, 164, 163
82, 314, 113
312, 77, 2
226, 125, 223
129, 92, 285
190, 68, 67
314, 77, 37
317, 316, 315
246, 247, 127
116, 10, 79
70, 163, 97
8, 120, 118
282, 237, 44
48, 176, 46
240, 282, 239
54, 87, 43
87, 86, 217
135, 63, 134
123, 52, 122
220, 23, 58
317, 314, 37
178, 223, 125
276, 260, 90
1, 89, 91
257, 46, 176
126, 133, 182
188, 67, 69
328, 130, 184
182, 17, 16
263, 64, 231
40, 184, 234
62, 94, 65
318, 131, 96
18, 17, 94
71, 97, 5
84, 268, 118
99, 98, 35
97, 98, 70
139, 99, 35
175, 173, 174
101, 3, 4
100, 72, 102
105, 4, 5
101, 105, 106
141, 102, 72
1, 102, 158
104, 6, 7
105, 103, 73
8, 242, 7
107, 193, 242
195, 106, 73
105, 101, 4
313, 106, 36
101, 106, 72
145, 10, 108
107, 74, 142
143, 11, 12
145, 74, 107
147, 17, 18
155, 111, 154
25, 152, 151
75, 148, 197
196, 144, 111
143, 108, 11
157, 28, 23
152, 203, 198
82, 113, 4
316, 317, 37
162, 116, 207
244, 71, 113
7, 163, 120
210, 208, 209
211, 215, 205
161, 79, 9
117, 161, 216
254, 289, 251
117, 140, 212
38, 287, 299
268, 267, 216
120, 8, 7
255, 288, 268
217, 334, 176
15, 128, 124
52, 240, 239
87, 122, 86
177, 54, 55
88, 52, 123
178, 125, 89
181, 180, 227
12, 206, 205
126, 124, 92
181, 15, 14
135, 40, 234
257, 274, 333
183, 134, 66
248, 127, 286
288, 166, 250
131, 64, 96
241, 99, 139
137, 234, 130
51, 57, 66
183, 64, 263
323, 322, 233
40, 135, 134
132, 235, 237
96, 53, 318
66, 134, 51
135, 56, 138
66, 96, 64
189, 88, 51
137, 56, 135
63, 51, 134
189, 51, 63
63, 135, 138
244, 204, 35
104, 7, 242
84, 118, 120
251, 115, 254
313, 141, 72
159, 112, 157
142, 74, 194
73, 104, 142
156, 13, 154
156, 144, 143
111, 150, 196
74, 108, 144
74, 145, 108
107, 9, 145
147, 146, 17
149, 146, 109
153, 18, 24
153, 148, 147
197, 148, 110
75, 109, 148
150, 149, 109
155, 150, 111
109, 75, 150
196, 150, 75
152, 25, 26
110, 148, 153
202, 26, 27
76, 203, 112
24, 151, 153
153, 151, 110
155, 154, 14
111, 144, 156
15, 155, 14
150, 155, 149
13, 156, 12
156, 154, 111
158, 157, 23
159, 76, 112
1, 158, 23
159, 102, 141
159, 141, 319
157, 158, 159
314, 82, 77
191, 204, 114
120, 164, 84
161, 8, 118
331, 330, 119
344, 211, 208
120, 163, 164
168, 167, 163
167, 170, 164
241, 192, 0
164, 39, 84
86, 122, 239
170, 39, 164
168, 163, 70
167, 165, 170
99, 168, 70
165, 167, 168
174, 169, 0
165, 168, 169
169, 174, 173
170, 251, 39
165, 173, 253
251, 270, 115
290, 176, 121
253, 270, 170
256, 332, 271
192, 174, 0
29, 272, 332
87, 217, 48
269, 175, 171
217, 176, 48
290, 273, 257
88, 177, 57
54, 177, 123
220, 178, 89
221, 258, 178
225, 224, 222
91, 125, 259
12, 205, 245
227, 180, 127
180, 181, 14
227, 284, 181
124, 182, 16
232, 325, 185
93, 40, 183
281, 263, 280
229, 327, 261
186, 126, 92
232, 188, 69
285, 92, 128
174, 192, 172
128, 181, 284
187, 285, 81
235, 132, 189
235, 236, 237
204, 139, 35
136, 235, 63
67, 188, 190
68, 190, 131
107, 142, 193
243, 144, 196
199, 75, 197
73, 142, 195
194, 195, 142
199, 196, 75
74, 243, 194
110, 198, 197
199, 197, 200
152, 198, 110
201, 36, 194
200, 197, 198
194, 199, 201
198, 76, 200
76, 159, 319
319, 200, 76
201, 319, 313
27, 112, 202
203, 202, 112
198, 203, 76
202, 203, 152
114, 204, 160
191, 139, 204
209, 206, 162
245, 246, 180
116, 162, 11
162, 206, 11
206, 209, 211
116, 11, 10
207, 209, 162
210, 213, 345
211, 209, 208
298, 249, 329
207, 249, 210
208, 345, 344
206, 211, 205
249, 298, 83
331, 210, 249
343, 350, 320
351, 352, 347
208, 210, 345
60, 286, 341
247, 351, 341
246, 127, 180
118, 216, 161
255, 84, 39
121, 334, 283
239, 283, 86
257, 273, 219
312, 259, 80
23, 220, 89
221, 220, 58
22, 221, 58
221, 59, 258
59, 46, 333
337, 278, 225
258, 223, 178
225, 179, 224
293, 222, 274
224, 179, 226
291, 301, 273
179, 278, 260
179, 260, 276
248, 227, 127
228, 248, 286
297, 81, 285
92, 129, 186
229, 262, 327
93, 261, 184
327, 328, 346
190, 266, 264
281, 261, 263
69, 324, 232
326, 61, 325
190, 188, 266
232, 185, 323
130, 234, 184
135, 234, 137
63, 235, 189
236, 44, 237
115, 270, 252
235, 136, 236
132, 237, 240
311, 291, 121
238, 282, 44
52, 239, 122
291, 311, 300
132, 240, 52
282, 240, 237
192, 241, 34
99, 241, 0
107, 242, 8
104, 242, 193
144, 243, 74
199, 243, 196
71, 244, 35
160, 244, 113
12, 245, 13
245, 205, 246
205, 215, 246
247, 246, 215
214, 353, 342
187, 61, 129
118, 268, 216
215, 344, 351
119, 213, 331
329, 249, 207
140, 117, 267
38, 140, 250
269, 270, 253
256, 271, 172
170, 165, 253
175, 269, 253
175, 253, 173
270, 269, 252
255, 289, 166
39, 289, 255
171, 252, 269
288, 267, 268
121, 291, 273
174, 172, 271
257, 219, 274
258, 59, 333
223, 258, 222
226, 259, 125
80, 259, 49
93, 183, 263
275, 49, 259
328, 327, 262
31, 230, 328
231, 190, 264
261, 93, 263
265, 233, 95
231, 264, 280
229, 261, 281
231, 280, 263
185, 322, 323
264, 266, 233
255, 268, 84
170, 270, 251
175, 174, 271
272, 171, 175
332, 272, 175
309, 303, 307
293, 274, 219
274, 222, 258
226, 276, 275
275, 276, 277
179, 276, 226
277, 276, 90
225, 278, 179
275, 277, 49
78, 260, 278
264, 265, 280
265, 95, 279
280, 265, 281
265, 279, 281
229, 281, 279
335, 238, 218
239, 282, 283
335, 283, 282
286, 127, 247
285, 284, 297
248, 297, 227
187, 129, 285
228, 286, 60
287, 83, 298
299, 140, 38
166, 288, 255
250, 267, 288
251, 289, 39
166, 289, 254
176, 290, 257
121, 273, 290
311, 283, 335
293, 219, 294
309, 296, 303
309, 294, 296
296, 219, 273
222, 293, 225
301, 296, 273
225, 293, 294
219, 296, 294
225, 294, 295
227, 297, 284
310, 306, 292
81, 297, 248
299, 212, 140
287, 298, 299
212, 299, 298
311, 218, 300
85, 291, 300
85, 305, 291
305, 303, 301
291, 305, 301
301, 303, 296
307, 303, 302
305, 85, 304
302, 303, 304
303, 305, 304
354, 32, 306
310, 295, 309
32, 354, 308
307, 308, 354
307, 354, 309
307, 302, 308
294, 309, 295
309, 354, 310
338, 310, 292
121, 283, 311
259, 312, 91
77, 312, 80
106, 313, 72
201, 313, 36
316, 33, 315
113, 314, 160
160, 317, 114
160, 314, 317
37, 49, 316
33, 316, 49
114, 317, 315
19, 318, 53
68, 318, 65
313, 319, 141
200, 319, 201
213, 119, 339
349, 321, 340
351, 214, 352
95, 233, 322
323, 266, 188
232, 323, 188
126, 324, 69
326, 324, 186
326, 186, 129
232, 324, 326
232, 326, 325
31, 328, 262
130, 328, 230
346, 328, 184
116, 329, 207
298, 329, 212
210, 331, 213
249, 83, 330
330, 331, 249
271, 332, 175
29, 332, 256
257, 333, 46
258, 333, 274
176, 334, 121
217, 283, 334
238, 335, 282
311, 335, 218
338, 337, 295
338, 336, 337
78, 337, 336
310, 338, 295
292, 336, 338
320, 340, 339
340, 213, 339
340, 321, 345
286, 247, 341
214, 342, 352
340, 320, 350
214, 344, 321
344, 215, 211
350, 353, 349
348, 353, 343
340, 345, 213
344, 345, 321
184, 261, 346
327, 346, 261
321, 349, 214
353, 214, 349
347, 341, 351
215, 351, 247
343, 353, 350
343, 30, 348
340, 350, 349
60, 341, 347
344, 214, 351
347, 352, 342
342, 353, 348
310, 354, 306
