68,311,319,328,451
14,18,66,142,169,191,298
5,15,18,61,66,148
5,60,61,130,132,186
1,3,130,186,188,197,212
1,6,10,11,180,188
6,7,11,12,134,192
12,192,194,216,225,261
13,143,157,194,225,305,452
13,34,64,143,219,273
34,64,136,155,200,389
36,136,202,209,386,387,389
36,137,202,235,294,340,458
32,37,39,268,294,458
32,39,237,290,292,342
35,56,65,110,228,237,292
38,56,58,65,174,344
58,118,120,174,179,204,274
96,113,138,179,204,276
40,48,53,55,81,123,582
74,79,82,98,101
75,76,78,80,95
20,24,71,89,104,106,413
14,25,165,210,296,298,411
48,51,53,113,276,288
48,51,81,90,91,206,284
41,44,73,90,284,286
20,23,24,49,73,286,378
20,21,25,49,106,210
329,606
637
490,597
561,563
86,575,580
62,67,450
131,182,184,260,357,456
30,139,198,371,574
19,72,152,166,213,579
223,469,528
312,314,322,406,477,531
50,94,176,238,249,346
23,44,47,73,75,78
22,23,24,71,75,80
47,74,76,78,79,161
158,440,445
46,55,81,82,91,98
83,84,159,170,415,607
22,71,83,84,104
22,80,83,95,159,330,332
72,86,486,488,512,579,580
44,47,74,82,90,91
105,246,252,255,257,258
102,164,229,232,446,448
46,55,97,127,251,582
79,85,99,101,161,231,335
46,93,97,98,101,231
253,256
93,97,105,126,127,246,334
25,106,165,412,413
84,89,104,414,415,483
402,526,639
42,434,463
40,53,96,113,177
114,163,257,258,259,358,439
117,124,175,243,247,254
40,115,123,177,583
124,126,240,246,252,254
100,116,119,151,172,359
115,116,122,151,360,583
111,119,172,350,433,592
128,156,183,315,317
1,3,9,131,180,215,456
2,187,190,199,264,573
8,135,193,196,267,364
201,203,266,271,272,367,454
207,279,282,283,363,366
287,297,374,375,376,380
5,19,60,148,152,302,572
27,513,615
31,34,70,109,155,219
19,72,410,486,572
59,354,426,547
60,130,147,212,302
397,527,603
181,262,304,312,406,499
552,553,558
87,162,230,313,408
76,85,95,161,162,230,330
92,102,103,105,232,255,334
14,144,169,233,336,411
168,510
142,144,169,339,571
112,150,236,349,351,427
50,346,429,487,492
96,100,115,116,118,177,179
493,515,589
126,127,178,243,251,254
7,9,11,156,180,183
9,128,131,182,183
63,68,128,182,184,244,317,451
2,15,61,132,187
2,132,186,189,197,199
15,18,26,187,190,191,299
6,10,134,135,193
28,134,135,192,261,267,453
8,10,188,189,193,197
8,30,189,196,198,199,573
13,195,201,203,273,361,452
43,136,200,209,271,272
57,141,275,279,280,282
45,278,285,289,368,370
205,208,270,281,291,295
21,49,265,287,297,378,379
3,147,212,215,457,576
303,382,577,581
263,324,441
69,109,155,214,386,389,600
4,31,70,220,222,468
157,181,262,305,405,464
306,466,586
157,216,225,262,304,308
325,407,444,480,534,570,609
85,99,164,230,313,446
99,103,164,232,335
56,77,112,228,236,344
144,149,167,233,339,485
54,77,111,171,236,349,592
154,241,341,404,424,522
107,110,112,228,351,353
42,150,427,463,525,594
173,245,437,598
52,117,122,178,243,360
92,102,250,355,443,448
100,111,118,119,120,171
94,163,240,249,252,257
163,238,249,253,256,259,438
114,358,442
245,256,438
114,253,259
62,67,184,244,357,383
129,222,468,469,528,548
190,264,299,300,584
28,201,266,267,361,364,365
43,137,202,209,269
43,208,269,271,291,362,454
64,200,203,272,273
38,57,58,274,275
57,138,141,204,274,277
141,207,277,278,279,285
35,38,65,275,280,293
270,280,281,282,283,293
45,51,206,288,289
41,45,206,211,284,370,381
138,276,277,285,288,289
32,205,268,290,295
35,205,281,290,292,293
137,268,269,291,294,295
21,210,265,296,301
26,191,296,298,301
26,265,297,299,300,301,375
29,382,457,576,577,578
31,143,219,220,305,405
214,384,386,387,390
7,12,146,156,216,308,309,315
146,304,308,310,312,314
0,316,318,320,323,472
242,476,529,532
146,309,310,316,318
63,309,315,317,318,320
0,63,68,319,320,321
310,314,316,322,326,472,500
331,478,502
352,471,481
0,185,321,323,474
185,319,321,328,352,481,501
185,331,473,474,501,502,503,605
159,170,227,325,332,533,609
93,103,231,334,335
108,167,233,336,337,417
418,420,422,423,509,511
37,39,234,341,342,385,404
110,234,237,342,343,353
77,120,171,174,344
94,124,240,247,346,487
50,173,176,429,437,599,630
345,436,497
54,349,427,593,594
354,463,525
172,350,359,435,590,591
92,255,258,355,439
52,151,359,360,431,435,491
67,303,383
311,328,352,450
28,195,361,453
139,140,266,365,367,371,373
30,139,196,364,365
208,270,283,362,366,455
207,278,363,368,369,372
211,368,370,372,374,380
133,140,363,366,369,373,455
133,369,372,374,376,585
133,371,373,377,574,585
41,286,378,379,381
211,287,379,380,381
29,260,303,357,382,383
218,235,340,396,459,460
36,235,384,387,388,396
33,214,390,394,467,600
217,307,392,395,401
33,217,384,388,390,392
33,217,391,394,398,401,602
218,307,388,392,396,625
69,70,109,222,548,550,601
391,466,586,602,619,628
462,588,622,624,632,633,640
218,460,461,465,625,635
4,220,224,405,464
87,162,227,330,332,610
519,551,612
409,482,505,536,539,543
108,165,336,411,412
89,108,337,412,413,414
16,338,419,484,506,540
16,17,149,167,417,484
16,17,338,418,420
88,338,416,418,511,540,542,544
17,145,149,420,485,507,509
234,341,343,424,524,545
59,425,526
348,428,495,518
490,598
52,117,175,491,494,496
345,350,433,436,591,595,596
121,125,248,493,498,589
176,238,245,437,438
250,355,356,358,439,442
356,440,442
158,250,356,440,443,449
445,519,611
160,229,313,408,446,520
160,229,443,448,449
62,244,311,450,451
194,195,261,452,453
140,362,367,454,455
29,215,260,456,457
37,340,385,458,459
154,385,404,459,460,461
154,403,461,522,621,635
59,241,424,425,524,547
393,394,397,398,467,603,604
129,242,469,530
221,263,322,324,500,531
441,475,478
323,326,470,472,473,474
221,263,532
226,406,476,477,499,529
327,471,606
170,239,333,409,482,533,607
337,414,417,483,484,506,608
145,339,410,485,486,488,571
168,422,423,513
348,429,432,492,495,630,631
428,489,597
175,247,347,432,487,492,496
125,431,491,494,498,514
125,493,514,515,516,517
121,431,435,498,590
4,129,224,468,479,530
181,224,226,464,479,499
331,470,473,475,478
324,326,441,470,475,500
327,471,481,501,605
329,502,503
333,409,421,480,534,539,541
239,419,482,505,506,608
145,488,507,508,512
168,423,507,508,509,510
86,508,510,512
27,416,422,511,513
515,517,518
347,494,496,514,516
347,432,495,516,517,518
158,160,445,449,520,521,611
87,407,408,520,521,535,570,610
107,343,353,523,545
107,150,351,354,426,523,525
241,402,425,522,526,621
223,527,549
226,242,479,529,530
221,476,477,531,532
325,333,533,534
421,444,447,480,552,553,555
546,569,617
419,505,536,540,542
536,538,542,543,544,567
88,544,562,567,613,616
537,538,539,541,543,556
426,523,524,545,547
393,397,527,549,550,601
223,528,548,549,550
447,551,552
421,541,554,555,556
557,559,566
504,537,554,556,557,559,560
558,559,560
553,554,555,558,560
546,561,643
504,557,564,565,566
563,564,566
504,537,538,562,565,567,568
546,562,568,569,616,643
444,447,535,551,570,612
66,142,148,410,571,572
198,264,377,573,574,584
147,152,166,302,576,578
153,575,581
153,213,575,579,580
153,166,213,577,578,581
122,123,178,251,582,583
300,375,376,377,584,585
399,618,623
587,620,624,629,632
248,497,589
121,248,436,497,590,591
54,433,592,593,595
345,434,596
42,434,593,594,595,596
348,428,430,489,631
173,430,489,490,597,598,599
69,393,467,600,601
306,603,604
306,398,466,602,604
327,329,503,605,606
239,415,483,607,608
227,407,609,610
519,521,535,611,612
614,615,617
27,88,416,613,614,615
569,613,614,616,617
586,618,619
587,618,619,620,623,628,638
402,403,621,634,639
462,622,641,642
399,627,636,637
307,395,465,624,625,629,640
391,395,401,620,628,629
430,599,630,631
400,634,639,641
627,637,642
587,626,632,633,638
399,623,626,636,638
400,403,465,588,634,635,640
400,588,622,641
462,626,627,633,636,642
561,563,564,565,568,643
