-15.00000000, -10.00000000
-8.66025404, 5.00000000
-9.65925826, 2.58819045
-10.00000000, 0.00000000
-9.65925826, -2.58819045
-8.66025404, -5.00000000
-7.07106781, -7.07106781
-5.00000000, -8.66025404
-2.58819045, -9.65925826
-0.00000000, -10.00000000
2.58819045, -9.65925826
5.00000000, -8.66025404
7.07106781, -7.07106781
8.66025404, -5.00000000
9.65925826, -2.58819045
10.00000000, -0.00000000
9.65925826, 2.58819045
8.66025404, 5.00000000
7.07106781, 7.07106781
5.72061403, 11.22733719
2.18508012, 13.79605293
-2.18508012, 13.79605293
-5.72061403, 11.22733719
-7.07106781, 7.07106781
5.00000000, 8.66025404
2.58819045, 9.65925826
0.00000000, 10.00000000
-2.58819045, 9.65925826
-5.00000000, 8.66025404
-18.00000000, -18.00000000
18.00000000, -18.00000000
18.00000000, 24.00000000
-18.00000000, 24.00000000
-18.00000000, 3.00000000
-18.00000000, -7.50000000
-13.37563796, -5.54037065
-2.85740934, -0.37618508
-13.87737819, 1.82699150
0.00000000, -18.00000000
-7.19103910, -14.42393844
10.65924634, 20.55651594
-1.53302427, 11.64447539
-3.95284708, 12.51169506
-0.00000000, 13.79605293
0.00000000, 24.00000000
3.95284708, 12.51169506
-6.74545966, 14.49665637
-5.68306674, 13.03439795
-4.31138079, 15.14805216
-15.33381429, 4.53937128
1.09254006, 11.89802647
6.78764462, 19.32919071
1.09254006, 18.89802647
6.50707340, 14.16854583
1.09254006, 16.23006107
4.27447257, 14.81311475
9.00000000, 24.00000000
6.05203027, 16.78123479
-6.39584092, 9.14920250
-8.38737653, 12.18666791
18.00000000, -7.50000000
18.00000000, 3.00000000
6.39584092, 9.14920250
6.80571896, 21.66489272
10.24113362, 15.72972606
7.42762819, 10.63321511
8.54548291, 17.80562940
10.91480831, 8.37522699
9.54889522, 10.08749587
12.52073341, 6.68026489
-10.68254051, -8.19700164
-11.09522942, -4.59579450
-6.37459769, 0.83923171
-4.90297484, -3.76218492
0.60358521, -4.58468483
3.33563784, 1.38166643
-1.91359551, 4.61982822
-11.64663777, 1.53330895
-18.00000000, 13.50000000
1.54218146, -11.71403117
-12.56197501, 3.19955142
18.00000000, -2.25000000
-11.86548702, -0.35254164
4.50000000, -18.00000000
-5.28991631, -12.77098770
-9.00000000, 24.00000000
-1.98484274, 17.56404377
-1.09254006, 15.62730940
3.96659974, 18.76348123
-9.19683150, 7.05697702
-18.00000000, 8.25000000
-10.44417844, 5.63312388
13.87737819, 1.82699150
12.04673481, 18.93506410
8.90059922, 7.99529713
18.00000000, 13.50000000
7.56090914, 15.69805994
-9.08376059, -6.97021465
-11.64913978, -6.48352128
-13.59152649, -7.98737711
-8.34446756, 1.09857000
-7.64867968, -1.22738911
-7.07038557, 3.16519081
-6.56529056, -5.03772463
-4.33492880, -6.22343280
-6.77834241, -3.03911419
-5.05390601, -1.36011565
-0.94180671, -7.15373217
2.76123755, -6.66621715
6.37254047, 2.63959269
2.26041244, 5.45711837
5.45711837, -2.26041244
-2.92018474, 7.04994961
-11.58091535, -2.73104703
-18.00000000, -2.25000000
-9.00000000, -18.00000000
3.63636317, -11.48647300
0.18370230, -13.05567340
-3.56865582, -11.53671671
9.00000000, -18.00000000
-5.47741765, -10.69217361
-6.78211765, 19.50706124
-0.15702419, 17.56404377
2.47027057, 17.56404377
11.64663777, 1.53330895
-11.67226526, 7.96725956
12.41078862, 4.34792614
13.50565978, -5.59422745
12.96204094, 0.16074903
16.05954058, 1.98875462
13.50000000, 24.00000000
9.68314144, 13.10803753
2.62420793, 20.85234404
10.20136084, 6.41118722
8.56788670, 20.13172754
9.11451123, 22.02893701
4.50000000, 24.00000000
11.25000000, 24.00000000
6.75000000, 24.00000000
-15.66615198, -6.57131543
-0.12022919, -15.51995703
-4.17383259, 2.76461764
-2.18828937, -4.43182181
4.95480018, -6.45722131
3.63016319, -4.17020904
1.06237217, -8.06951778
8.02701910, 3.32490018
6.39477064, 4.90688009
4.14302428, 3.79520520
7.99147387, 1.05209749
5.61317590, 0.24594523
3.10859476, 7.50481163
0.46800789, 7.39906758
5.00500174, 6.52627421
7.50481163, -3.10859476
8.15384342, -1.07570208
6.52287822, -5.00608543
-4.99840646, 6.51405013
-6.48470448, 5.11823167
-4.62778273, 4.63017133
-14.74646659, -1.90350708
-1.47588182, -11.21043537
5.67860520, -10.58811851
-8.21342973, -9.73505771
-7.44136628, -11.91717752
-11.39238154, -12.08745692
-4.50000000, -18.00000000
-9.44293084, -11.39771494
-10.98018658, -10.15267941
-13.01493874, -10.73048217
-9.65486366, -13.89850288
-13.50000000, -18.00000000
-18.00000000, -12.75000000
-13.26232701, -12.67483507
-15.40196865, -12.16298013
-15.01290501, -15.26458958
-6.11296243, 17.00662049
4.15880693, 16.70436438
-9.61122365, 9.75107791
-15.16749232, 11.11825752
11.16540026, -4.62486022
11.23716436, -1.47940075
10.47744022, 4.33989784
10.17702492, 18.73950741
13.20906318, 21.33404522
18.00000000, 8.25000000
14.63561043, 3.65020668
18.00000000, 0.37500000
13.51145391, 9.22720613
5.08355102, 20.51029842
12.14918783, 11.59631312
-18.00000000, -4.87500000
-18.00000000, -10.12500000
-2.51160878, -6.22624885
-0.66031341, -2.09671261
-3.15368989, -2.50808279
2.68431393, -1.43663608
1.93554651, 3.19184489
0.26386922, 4.58751386
0.48429405, 0.62282366
0.01039983, 2.58494915
-1.50280931, 1.18118717
-1.11339631, 8.45708460
-1.13750716, 6.36482669
-15.35230581, -4.20864596
10.36471658, -7.95312676
6.82753166, -8.89781249
5.41514928, -12.61487884
9.63081283, -12.13236412
7.85988157, -10.83514058
7.60008130, -13.04723553
9.82333558, -10.01211445
2.89849148, -14.44594700
9.75224772, -15.11314563
15.11636098, -13.10063012
12.63740758, -9.65136594
-1.63165071, -13.01945564
-4.03930331, 17.21424259
-4.50000000, 24.00000000
-11.25996924, 16.96896307
-8.16363689, 8.59481770
-7.76597047, 10.42248228
-11.66292964, 12.30730645
-11.63687700, 10.00895486
-13.22098331, 11.14032190
-14.22800698, 14.10838949
-14.16686159, 8.71417201
12.91924097, -3.70034094
18.00000000, -4.87500000
18.00000000, 18.75000000
15.75000000, 24.00000000
11.92675882, 14.00073780
15.38429832, 7.03254075
15.30645075, 11.83556521
11.55931664, 22.17451860
4.05564738, 22.13205321
2.25000000, 24.00000000
1.12500000, 22.27018302
-2.25000000, 24.00000000
-1.07093346, 19.63281306
0.46079040, 20.59034211
-16.26372656, -8.46647187
-3.28322033, -7.92639504
1.19953558, -2.71692137
-13.44859674, -3.51582461
10.11035337, -6.13149058
11.95665462, -6.80226029
13.99650949, -7.82074712
15.54334132, -3.92555230
5.98309979, -15.48171750
-2.25000000, -18.00000000
-8.78582532, -15.86277608
-11.25000000, -18.00000000
-11.82127774, -13.99226404
-6.75000000, -18.00000000
-4.71013185, -15.35757322
-18.00000000, -15.37500000
-8.68157433, 16.31922166
-10.05273068, 11.49820584
-13.03923621, 5.75789686
-18.00000000, 10.87500000
15.02739140, 18.97197858
18.00000000, 21.37500000
12.70981097, 16.45031996
13.63459024, 12.94622563
15.69000235, 14.22656320
13.78504708, 10.96073911
-1.97927944, -14.93661701
-3.51329507, -13.66836454
-12.37500000, -16.11577771
-10.55788895, -16.30880663
-16.38356639, -13.86131769
-15.75000000, -18.00000000
-9.40043974, 18.90736386
-10.49726475, 14.55478923
-15.01003262, 6.69936228
-16.06433677, 8.32440731
-18.00000000, 5.62500000
-16.68601892, 12.18750000
18.00000000, 16.12500000
13.85710159, 14.87902769
15.50954118, 16.62033355
-1.41264085, 21.88331532
-3.94365346, 20.34782347
13.15781501, -1.77220332
15.47614245, -0.56100713
15.75722901, -6.26522064
2.25000000, -18.00000000
-3.15521821, -16.37634939
-6.42235303, -16.14436332
-7.80484902, 17.95663991
-8.59490592, 21.40608541
-18.00000000, 18.75000000
-12.47348649, 15.25801263
-13.16649622, 17.03536805
-15.05739855, 17.28784207
-12.12080214, 19.65590377
14.88598942, -2.25573770
3.37500000, -16.36908339
1.53946851, -16.30640947
-6.75000000, 24.00000000
-10.39580621, 20.60745261
-13.50000000, 24.00000000
-12.28587196, 21.99448351
-11.25000000, 24.00000000
-10.14608102, 22.47414021
-18.00000000, 21.37500000
-14.10413398, 22.26398952
-15.75000000, 24.00000000
-13.98660511, 20.29520476
-15.77403241, 19.23731804
-5.62500000, 21.96016232
-10.90041918, 3.89187984
-4.41335760, 0.81794261
-13.83252379, -0.14994253
-18.00000000, 0.37500000
-15.67985089, 2.60635094
-15.95070550, -0.16091625
7.74997335, 12.60466535
-2.33264216, 2.82591101
13.50000000, -18.00000000
12.39477756, -13.51262653
18.00000000, 10.87500000
16.01388878, 9.56250000
14.11451118, 5.53958225
18.00000000, 5.62500000
16.06869341, 5.06200682
16.60341812, 20.06250000
16.08658609, 22.01171665
4.68045503, -14.25010718
6.75000000, -18.00000000
7.95457852, -16.18615086
-16.46876899, -16.33930200
-8.62801695, 14.09623606
-5.03272974, 18.81281633
-3.39648724, 22.29963807
-18.00000000, 16.12500000
-15.99122921, 15.34633935
-16.81760329, 17.43750000
11.25000000, -18.00000000
12.37500000, -15.89729037
16.02568659, -8.34334434
18.00000000, -12.75000000
15.75000000, -18.00000000
12.80855093, -11.60037344
10.63230275, -13.58442848
14.86955187, 20.73138453
18.00000000, -10.12500000
18.00000000, -15.37500000
13.96923924, -14.71809850
14.62500000, -16.48635393
14.88687085, -10.43585726
16.40281601, -11.64757239
16.00136630, -14.94379132
-16.09820157, 22.02167277
