169,99,241,192,174
23,89,102,2,312,91,158
3,77,100,102,1,312
2,77,82,100,4,101
71,5,113,3,82,101,105
71,4,6,103,105,97
5,103,163,97,7,104
163,6,104,8,242,120
107,9,161,120,118,242,7
107,8,10,79,145,161
9,79,145,11,108,116
206,12,10,108,143,116,162
11,206,143,156,205,13,245
14,154,245,180,156,12
154,13,180,181,15,155
149,155,124,16,128,181,14
149,146,15,124,17,182
146,16,133,94,182,18,147
94,62,24,147,153,17
62,65,25,24,53,45,318
43,50,54,45,55
41,42,43,87,48
28,27,42,47,221,59,58
89,1,28,58,220,157,158
25,19,151,62,18,153
24,19,151,45,26,50,152
152,202,41,50,27,25
28,22,41,42,112,26,202
27,22,112,157,58,23
272,332,256
343,348
230,328,262
354,306,308
277,49,316,315
241,139,191,192
98,71,99,139,244,204
195,106,194,313,201
80,77,49,314,317,316
287,299,140,250
164,84,170,251,255,289
184,93,134,183,234,135
27,42,26,50,43,21
48,47,27,41,22,21
41,50,20,87,21,54
282,237,236,238
55,53,19,25,20,50
48,47,59,176,257,333
48,42,22,46,59
47,42,21,46,87,176,217
37,80,277,33,259,275,316
41,26,43,20,45,25
88,57,66,134,189,63
88,132,123,122,240,239
55,45,19,57,96,318
20,43,122,87,123,55,177
45,53,57,177,20,54
135,138,137
177,55,53,88,51,66,96
28,23,22,220,221
46,47,221,22,258,333
286,341,228,347
326,129,325,187
19,65,24,18,94
136,138,135,134,51,189,235
131,231,183,66,263,96
19,62,94,68,318
64,183,57,96,134,51
133,94,68,69,190,188
94,65,67,318,131,190
133,126,67,188,232,324
98,99,163,97,168
5,4,113,98,97,35,244
100,101,102,141,106,313
105,106,103,104,195,142
107,142,145,194,108,144,243
148,197,109,150,196,199
203,112,159,198,200,319
3,2,80,37,82,312,314
278,337,260,336
161,117,10,9,212,116
37,77,49,312,259
228,248,187,285,297
3,77,4,314,113
249,298,287,330
268,118,120,164,39,255
291,300,305,304
283,217,87,122,239
43,21,122,54,48,86,217
132,189,52,177,123,57,51
23,1,91,125,178,220
276,260,277
1,312,89,125,259
128,124,129,285,126,186
184,40,183,261,263
18,62,133,67,68,65,17
265,233,279,322
66,57,53,318,131,64
163,6,71,98,5,70
71,97,99,70,35
169,168,0,98,70,35,139,241
101,72,2,102,3
100,72,3,4,105,106
2,100,1,158,159,72,141
5,6,105,104,73
142,193,103,6,73,7,242
73,106,5,103,4,101
105,73,195,36,101,313,72
8,9,193,242,74,142,145
143,144,10,11,145,74
147,146,148,149,75,150
152,151,197,148,153,198
155,154,196,144,150,156
28,157,27,159,76,203,202
4,71,82,314,244,160
191,204,160,317,315
251,254,270,252
212,329,79,10,162,207,11
216,267,161,79,212,140
8,120,84,268,161,216
331,330,213,339
8,118,7,163,84,164
290,176,334,283,311,291,273
87,54,123,52,86,239
122,54,177,88,52
15,16,126,182,128,92
91,89,226,223,178,259
186,324,182,124,133,69,92
246,247,248,286,227,180
284,285,15,181,92,124
326,61,92,285,186,187
328,184,137,234,230
190,231,64,318,68,96
88,189,52,235,237,240
67,94,126,69,17,182
183,40,135,63,66,51
63,134,40,234,56,138,137
63,138,235,236
234,130,56,135
136,63,135,56
241,34,191,99,35,204
267,250,117,212,38,299
102,72,313,159,319
104,193,107,74,194,73,195
144,108,12,156,11
143,108,196,111,156,74,243
9,10,108,74,107
149,16,147,109,17
109,146,18,153,148,17
147,109,75,197,153,110
155,15,16,146,109,150
111,196,149,109,155,75
152,110,24,25,153
26,202,110,151,25,203,198
147,18,24,148,110,151
14,13,155,111,156
149,15,111,154,150,14
143,12,13,154,144,111
112,28,23,159,158
102,159,1,157,23
158,102,112,157,76,141,319
204,244,114,113,314,317
117,79,9,8,216,118
116,207,209,206,11
6,97,7,167,164,70,120,168
167,163,120,84,170,39
169,173,167,170,168,253
288,250,255,289,254
164,163,168,170,165
99,169,167,163,70,165
165,173,99,168,0,174
167,164,39,165,251,253,270
269,175,252,272
174,192,256,271
165,169,175,174,253
175,173,169,0,192,172,271
173,174,269,171,253,271,272,332
48,46,257,217,334,290,121
57,55,88,123,54
221,220,223,125,89,258
225,224,226,278,260,276
13,245,14,181,227,127,246
128,15,180,227,14,284
126,124,133,17,16
134,40,64,66,263,93
40,93,328,130,234,261,346
232,325,323,322
324,126,92,129,326
285,81,61,129
67,69,232,190,266,323
132,88,51,63,235
131,231,68,67,188,266,264
34,139,204,114
241,0,174,172,34
142,104,107,242
36,195,243,199,142,74,201
36,106,194,73,142
144,111,150,75,243,199
75,148,110,199,198,200
152,203,110,197,200,76
200,201,243,194,75,197,196
201,199,197,198,76,319
200,199,36,194,319,313
152,26,27,112,203
152,198,76,112,202
244,160,35,191,114,139
211,215,12,206,245,246
11,12,205,209,162,211
210,209,162,116,249,329
210,209,344,211,345
210,207,208,206,162,211
209,207,208,213,345,249,331
215,205,344,208,206,209
116,329,79,117,140,299,298
210,345,119,331,339,340
353,342,351,352,344,321,349
211,205,246,247,344,351
117,267,161,268,118
283,86,87,334,176,48
335,238,311,300
257,273,274,293,294,296
221,178,23,58,89
22,59,178,220,258,58
224,223,225,293,274,258
222,224,226,125,178,258
222,223,226,225,179
337,295,224,222,278,179,293,294
223,224,259,275,125,179,276
181,180,127,284,248,297
81,248,286,60
327,261,262,281,279
31,328,130
131,190,64,263,264,280
325,185,188,69,324,323,326
266,323,264,265,322,95
40,184,135,137,130
132,237,189,236,136,63
235,237,44,136
282,44,132,235,236,240
282,44,335,218
240,282,52,86,122,283
282,239,52,132,237
139,34,99,192,0
8,7,107,193,104
199,194,144,196,74
204,160,71,113,35
13,180,12,205,246
247,127,245,180,205,215
246,127,351,341,215,286
228,81,127,286,227,297
298,329,207,210,83,331,330
267,140,288,166,38
254,289,115,170,39,270
115,270,269,171
165,173,270,170,269,175
289,251,115,166
288,268,84,39,289,166
332,271,172,29
46,176,274,333,290,273,219
221,178,59,223,333,222,274
226,275,91,125,312,80,49
276,90,179,278,78
229,327,93,184,281,263,346
229,327,328,31
64,231,183,281,280,261,93
233,265,190,266,231,280
264,233,95,280,279,281
323,233,190,264,188
117,216,250,140,268,288
84,118,267,216,255,288
175,171,270,253,252
251,115,253,170,252,269
256,332,172,174,175
29,332,171,175
290,257,219,291,301,121,296
257,333,293,222,219,258
259,226,49,276,277
260,90,179,226,275,277
33,49,275,276,90
78,337,225,179,260
265,95,281,229
281,263,231,264,265
263,280,261,229,265,279
237,44,240,239,238,283,335
217,86,121,334,239,282,335,311
128,285,227,181,297
128,284,129,92,187,81,297
248,127,60,341,228,247
38,299,83,298
255,268,166,250,267
254,251,255,166,39
176,121,273,257
301,273,311,121,300,85,305
310,306,338,336
222,274,219,294,225
293,219,309,296,225,295
337,225,294,310,309,338
309,303,294,219,273,301
81,285,284,248,227
249,329,83,287,299,212
38,287,140,212,298
291,311,218,85
291,273,296,305,303
307,303,304,308
309,307,296,305,301,302,304
305,85,302,303
85,291,303,301,304
310,292,354,32
309,303,302,308,354
32,354,307,302
303,307,296,294,310,295,354
306,292,295,309,354,338
291,121,300,283,335,218
2,1,91,77,259,80
106,36,141,72,201,319
82,113,77,37,317,160
317,316,33,114
317,315,37,33,49
316,315,314,37,160,114
68,131,19,65,96,53
159,141,76,200,201,313
343,350,340,339
349,340,345,214,344
323,233,185,95
266,233,322,232,185,188
186,126,69,232,326
232,185,326,61
129,61,325,324,186,232
229,261,262,328,346
130,184,327,346,262,31,230
116,212,298,249,207
331,119,249,83
330,119,210,249,213
256,271,29,272,175
257,274,59,46,258
217,176,121,283
238,218,283,282,311
338,337,78,292
78,278,225,295,338,336
310,292,337,295,336
213,119,320,340
349,321,320,339,213,345,350
60,286,247,351,347
214,353,352,347,348
350,320,348,353,30
211,208,345,215,351,214,321
210,213,208,344,340,321
327,328,184,261
351,352,341,60,342
353,343,30,342
321,340,350,353,214
343,320,340,353,349
352,347,247,341,215,344,214
351,347,214,342
214,342,350,349,348,343
32,306,308,307,309,310
