453, 173, 362
435, 10, 9
9, 155, 8
101, 453, 411
154, 155, 139
119, 30, 29
456, 392, 454
11, 232, 176
13, 393, 159
155, 10, 176
6, 7, 154
7, 155, 154
4, 116, 5
456, 452, 392
4, 5, 153
8, 155, 7
413, 411, 141
77, 103, 132
366, 4, 153
159, 458, 363
232, 13, 177
75, 74, 103
309, 238, 178
464, 142, 465
469, 365, 472
202, 189, 20
25, 206, 203
468, 473, 476
22, 21, 473
202, 21, 246
158, 465, 17
234, 0, 1
156, 176, 232
173, 9, 8
155, 176, 231
14, 177, 13
177, 15, 188
159, 14, 13
15, 363, 16
238, 188, 16
13, 12, 393
366, 3, 4
5, 6, 154
106, 163, 484
184, 32, 31
221, 412, 216
76, 103, 77
234, 187, 0
77, 78, 93
103, 74, 102
76, 93, 92
93, 76, 77
78, 0, 187
76, 92, 75
2, 3, 366
0, 78, 132
115, 315, 102
210, 103, 102
92, 104, 75
72, 115, 73
74, 75, 104
74, 104, 73
331, 315, 115
71, 70, 134
72, 104, 105
208, 134, 68
91, 104, 92
132, 78, 77
71, 72, 105
90, 105, 104
201, 78, 187
71, 105, 70
91, 92, 200
93, 201, 92
105, 89, 107
117, 70, 105
90, 91, 200
121, 67, 117
70, 117, 69
69, 117, 68
64, 123, 133
417, 418, 415
63, 123, 64
68, 117, 67
63, 62, 123
121, 65, 66
121, 66, 67
133, 490, 409
64, 65, 121
490, 118, 409
120, 86, 110
68, 134, 69
90, 200, 89
208, 409, 410
206, 27, 241
364, 473, 20
29, 196, 241
23, 163, 24
318, 336, 185
30, 196, 29
31, 194, 30
24, 163, 214
228, 219, 172
183, 242, 40
106, 214, 163
194, 31, 32
198, 34, 35
26, 166, 138
138, 28, 27
35, 36, 243
179, 45, 191
30, 194, 196
243, 36, 37
131, 51, 112
31, 30, 119
194, 181, 196
144, 119, 29
79, 192, 240
197, 37, 38
32, 151, 33
42, 170, 145
242, 197, 38
37, 368, 367
373, 376, 218
34, 147, 35
341, 327, 299
164, 218, 377
183, 40, 41
233, 157, 183
240, 191, 46
170, 41, 40
182, 226, 253
42, 43, 233
233, 43, 179
402, 38, 367
145, 43, 42
233, 41, 42
42, 41, 170
135, 45, 148
37, 197, 243
23, 22, 163
391, 351, 423
191, 239, 179
88, 199, 207
124, 230, 109
86, 85, 110
109, 55, 56
207, 205, 86
109, 82, 114
109, 230, 83
311, 371, 301
109, 83, 82
84, 230, 85
63, 120, 126
358, 348, 361
56, 128, 57
124, 109, 56
61, 125, 60
134, 70, 69
50, 49, 129
59, 60, 125
56, 55, 128
54, 131, 137
64, 120, 63
310, 240, 180
81, 204, 192
80, 79, 49
51, 81, 80
79, 48, 49
48, 79, 47
44, 148, 45
47, 46, 135
88, 89, 199
50, 80, 49
55, 109, 54
109, 114, 54
314, 347, 137
438, 440, 419
47, 135, 48
114, 52, 53
51, 129, 112
135, 129, 48
209, 129, 135
51, 52, 114
80, 50, 51
54, 128, 55
43, 148, 44
51, 114, 81
80, 192, 79
446, 441, 359
62, 61, 123
241, 27, 28
173, 140, 435
35, 147, 368
102, 74, 115
210, 172, 252
219, 150, 172
103, 76, 75
90, 104, 91
72, 73, 104
90, 89, 105
88, 107, 89
1, 252, 2
68, 67, 208
88, 87, 107
86, 120, 87
225, 415, 160
157, 179, 239
57, 124, 56
57, 58, 124
126, 125, 61
61, 62, 126
434, 113, 136
60, 113, 61
209, 356, 129
128, 136, 57
329, 314, 131
131, 53, 52
114, 53, 54
82, 81, 114
71, 134, 122
66, 65, 408
102, 350, 210
116, 362, 5
105, 107, 117
117, 107, 121
408, 67, 66
133, 409, 408
123, 61, 130
122, 115, 71
120, 107, 87
110, 125, 126
107, 120, 121
64, 121, 120
100, 133, 123
360, 410, 349
113, 130, 61
434, 348, 487
125, 58, 59
124, 125, 230
230, 125, 110
58, 125, 124
63, 126, 62
120, 110, 126
218, 144, 138
136, 113, 58
128, 54, 137
100, 123, 130
48, 129, 49
347, 357, 361
170, 40, 402
381, 151, 184
129, 51, 50
448, 345, 447
74, 73, 115
412, 411, 413
408, 65, 64
71, 115, 72
408, 64, 133
209, 215, 317
356, 329, 112
51, 131, 52
136, 58, 57
100, 130, 487
54, 53, 131
347, 361, 137
459, 393, 174
364, 476, 473
237, 177, 188
82, 248, 204
141, 453, 362
460, 457, 462
4, 3, 116
2, 150, 3
158, 17, 16
471, 472, 479
480, 457, 463
470, 469, 158
386, 389, 146
119, 144, 164
144, 29, 28
157, 319, 183
168, 404, 169
151, 32, 184
151, 34, 33
145, 316, 148
131, 314, 137
135, 369, 209
368, 400, 169
99, 407, 403
102, 315, 350
116, 141, 362
368, 37, 36
119, 164, 382
362, 7, 6
318, 138, 166
321, 320, 337
234, 2, 366
344, 154, 139
5, 154, 153
9, 10, 155
176, 10, 11
238, 18, 189
18, 19, 189
179, 43, 44
245, 298, 303
459, 159, 393
465, 19, 18
140, 456, 435
14, 159, 363
132, 252, 0
252, 150, 2
486, 475, 143
464, 158, 469
16, 363, 158
467, 94, 477
163, 22, 473
144, 218, 164
99, 423, 334
138, 144, 28
106, 336, 214
382, 164, 377
25, 24, 166
138, 27, 26
400, 146, 389
38, 37, 367
402, 367, 149
149, 367, 169
34, 151, 147
334, 170, 407
209, 369, 215
148, 43, 145
402, 40, 39
45, 135, 46
116, 3, 150
252, 1, 0
10, 435, 394
152, 460, 455
7, 362, 173
147, 151, 146
292, 279, 287
200, 92, 201
232, 11, 12
176, 156, 231
14, 15, 177
188, 15, 16
246, 23, 203
23, 24, 203
44, 45, 179
191, 45, 46
248, 84, 205
84, 85, 205
181, 229, 195
202, 245, 189
213, 226, 182
194, 244, 212
182, 197, 211
253, 243, 182
31, 119, 184
406, 168, 169
25, 166, 26
165, 396, 376
153, 154, 344
204, 247, 192
187, 234, 307
186, 200, 201
238, 16, 17
238, 309, 188
19, 20, 189
202, 20, 21
190, 202, 246
226, 223, 224
240, 46, 47
240, 310, 191
80, 81, 192
204, 81, 82
193, 204, 248
186, 201, 308
33, 244, 32
34, 198, 244
224, 181, 212
206, 322, 203
181, 195, 196
241, 196, 195
242, 38, 39
197, 242, 211
194, 212, 181
244, 194, 32
288, 293, 294
311, 312, 207
371, 200, 186
89, 200, 199
78, 201, 93
308, 187, 307
246, 21, 22
202, 190, 245
24, 25, 203
25, 26, 206
248, 82, 83
204, 193, 247
85, 86, 205
86, 87, 207
27, 206, 26
277, 323, 227
88, 207, 87
207, 199, 311
460, 463, 457
132, 103, 210
213, 182, 211
253, 198, 243
226, 224, 212
373, 375, 372
316, 489, 215
316, 215, 148
24, 214, 166
489, 316, 391
264, 263, 239
228, 414, 219
139, 155, 231
375, 185, 372
374, 395, 396
258, 213, 211
226, 213, 222
346, 425, 329
106, 98, 336
413, 150, 219
101, 411, 221
319, 263, 258
254, 223, 226
272, 273, 217
224, 229, 181
417, 416, 210
229, 224, 282
216, 414, 225
212, 198, 253
226, 222, 254
254, 262, 223
227, 323, 195
416, 172, 210
225, 414, 415
282, 224, 223
195, 229, 227
85, 230, 110
230, 84, 83
237, 156, 177
267, 266, 261
13, 232, 12
156, 232, 177
157, 233, 179
41, 233, 183
2, 234, 1
307, 234, 175
354, 355, 343
304, 274, 298
245, 178, 189
284, 296, 286
309, 237, 188
156, 237, 236
18, 238, 17
178, 238, 189
192, 247, 180
255, 259, 257
79, 240, 47
180, 240, 192
241, 195, 206
29, 241, 28
40, 242, 39
211, 242, 183
182, 243, 197
35, 243, 198
34, 244, 33
212, 244, 198
323, 277, 281
275, 295, 262
23, 246, 22
190, 246, 203
312, 193, 205
257, 217, 255
84, 248, 83
193, 248, 205
217, 257, 266
312, 313, 193
314, 329, 250
427, 425, 447
251, 315, 331
332, 443, 417
210, 252, 132
150, 252, 172
222, 255, 254
212, 253, 226
254, 255, 262
222, 213, 258
262, 255, 217
247, 320, 180
259, 255, 222
321, 261, 264
257, 256, 261
211, 183, 319
258, 256, 259
258, 259, 222
256, 257, 259
193, 313, 247
265, 267, 269
264, 261, 256
261, 260, 267
272, 217, 266
275, 262, 273
239, 263, 157
256, 258, 263
263, 264, 256
310, 320, 239
338, 260, 337
270, 286, 269
261, 266, 257
296, 272, 266
260, 338, 269
266, 267, 265
302, 186, 308
288, 353, 289
260, 269, 267
270, 269, 268
293, 288, 289
298, 280, 303
283, 276, 271
282, 295, 277
296, 266, 265
273, 272, 271
276, 275, 278
217, 273, 262
274, 275, 276
304, 190, 281
278, 273, 271
275, 274, 277
279, 283, 284
285, 297, 276
281, 277, 274
282, 277, 227
273, 278, 275
271, 276, 278
279, 284, 287
299, 328, 305
285, 276, 283
285, 279, 300
274, 297, 298
281, 190, 322
229, 282, 227
223, 262, 295
284, 283, 271
285, 283, 279
271, 272, 296
284, 270, 287
292, 300, 279
285, 280, 297
269, 286, 265
270, 284, 286
324, 293, 289
287, 270, 289
344, 343, 355
139, 231, 340
324, 270, 268
292, 289, 353
325, 290, 324
290, 306, 294
326, 352, 343
305, 280, 285
289, 292, 287
291, 342, 300
324, 289, 270
294, 293, 290
306, 325, 339
354, 294, 235
277, 295, 275
223, 295, 282
286, 296, 265
271, 296, 284
298, 297, 280
276, 297, 274
328, 280, 305
304, 298, 245
342, 326, 341
231, 156, 327
291, 300, 292
300, 299, 305
339, 311, 301
301, 371, 302
235, 294, 302
302, 294, 306
309, 303, 236
245, 303, 178
190, 304, 245
274, 304, 281
300, 305, 285
328, 299, 327
325, 306, 290
302, 306, 301
307, 175, 355
235, 302, 308
187, 308, 201
235, 308, 307
303, 309, 178
237, 309, 236
320, 310, 180
239, 191, 310
311, 199, 371
249, 313, 312
207, 312, 205
249, 312, 311
313, 249, 325
338, 313, 325
329, 131, 112
250, 429, 347
331, 115, 122
251, 332, 350
351, 316, 145
391, 316, 351
401, 489, 335
447, 422, 431
398, 385, 397
166, 214, 318
263, 319, 157
211, 319, 258
247, 313, 337
239, 320, 264
261, 321, 260
264, 320, 321
203, 322, 190
195, 322, 206
281, 322, 323
195, 323, 322
325, 324, 268
293, 324, 290
269, 338, 268
339, 325, 249
326, 340, 341
353, 343, 352
156, 236, 327
236, 303, 328
236, 328, 327
303, 280, 328
356, 112, 129
209, 317, 346
346, 424, 425
137, 361, 128
122, 360, 444
108, 445, 349
418, 443, 482
414, 216, 412
334, 145, 170
333, 220, 391
149, 407, 402
99, 333, 423
171, 401, 335
317, 215, 489
185, 336, 98
214, 336, 318
321, 337, 260
247, 337, 320
313, 338, 337
325, 268, 338
311, 339, 249
306, 339, 301
341, 340, 231
344, 340, 326
327, 341, 231
342, 341, 299
300, 342, 299
342, 291, 352
354, 343, 353
354, 235, 355
340, 344, 139
343, 344, 326
401, 171, 448
111, 401, 448
111, 346, 317
346, 111, 424
250, 347, 314
330, 357, 347
434, 361, 348
58, 113, 59
360, 122, 134
360, 208, 410
251, 350, 315
210, 350, 332
334, 351, 145
423, 351, 334
342, 352, 326
353, 352, 291
292, 353, 291
354, 353, 288
294, 354, 288
235, 307, 355
366, 355, 175
344, 355, 153
209, 346, 356
329, 356, 346
427, 449, 429
113, 60, 59
357, 127, 358
428, 449, 426
134, 208, 360
360, 349, 444
136, 128, 361
357, 358, 361
362, 6, 5
11, 394, 393
365, 458, 457
14, 363, 15
475, 142, 143
465, 18, 17
469, 470, 365
364, 19, 465
355, 366, 153
366, 175, 234
147, 400, 368
35, 368, 36
400, 389, 405
135, 148, 369
215, 369, 148
390, 383, 398
151, 381, 146
200, 371, 199
302, 371, 186
165, 373, 372
375, 138, 318
375, 373, 218
165, 376, 373
376, 377, 218
138, 375, 218
375, 318, 185
376, 370, 377
377, 370, 379
379, 381, 382
370, 395, 378
386, 381, 384
397, 385, 378
378, 379, 370
378, 374, 488
384, 381, 379
385, 384, 379
184, 119, 382
379, 382, 377
382, 381, 184
367, 368, 169
385, 379, 378
387, 397, 488
386, 384, 383
383, 384, 385
398, 388, 390
381, 386, 146
488, 95, 387
397, 380, 398
167, 405, 389
386, 383, 390
167, 390, 388
167, 389, 390
389, 386, 390
173, 435, 9
335, 489, 220
453, 101, 451
11, 393, 12
459, 458, 159
393, 394, 174
10, 394, 11
396, 395, 370
374, 378, 395
376, 396, 370
374, 396, 165
380, 397, 387
385, 398, 383
380, 388, 398
146, 400, 147
406, 400, 405
167, 399, 405
433, 450, 430
111, 317, 489
402, 39, 38
169, 404, 149
170, 402, 407
168, 403, 404
407, 404, 403
399, 168, 406
400, 406, 169
399, 406, 405
407, 149, 404
99, 334, 407
67, 408, 208
118, 410, 409
208, 408, 409
118, 108, 410
108, 349, 410
116, 413, 141
412, 219, 414
221, 411, 412
150, 413, 116
219, 412, 413
415, 414, 228
416, 415, 228
332, 437, 443
172, 416, 228
417, 210, 332
482, 443, 437
415, 416, 417
251, 331, 444
160, 415, 418
437, 439, 438
160, 418, 420
122, 444, 331
332, 251, 437
482, 437, 438
448, 447, 424
427, 250, 425
391, 423, 333
431, 427, 447
425, 250, 329
449, 427, 430
357, 330, 428
424, 447, 425
357, 428, 127
427, 431, 430
449, 330, 429
347, 429, 330
427, 429, 250
426, 430, 450
431, 433, 430
422, 433, 431
422, 432, 433
96, 433, 432
113, 434, 130
361, 434, 136
455, 456, 454
173, 8, 7
484, 98, 106
439, 251, 359
420, 482, 419
437, 251, 439
440, 97, 419
359, 441, 439
442, 97, 440
438, 439, 440
439, 441, 442
446, 359, 445
442, 441, 421
97, 442, 421
439, 442, 440
417, 443, 418
445, 444, 349
251, 444, 359
441, 446, 421
444, 445, 359
422, 447, 345
445, 108, 446
111, 448, 424
171, 345, 448
426, 449, 430
330, 449, 428
392, 452, 451
433, 96, 450
411, 453, 141
453, 140, 173
451, 452, 453
453, 452, 140
152, 455, 454
394, 435, 456
394, 456, 174
140, 452, 456
174, 456, 455
478, 436, 467
461, 463, 460
463, 436, 478
462, 174, 455
457, 458, 459
461, 436, 463
462, 457, 459
174, 462, 459
460, 152, 461
455, 460, 462
364, 20, 19
478, 467, 477
484, 163, 468
142, 364, 465
142, 464, 143
464, 465, 158
143, 464, 469
143, 469, 472
458, 365, 470
472, 486, 143
476, 161, 468
458, 470, 363
158, 363, 470
365, 480, 479
475, 486, 466
472, 471, 486
473, 21, 20
468, 163, 473
466, 474, 475
161, 142, 474
142, 475, 474
364, 142, 476
161, 476, 142
471, 479, 481
94, 162, 477
481, 479, 478
478, 479, 480
365, 479, 472
481, 478, 477
457, 480, 365
478, 480, 463
477, 162, 481
162, 471, 481
419, 482, 438
418, 482, 420
161, 484, 468
161, 483, 484
98, 484, 483
471, 485, 486
471, 162, 485
466, 486, 485
489, 391, 220
434, 487, 130
378, 488, 397
489, 401, 111
133, 100, 490
