9, 109, 8
132, 165, 143
108, 109, 106
164, 131, 130
118, 130, 131
11, 155, 113
165, 38, 39
109, 10, 113
6, 7, 108
7, 109, 108
98, 104, 105
101, 96, 87
4, 5, 107
8, 109, 7
95, 96, 100
64, 102, 101
256, 4, 107
96, 101, 102
155, 13, 114
129, 144, 118
229, 161, 115
139, 81, 82
80, 81, 127
137, 124, 20
25, 141, 138
163, 46, 47
150, 147, 149
137, 21, 169
163, 230, 126
157, 0, 1
110, 113, 155
149, 118, 144
109, 113, 154
14, 114, 13
114, 15, 123
33, 167, 32
121, 136, 228
161, 123, 16
34, 133, 167
256, 3, 4
5, 6, 108
128, 139, 171
141, 237, 138
105, 104, 61
90, 94, 91
157, 122, 0
77, 78, 93
90, 89, 95
76, 93, 92
93, 76, 77
78, 0, 122
76, 92, 75
2, 3, 256
57, 103, 56
74, 75, 94
75, 92, 94
103, 104, 153
99, 53, 54
95, 72, 94
73, 74, 94
63, 105, 62
58, 104, 103
95, 71, 72
153, 104, 98
92, 91, 94
88, 87, 96
70, 71, 95
136, 78, 122
100, 70, 95
90, 95, 94
91, 92, 135
93, 136, 92
95, 89, 96
69, 70, 100
90, 91, 135
102, 67, 100
100, 67, 68
100, 68, 69
236, 235, 244
82, 171, 139
66, 102, 65
66, 67, 102
5, 108, 107
251, 108, 106
64, 65, 102
157, 2, 256
101, 86, 98
160, 114, 123
90, 135, 89
101, 98, 105
141, 27, 164
104, 58, 59
131, 164, 29
137, 20, 21
120, 165, 40
161, 229, 123
161, 16, 17
30, 131, 29
19, 20, 124
31, 129, 30
131, 129, 118
122, 157, 227
139, 170, 127
35, 133, 34
30, 129, 131
173, 166, 119
36, 37, 166
166, 35, 36
107, 108, 251
31, 32, 129
121, 135, 136
79, 127, 163
132, 37, 38
129, 167, 144
148, 150, 119
165, 132, 38
40, 41, 120
118, 152, 130
84, 85, 140
219, 248, 242
137, 168, 124
41, 42, 156
156, 111, 120
116, 45, 126
100, 96, 102
61, 62, 105
126, 46, 163
116, 156, 43
126, 45, 46
44, 45, 116
43, 156, 42
23, 24, 138
171, 84, 140
37, 132, 166
119, 132, 143
86, 101, 87
126, 162, 116
88, 134, 142
103, 153, 97
86, 85, 98
97, 55, 56
142, 140, 86
97, 82, 99
97, 153, 83
231, 257, 221
97, 83, 82
84, 153, 85
63, 101, 105
161, 18, 124
113, 10, 11
103, 97, 56
61, 104, 60
168, 218, 223
116, 43, 44
59, 60, 104
18, 19, 124
212, 199, 207
64, 101, 63
230, 163, 117
81, 139, 127
80, 79, 49
51, 81, 80
79, 48, 49
48, 79, 47
72, 73, 94
88, 96, 89
88, 89, 134
50, 80, 49
55, 97, 54
97, 99, 54
113, 110, 154
155, 11, 12
53, 99, 52
51, 52, 99
82, 81, 99
123, 15, 16
80, 50, 51
14, 15, 114
57, 58, 103
51, 99, 81
80, 127, 79
135, 92, 136
169, 23, 138
164, 27, 28
125, 137, 169
9, 10, 109
167, 129, 32
208, 213, 214
231, 232, 142
257, 135, 121
89, 135, 134
78, 136, 93
228, 122, 227
169, 21, 22
137, 125, 168
24, 25, 138
25, 26, 141
171, 82, 83
139, 128, 170
85, 86, 140
86, 87, 142
27, 141, 26
197, 238, 151
88, 142, 87
142, 134, 231
111, 234, 120
111, 116, 162
173, 133, 166
148, 119, 143
184, 183, 162
106, 109, 154
234, 183, 178
174, 147, 150
192, 193, 145
149, 152, 118
178, 148, 143
150, 148, 146
150, 149, 144
152, 149, 202
144, 133, 173
150, 146, 174
174, 182, 147
151, 238, 130
202, 149, 147
130, 152, 151
85, 153, 98
153, 84, 83
160, 110, 114
187, 186, 181
13, 155, 12
110, 155, 114
111, 156, 116
41, 156, 120
2, 157, 1
227, 157, 112
254, 255, 250
224, 194, 218
168, 115, 124
204, 216, 206
229, 160, 123
110, 160, 159
18, 161, 17
115, 161, 124
127, 170, 117
175, 179, 177
79, 163, 47
117, 163, 127
164, 130, 141
29, 164, 28
40, 165, 39
143, 165, 120
119, 166, 132
35, 166, 133
34, 167, 33
144, 167, 133
238, 197, 201
195, 215, 182
23, 169, 22
125, 169, 138
232, 128, 140
177, 145, 175
84, 171, 83
128, 171, 140
145, 177, 186
232, 233, 128
119, 150, 173
144, 173, 150
146, 175, 174
174, 175, 182
146, 148, 178
182, 175, 145
170, 235, 117
179, 175, 146
236, 181, 184
177, 176, 181
143, 120, 234
178, 176, 179
178, 179, 146
176, 177, 179
128, 233, 170
185, 187, 189
184, 181, 176
181, 180, 187
192, 145, 186
195, 182, 193
162, 183, 111
176, 178, 183
183, 184, 176
230, 235, 162
245, 180, 244
190, 206, 189
181, 186, 177
216, 192, 186
180, 245, 189
186, 187, 185
222, 121, 228
208, 253, 209
180, 189, 187
190, 189, 188
213, 208, 209
218, 200, 223
203, 196, 191
202, 215, 197
216, 186, 185
193, 192, 191
196, 195, 198
145, 193, 182
194, 195, 196
224, 125, 201
198, 193, 191
195, 194, 197
199, 203, 204
205, 217, 196
201, 197, 194
202, 197, 151
193, 198, 195
191, 196, 198
199, 204, 207
219, 243, 225
205, 196, 203
205, 199, 220
194, 217, 218
201, 125, 237
152, 202, 151
147, 182, 215
204, 203, 191
205, 203, 199
191, 192, 216
204, 190, 207
212, 220, 199
205, 200, 217
189, 206, 185
190, 204, 206
239, 213, 209
207, 190, 209
251, 250, 255
106, 154, 247
239, 190, 188
212, 209, 253
240, 210, 239
210, 226, 214
241, 252, 250
225, 200, 205
209, 212, 207
211, 249, 220
239, 209, 190
214, 213, 210
226, 240, 246
254, 214, 158
197, 215, 195
147, 215, 202
206, 216, 185
191, 216, 204
218, 217, 200
196, 217, 194
243, 200, 225
224, 218, 168
249, 241, 248
154, 110, 242
211, 220, 212
220, 219, 225
246, 231, 221
221, 257, 222
158, 214, 222
222, 214, 226
229, 223, 159
168, 223, 115
125, 224, 168
194, 224, 201
220, 225, 205
243, 219, 242
240, 226, 210
222, 226, 221
227, 112, 255
158, 222, 228
122, 228, 136
158, 228, 227
223, 229, 115
160, 229, 159
235, 230, 117
162, 126, 230
231, 134, 257
172, 233, 232
142, 232, 140
172, 232, 231
233, 172, 240
245, 233, 240
183, 234, 111
143, 234, 178
170, 233, 244
162, 235, 184
181, 236, 180
184, 235, 236
138, 237, 125
130, 237, 141
201, 237, 238
130, 238, 237
240, 239, 188
213, 239, 210
189, 245, 188
246, 240, 172
241, 247, 248
253, 250, 252
110, 159, 242
159, 223, 243
159, 243, 242
223, 200, 243
236, 244, 180
170, 244, 235
233, 245, 244
240, 188, 245
231, 246, 172
226, 246, 221
248, 247, 154
251, 247, 241
242, 248, 154
249, 248, 219
220, 249, 219
249, 211, 252
254, 250, 253
254, 158, 255
247, 251, 106
250, 251, 241
249, 252, 241
253, 252, 211
212, 253, 211
254, 253, 208
214, 254, 208
158, 227, 255
256, 255, 112
251, 255, 107
255, 256, 107
256, 112, 157
135, 257, 134
222, 257, 121
