31,47,52,55,310,335
31,202,335,450
54,202,273,297,311,450
41,54,272,273,334
12,14,18,41,272
12,14,42,223,299,703
10,42,294,703
10,11,15,294,338,830
2,15,33,830
1,2,33,300,756
1,9,300,301,336,762
7,301,342,704,759,762
40,342,446,759
8,20,35,37,40,446
35,37,309,344,706
36,38,344,345,706
38,39,274,314,345,366
30,274,366,458,708
302,303,307,458,708
303,307,368,710,876
25,95,368,369,876,892
28,29,369,394,892
28,140,316,394,474
97,140,346,347,474
97,101,322,347,396,414
26,322,360,396,397
107,323,360,397,402
94,108,191,323,402
108,191,280,319,465
5,96,99,116,280,465
5,99,100,111,114
44,100,105,114,358
44,105,119,283,378,387
119,284,378,470
106,124,284,328,379,470
106,109,124,193,469,714
109,112,292,714
112,118,122,139,292,325
118,121,134,325,384,775
332,384,466,775
103,127,130,250,332,466
127,130,136,137,449
120,132,135,136,137
132,133,135,186,304,331
170,186,304,348
110,138,170,333,348,349
129,171,333,349,372
169,171,178,372,462
168,169,178,181,248
159,166,168,173,248
159,173,184,252
113,167,180,183,184,187,252,261
179,183,217,261
179,217,218,264
162,174,175,185,218,246,264
146,161,174,185
146,155,156,161,208
155,208,209,215,262
209,238,241,245,262,678
160,238,678,696
157,160,213,696
157,190,210,211,213,228,236
84,190,211,242
82,84,153,163,242
80,82,88,163,233,256,258
85,88,221,256
85,86,221,226
77,83,86,203,226,785
65,79,83,91,203
78,79,91,158
63,71,75,78,158
63,68,71,220,229,257
59,64,68,199,257
59,61,199,254
21,49,60,61,194,254
21,53,58,60,197
46,50,51,53,197
17,46,48,51,67
48,52,55,67,70,392
117,166,168,169,188,462
166,167,173,184,188,374
165,167,187,219,374,375
148,151,219,269,375,398
149,151,398,443,478
152,350,351,443,478
145,152,351,400,442
90,145,147,205,400,401
204,205,230,401,404
143,172,201,204,404
74,92,172,200,201,391
69,76,92,198,200
66,72,76,198
50,53,58,66,72,73,341
48,50,51,73,392
315,900
749
826,856
835,837,842
424,653,831,913
289,318,650,784
234,247,263,921
3,426,758
49,56,57,194,222,290
17,21,46,49,57,197,407
58,60,61,64,66,69,198,199
64,68,69,71,74,75,200,224
43,104,320,424,831
74,201,204,224,225,230,232
644,788,789,850
144,146,148,149,151,156,174,175
90,145,231,240,243,442
672,673,674,774,851,920
113,180,260,609,639
212,213,236,245,678,696,827
148,175,179,183,187,218,219
56,59,62,194,229,254,257,611
12,223,272,291,334,790,793
75,77,78,79,83,224,225
89,786,788
5,114,116,279,293,358,739
90,153,163,205,230,232,233,243
77,85,86,88,225,232,233
220,229,611,643,679,806
80,82,84,190,228,234,247
144,156,208,209,239,241
157,160,210,231,238,239,240,241
153,210,211,231,242,243
697,817
155,161,185,215,246,642,701
159,180,181,182,214,248,252,639
228,236,247,263,827,918
113,162,216,217,261,264,286,609
17,55,67,310,407,486
80,87,227,234,258,921
63,65,91,158,220,679,699
138,171,178,181,182,287,333,716
212,215,245,262,701,828
162,176,246,265,286,642
107,108,244,295,319,323,723,727
4,298,418,558,669
192,308,858,860,864
16,270,291,790,857
23,707,879,880,895,896,897,898
312,707,880,882,883,885
116,244,279,280,317,319
120,135,285,331,613,647,683
278,324,339,719,748,770
124,193,328,339,713,770
138,170,186,285,331,413,716,717
326,327,649,776,783
196,273,311,334,425,487,793
119,251,283,284,328,339,719
337,861,874
14,18,299,362,692,711
4,10,11,42,298,299,362
2,4,9,11,15,34,300,418
32,343,444,447,457,580,635
128,207,281,448,507,619
30,274,277,313,314,881,888
8,19,37,306,309,760
206,803,805
886,895,898,911,912
900,907,908,915
43,97,101,104,140,316,878,893
126,279,293,317,321
361,722,725,766
107,295,322,360,414,618
751,753,754,772
282,359,778,780
282,288,327,359,742,776,781
120,130,137,250,329,647,777
651,671,852
102,195,196,438,487,798
0,33,192,338,756,830,858
266,761,863,865,869,873
451,595,691,712
7,9,32,34,301,343
20,35,36,268,344,444,447
22,454,459,588,599
110,133,142,207,304,348,448
164,460,463,493,601
115,352,380,382,386,430
131,354,356,357,408,468
103,127,128,281,449,467,497
44,251,283,358,739,741
98,419,653,728
365,377,390,517,721
47,52,70,364,393,597
36,39,268,345,367,456
25,302,303,353,368,454,459
370,395,475,530,544,589,625
110,129,142,349,373,602
117,165,188,363,374,460,463
376,399,476,479,481,501
100,105,111,115,355,386,387
352,382,383,437,441,464,626,628
96,99,111,115,382,383
118,121,139,356,385,468
106,379,409,434,469,471
143,172,391,405,603,720
72,76,92,341,365,390,391,720
70,73,341,365,377,392,597
25,29,353,369,370,395
26,346,347,381,396,475,625
165,269,363,375,376,399
147,350,351,400,476,479,605
26,94,381,397,402,464,626
143,147,389,401,404,405,605
65,93,203,680,699,785,787
182,214,259,287,330,640,693
57,195,222,407,431,438,486,682,799
356,385,408,421,467,497,620
355,380,386,410,434,471,489
354,408,421,422,491
101,104,320,414,618,654
259,330,412,413,652,717
45,433,646
429,477,480,492,505,528
123,126,244,317,724,726,727
102,196,417,425,791,794
648,757,917
45,426,792
422,435,488,491,494,499
371,428,436,440,546,572
371,380,410,430,432,440
206,433,439
131,354,371,410,422,428,435,489
403,437,441,536,545
102,417,795,796,798
352,430,432,441,545
144,149,152,239,240,442,443
34,343,418,558,580,661,663
7,20,32,342,446,447
128,132,133,136,448,449
31,47,297,364,450,451,712
570,585,596,598,668,690
457,587,600,635,636,637
268,444,456,457,600
22,39,302,366,367,458,459
142,207,416,507,510,602,622
117,129,164,372,373,462,463
94,96,191,383,464,465
103,121,384,385,466,467
109,112,139,357,409,468,469
355,378,379,387,470,471
305,353,395,454,578,588,589
29,346,370,394,474,475
363,399,460,493,501,621,656
269,350,376,398,478,479
604,606,607,632,659
482,610,675,810,813,821
484,612,681,802,807,832,834,846
195,202,310,311,335,486,487
131,357,409,434,489
428,435,436,488,490
461,477,488,490,492,494
496,498,500,503,508,509
461,477,480,496,500,513
421,427,491,498,499,508,620
461,494,498,499,500
504,511,515,519,623,655
445,495,496,503,504,513,623
436,473,490,492,506,528,546
416,427,507,508,509,619
416,495,503,509,622,624
502,516,525,553,573
445,480,505,513,514,516,525
445,502,504,516,519
520,559,629,631,658
502,512,515,519,520,553,631
512,520,550,554,556,559,567
523,526,531,538,547,549,574
429,505,514,526,549
429,506,526,528,531,537
453,529,532,535,543,576,590
473,506,527,529,532,537,571
523,527,529,534,538,541,576
403,472,524,532,535,536,571
527,531,537,538
340,533,539,542,548,551
522,552,564,575,577,638
472,530,535,544,590,627
432,440,524,536,545,572
523,533,541,547,548
455,533,539,547,550,554,574
534,541,542,548,552,564,591
455,512,553,554,573
340,539,550,556,565
388,518,521,688,689
518,521,555,556,560,565,567
561,562,568,593,630
566,581,666,686,687
340,551,560,565,581,687
388,521,555,568,630
388,562,568,570,585,586,689
473,524,546,571,572
455,514,525,549,573,574
534,543,552,575,576
305,453,522,543,575,578
125,540,582,592,664,665
542,551,566,581,582,591,665
150,583,584,594,660
517,584,585,586,594,596,721
305,522,587,588,599,636,638
453,530,578,589,590
540,564,577,582,591
562,569,586,593,594,660
364,393,451,595,598,690
377,393,517,596,597,598
22,367,456,587,599,600
164,373,510,601,602
150,389,405,583,603,606,659
389,476,481,604,605,606
481,501,604,607,608,621,657
176,216,286,482,675
56,62,290,484,681
285,412,413,415,613,614
259,640,652,673,774
98,295,618,654,723,728
281,427,497,619,620
296,493,510,601,622,624,656
296,495,623,624,655
381,544,625,626,627,628
403,437,472,627,628
555,559,561,567,629,630
561,569,593,607,608,629,632,658
563,579,633,662,670,685
125,580,592,635,637,663
540,577,592,636,637,638
216,260,423,482,609,694,813
676,815,819,820,854
62,484,611,802,806
485,612,682,797,799,807
648,650,811
318,329,647,683,684,784
615,651,757
98,320,424,653,654
296,511,621,655,656,657
511,515,608,631,657,658
569,583,632,659,660
558,633,661,662,669
125,579,633,661,663,664
566,579,664,665,666,685
452,557,563,634,667,670
298,362,557,662,669,670,692
253,849,852
423,640,641,673,674,693,694
176,249,265,610,675,676,820
154,237,677
235,644,700,789,845
222,290,612,681,682
141,613,614,683,684
563,634,666,685,686
518,560,634,667,686,687,688
452,570,667,668,688,689
452,557,595,668,690,691,692,711
214,260,639,693,694
249,676,697,702,815,817
154,697,702
189,832,836,840,846,848
235,643,679,680,699,700
154,249,265,642,677,701,702,828
0,223,270,291,294,338,703
19,38,309,314,706,887,888
95,267,710,876,879,897
24,705,709,884,889,903,905
18,41,54,297,691,711,712
122,134,325,326,327,742
122,193,288,292,713,714,742
287,330,716,717
729,730,732,735,763,765
150,390,584,603,720,721
411,419,722
123,411,722,724,725
420,736,764,766
411,419,723,724,727,728
123,361,725,726,729,765
126,321,726,729,730,740
732,734,735,736,743,764,919
730,731,735,737,738,740,743
750,767,769
251,719,731,733,737,741,748
293,321,731,739,740,741
718,745,746,752,768
733,737,738,745,746
617,734,738,743,746,768
278,733,745,748,752,755
744,749,767
747,753,769
278,324,715,751,754,755
718,747,752,753,754,755
141,415,614,648,811,917
6,13,855
8,40,266,306,704,759,761
336,704,761,762,862,863
420,732,763,764
361,420,763,765,766
617,734,744,750,767,919
617,718,747,750,768,769
772,780,782
288,324,713,715,770,771,781
615,651,671,672,920
134,250,326,332,649,775,777
289,778,779
282,776,778,779,783
715,751,771,772,782
359,771,780,781,782
289,329,649,777,779,783,784
221,226,227,256,258,785,787
87,89,93,227,786,787
93,235,680,786,788,789
3,16,255,426,792,857
45,255,646,791,792,794
16,255,425,790,793,794
417,433,439,646,791,795
81,206,439,795,796,801,803
431,438,796,798,801
81,431,485,799,801,844
81,645,803,805,844,910
177,833,835,909
805,833,910
841,842,847
616,824,825,849
141,318,650,684,811
641,674,809,816,851
423,483,641,810,813,816
698,822,853
483,695,810,812,814,818,821
698,815,817,854
610,695,819,820,821
773,814,818,822,823,853
616,812,818,823,824
825,826
773,823,824,825,826,856
212,237,677,827,828,918
1,192,308,336,756,862
866,868,871
797,800,804,807,808,834
177,804,808,838,909
804,832,834,836,838,839,843
177,835,837,838,843
189,836,839,841,847
837,839,841,842,843
485,645,797,800,844
643,700,802,806,845,846,848
644,840,845,848,850
189,840,847,850
253,483,616,809,812,816,849
253,671,672,809,851,852
695,698,814,819,853,854
773,822,856
758,855,859
13,855,859,860,864
0,3,270,758,857,858,859,860
6,829,861
337,829,861,865,869,875
6,13,308,829,862,863,864,865
271,276,406,705,870,872,905
19,705,760,870,884,887
266,306,760,870,872,873
271,337,406,867,874,875
867,871,874
271,869,872,873,875
276,406,867,868,871,906
23,313,880,881,882
23,30,307,708,710,879,881
890,894,916
315,866,877
27,878,886,893,911
24,277,313,709,882,883
277,709,884,887,888
275,891,899,908,914,915
24,275,883,885,891,903
27,28,95,267,316,892,893
894,895,896
312,707,890,894,896
27,267,886,897,898
315,877,900,904,907
866,868,877,901,902,904,906
275,889,899,901,902,903
276,889,902,905,906
899,901,904,907,908
645,800,808,833,909,910
912,913
43,831,878,911,912,913
914,915,916
312,885,890,891,914,916
237,263,918
736,744,749,919
412,415,615,652,757,774,917,920
87,89,921
