29,45,50
29,233
52,85,233
39,52
12,16,39
12,40,82
8,40
8,9,13
0,13
0,185
7,149,185
5,149,171
171,229
18,33,229
33,177
34,175,177
37,96,175
96,241
148,155,241
98,155
23,93,98
27,93,193
193,257
131,182,257
131,195
24,195,196
196,201
90,183,201
183,248
92,97,248
97,99,104
99,109
35,109,186
35,253
38,103,253
103,107,252
106,107
106,112,133
6,112,115
6,249
94,116,249
116,121,232
121,130
127,130,153
129,153
123,128,129
25,126,128
25,163,245
162,163
160,162,167
167,176
161,173,176,179
172,173
57,172
57,168,169
140,168
53,140,150
53,178
61,91,178
91,154
151,154
43,125,151
60,125
60,147,157
15,84,157
80,84
80,81
75,76,81
76,77
73,77
66,68,73
62,66
58,62,164
59,164
54,59
51,54,55
48,49,51
46,49
46,50,67,191
111,160,162,163,180,245
22,160,161,167,176,180
21,22,159,161,174,179
21,79,142,145,174,197
143,145,197,226,261
118,132,146,226,261
118,139,146,199,225
86,135,139,141,199,200
11,65,135,200,203
65,137,165,166,203
47,72,88,165,166,190
44,47,69,74,88
44,64,70,74
48,51,55,64,70,71,181
46,48,49,71,191
44,54,55,58,59,64,69,164
14,47,58,62,66,68,69,72
11,14,17,65,72,124,165
138,140,142,143,145,150,168,169
10,63,86,89,139,225
57,142,169,172,173,174,179
14,68,73,75,76,77,124
11,15,17,86,89,135,147,157
15,17,75,80,81,84,124
53,56,61,138,150,178
10,43,56,61,63,91,151,154
10,43,60,89,125,147
2,83,210,336,421
12,16,82,108,430,431
2,8,9,40,82,83,108
0,2,7,9,13,32,185,210
30,170,227,230,240,358,403
122,205,206,231,285,387
234,373,429,432
5,7,30,32,149,170
18,33,34,87,177,227,230
20,237,242,366,377
123,127,129,136,153,206,231
158,243,246,271,379
4,19,31,100,117,214
105,114,134,208,251,265
94,116,122,205,232,250,275
36,110,189,295,434
45,50,67,101,192,375
34,37,87,95,175,239
23,98,120,148,155,237,242
184,194,258,308,322,367,393
28,123,126,128,136,380
22,102,111,159,180,243,246
41,198,259,262,264,279
19,99,100,104,109,113,186
3,4,117,222,224,247,394,396
3,4,92,97,100,104
1,112,115,133,134,251
38,103,207,219,252,254
137,166,190,204,381,433
70,74,88,110,181,189,190,433
36,67,71,110,181,191,375
23,27,93,120,184,194
24,42,131,182,195,258,393
21,41,79,102,159,198
118,132,141,199,259,262,383
24,42,90,196,201,247,394
137,141,188,200,203,204,383
1,134,208,215,250,275,388
19,31,113,217,219,254,266
213,260,263,270,283,306
216,220,267,269,272,277
26,212,221,223,324,350
114,208,215,216,269
26,31,214,217,218,223
26,114,212,216,217,220,265,266
202,222,224,314,323
117,214,218,224,323
56,63,138,143,146,225,226
32,170,210,336,358,413,415
5,18,30,171,229,230
121,122,127,130,231,232
29,45,85,101,233,234,432
348,363,374,376,420,428
240,365,378,403,404,405
87,227,239,240,378
20,37,95,96,148,241,242
136,206,209,285,288,380,390
25,28,111,126,158,245,246
3,90,92,183,247,248
1,6,94,115,249,250
105,106,107,133,207,251,252
35,38,113,186,253,254
120,152,194,237,356,366,367
27,182,184,193,257,258
102,198,243,271,279,389,408
41,79,132,197,261,262
382,384,385,400,411
105,207,219,265,266
212,220,221,267,268
244,260,267,268,270,272
274,276,278,281,286,287
244,260,263,274,278,291
211,215,269,276,277,286,388
244,272,276,277,278
282,289,293,297,391,407
228,273,274,281,282,291,391
221,256,268,270,284,306,324
209,211,285,286,287,387
209,273,281,287,390,392
280,294,303,331,351
228,263,283,291,292,294,303
228,280,282,294,297
298,337,397,399,410
280,290,293,297,298,331,399
290,298,328,332,334,337,345
301,304,309,316,325,327,352
213,283,292,304,327
213,284,304,306,309,315
236,307,310,313,321,354,368
256,284,305,307,310,315,349
301,305,307,312,316,319,354
202,255,302,310,313,314,349
305,309,315,316
156,311,317,320,326,329
300,330,342,353,355,406
255,308,313,322,368,395
218,223,302,314,323,350
301,311,319,325,326
238,311,317,325,328,332,352
312,319,320,326,330,342,369
238,290,331,332,351
156,317,328,334,343
187,296,299,426,427
296,299,333,334,338,343,345
339,340,346,371,398
344,359,418,424,425
156,329,338,343,359,425
187,299,333,346,398
187,340,346,348,363,364,427
256,302,324,349,350
238,292,303,327,351,352
312,321,330,353,354
152,236,300,321,353,356
119,318,360,370,416,417
320,329,344,359,360,369,417
144,361,362,372,412
295,362,363,364,372,374,434
152,300,365,366,377,404,406
236,308,356,367,368
318,342,355,360,369
340,347,364,371,372,412
101,192,234,373,376,428
36,192,295,374,375,376
20,95,239,365,377,378
28,158,288,379,380
144,188,204,361,381,384,411
188,259,264,382,383,384
264,279,382,385,386,389,409
205,211,275,387,388
78,271,288,379,390,392,408
78,273,391,392,407
42,322,393,394,395,396
202,222,255,395,396
333,337,339,345,397,398
339,347,371,385,386,397,400,410
341,357,401,414,422,423
119,358,370,403,405,415
318,355,370,404,405,406
78,289,389,407,408,409
289,293,386,399,409,410
347,361,400,411,412
336,401,413,414,421
119,357,401,413,415,416
344,357,416,417,418,423
235,335,341,402,419,422
83,108,335,414,421,422,430
341,402,418,423,424
296,338,402,419,424,425,426
235,348,419,420,426,427
235,335,373,420,428,429,430,431
16,39,52,85,429,431,432
144,189,362,381,433,434
