-7.730104533627369712e+00, 6.343932841636455322e+00
-8.314696123025452579e+00, 5.555702330196021776e+00
-8.819212643483549385e+00, 4.713967368259978308e+00
-9.238795325112867829e+00, 3.826834323650898373e+00
-9.569403357322087800e+00, 2.902846772544623200e+00
-9.807852804032304306e+00, 1.950903220161285923e+00
-9.951847266721967955e+00, 9.801714032956083678e-01
-1.000000000000000000e+01, 1.224646799147353256e-15
-9.951847266721969731e+00, -9.801714032956059253e-01
-9.807852804032304306e+00, -1.950903220161283702e+00
-9.569403357322089576e+00, -2.902846772544621423e+00
-9.238795325112867829e+00, -3.826834323650896597e+00
-8.819212643483551162e+00, -4.713967368259976531e+00
-8.314696123025454355e+00, -5.555702330196020000e+00
-7.730104533627370600e+00, -6.343932841636452657e+00
-7.071067811865477282e+00, -7.071067811865474617e+00
-6.343932841636458875e+00, -7.730104533627367047e+00
-5.555702330196021776e+00, -8.314696123025452579e+00
-4.713967368259978308e+00, -8.819212643483549385e+00
-3.826834323650903258e+00, -9.238795325112864276e+00
-2.902846772544624088e+00, -9.569403357322087800e+00
-1.950903220161286589e+00, -9.807852804032302529e+00
-9.801714032956044820e-01, -9.951847266721969731e+00
-1.836970198721029589e-15, -1.000000000000000000e+01
9.801714032956009293e-01, -9.951847266721969731e+00
1.950903220161282814e+00, -9.807852804032304306e+00
2.902846772544620979e+00, -9.569403357322089576e+00
3.826834323650900149e+00, -9.238795325112866053e+00
4.713967368259975643e+00, -8.819212643483551162e+00
5.555702330196018224e+00, -8.314696123025456131e+00
6.343932841636456210e+00, -7.730104533627368824e+00
7.071067811865474617e+00, -7.071067811865477282e+00
7.730104533627367047e+00, -6.343932841636458875e+00
8.314696123025452579e+00, -5.555702330196021776e+00
8.819212643483549385e+00, -4.713967368259979196e+00
9.238795325112864276e+00, -3.826834323650904146e+00
9.569403357322087800e+00, -2.902846772544624532e+00
9.807852804032302529e+00, -1.950903220161287255e+00
9.951847266721969731e+00, -9.801714032956052591e-01
1.000000000000000000e+01, -2.449293598294706513e-15
9.951847266721969731e+00, 9.801714032956001521e-01
9.807852804032304306e+00, 1.950903220161282148e+00
9.569403357322089576e+00, 2.902846772544620535e+00
9.238795325112867829e+00, 3.826834323650899705e+00
8.819212643483551162e+00, 4.713967368259975643e+00
8.314696123025456131e+00, 5.555702330196018224e+00
7.730104533627368824e+00, 6.343932841636456210e+00
7.071067811865475505e+00, 7.071067811865475505e+00
7.034788449648814002e+00, 7.786435877051249399e+00
6.926322638348993976e+00, 8.494463297840555427e+00
6.746783383967644987e+00, 9.187884754781912022e+00
6.498013002210149658e+00, 9.859584805377947347e+00
6.182564213833453337e+00, 1.050267089815414678e+01
5.803673950276713178e+00, 1.111054409956410538e+01
5.365230138364469603e+00, 1.167696680797748243e+01
4.871731804916213271e+00, 1.219612675991356809e+01
4.328242910643070651e+00, 1.266269667172983659e+01
3.740340387058261662e+00, 1.307188890476108512e+01
3.114056909612993529e+00, 1.341950459297085096e+01
2.455818994282809253e+00, 1.370197672899891472e+01
1.772381052817213032e+00, 1.391640676648376029e+01
1.070756083334939213e+00, 1.406059436307058697e+01
3.581437074731617098e-01, 1.413305995890142164e+01
-3.581437074731608217e-01, 1.413305995890142164e+01
-1.070756083334936992e+00, 1.406059436307058874e+01
-1.772381052817209479e+00, 1.391640676648376029e+01
-2.455818994282808365e+00, 1.370197672899891650e+01
-3.114056909612994417e+00, 1.341950459297084919e+01
-3.740340387058258553e+00, 1.307188890476108867e+01
-4.328242910643068875e+00, 1.266269667172983659e+01
-4.871731804916213271e+00, 1.219612675991356809e+01
-5.365230138364469603e+00, 1.167696680797748243e+01
-5.803673950276711402e+00, 1.111054409956410716e+01
-6.182564213833451561e+00, 1.050267089815415034e+01
-6.498013002210149658e+00, 9.859584805377947347e+00
-6.746783383967644987e+00, 9.187884754781913799e+00
-6.926322638348993976e+00, 8.494463297840555427e+00
-7.034788449648814002e+00, 7.786435877051250287e+00
-7.071067811865475505e+00, 7.071067811865476394e+00
6.343932841636456210e+00, 7.730104533627368824e+00
5.555702330196022665e+00, 8.314696123025450802e+00
4.713967368259978308e+00, 8.819212643483549385e+00
3.826834323650898373e+00, 9.238795325112867829e+00
2.902846772544622755e+00, 9.569403357322089576e+00
1.950903220161283036e+00, 9.807852804032304306e+00
9.801714032956077016e-01, 9.951847266721967955e+00
6.123233995736766282e-16, 1.000000000000000000e+01
-9.801714032956065914e-01, 9.951847266721969731e+00
-1.950903220161281926e+00, 9.807852804032304306e+00
-2.902846772544622311e+00, 9.569403357322089576e+00
-3.826834323650897041e+00, 9.238795325112867829e+00
-4.713967368259977420e+00, 8.819212643483551162e+00
-5.555702330196020000e+00, 8.314696123025454355e+00
-6.343932841636452657e+00, 7.730104533627370600e+00
-1.500000000000000000e+01, -1.500000000000000000e+01
1.500000000000000000e+01, -1.500000000000000000e+01
1.500000000000000000e+01, 1.800000000000000000e+01
-1.500000000000000000e+01, 1.800000000000000000e+01
0.000000000000000000e+00, -1.500000000000000000e+01
1.500000000000000000e+01, 1.500000000000000000e+00
0.000000000000000000e+00, 1.800000000000000000e+01
-1.500000000000000000e+01, 1.500000000000000000e+00
-8.337408583832734976e+00, 1.015890488203962683e+01
-7.884498688041985837e+00, 9.112505960990265663e+00
-5.387638850306739613e+00, 9.713830836336498464e+00
-3.975089983861010090e+00, 1.084967260413913870e+01
-2.598938081949657697e-01, -1.325407800650032719e+01
-2.023997884385735802e+00, 1.178754061794218799e+01
-7.500000000000000000e+00, 1.800000000000000000e+01
3.513049146080242213e+00, 1.116328024900658100e+01
1.033147532885885678e+00, 1.209842192131021577e+01
1.252488728318958877e+01, 9.386661922772333355e+00
8.337408583832734976e+00, 1.015890488203962327e+01
2.438161283158899906e+00, 1.484204965689270672e+01
4.909340741439294220e+00, 1.013108329387601181e+01
-6.949833382216985989e+00, 1.140293208184132645e+01
-1.114857567958525131e+01, 2.792572832442031139e+00
-3.367281018958354633e+00, 1.190897246611551452e+01
-3.750000000000000000e+00, 1.800000000000000000e+01
7.430483530679000026e+00, -8.647354098002054457e+00
-5.527768009639004720e-01, 1.250696583960983332e+01
-1.810519845984136733e+00, 1.284161176660158965e+01
-6.444020118523521745e+00, 1.319656570001901663e+01
4.996003610813204432e-16, 1.526040429866773884e+01
2.852236172085545363e+00, 1.220981283671885365e+01
1.810519845984135845e+00, 1.284161176660159143e+01
6.118564401783734841e-01, 1.308794335843083445e+01
7.500000000000000000e+00, 1.800000000000000000e+01
5.305099547714663188e+00, 1.325076910458792945e+01
7.884498688041984060e+00, 9.112505960990265663e+00
1.789713882555896252e+00, 1.577991640879814916e+01
6.949833382216983324e+00, 1.140293208184131935e+01
-8.264137271035940202e+00, 7.490177419989043628e+00
-1.789713882555899360e+00, 1.577991640879815449e+01
-5.305099547714657859e+00, 1.325076910458792767e+01
8.264137271035936649e+00, 7.490177419989042740e+00
4.327622444762804221e+00, 1.486794961468193499e+01
6.444020118523530627e+00, 1.319656570001902551e+01
4.483845372044147126e+00, -1.084027568828400234e+01
-7.335480210041696481e+00, -3.603690342656202805e-01
-1.246099166056150764e+01, -1.848413503676505698e+00
-1.241399946633755924e+01, 1.841442870139700538e+00
-5.220787599215480412e+00, -1.255555824108624741e+01
-7.434676442124172446e+00, -1.229241467180706060e+01
5.905372939140364430e+00, -9.852519520336134207e+00
1.085553451367264799e+01, 3.884172356919350921e+00
1.075228345673192187e+01, -6.444670688374857903e+00
1.038390471395230819e+01, -4.911221165911278774e+00
9.889184026041831999e+00, 5.927348798145208875e+00
1.247719767321131812e+01, -6.129654156357977612e-01
-1.042254668089754510e+01, 4.929497455147529905e+00
9.334029471400931754e+00, -6.547114801417776242e+00
-1.500000000000000000e+01, -6.750000000000000000e+00
-7.547704319181674393e+00, 1.890601511334601970e+00
-8.586320785957113344e+00, 4.218188913241696092e-01
-8.503629823027953449e+00, -1.261394327459393061e+00
-6.299439194636370587e+00, -3.775738548396872396e+00
6.915007286149966959e+00, 2.474229169916080995e+00
-7.121484929209481507e+00, -9.602210859287009015e+00
-9.114268941486233899e+00, -6.759602539323509518e+00
-1.500000000000000000e+01, 9.750000000000000000e+00
-3.750000000000000000e+00, -1.500000000000000000e+01
-1.125000000000000000e+01, -1.500000000000000000e+01
-5.657258665460288549e-01, -1.151561456109553383e+01
7.467545913944348968e+00, -1.006882008174949128e+01
7.500000000000000000e+00, -1.500000000000000000e+01
2.763573256925381916e+00, -1.103280288448847202e+01
1.500000000000000000e+01, -6.750000000000000000e+00
1.500000000000000000e+01, -2.625000000000000000e+00
1.310466884694358392e+01, -2.413839846640876363e+00
1.137101996618687494e+01, 1.686731476002592656e+00
1.500000000000000000e+01, 9.750000000000000000e+00
-1.083446957187263315e+01, 6.493931150059125912e+00
-1.146084640353635820e+01, -6.790206559099343231e-01
-1.139031188657244975e+01, -5.387216308764972261e+00
-6.656691109463277023e+00, 3.989867105657822322e+00
-7.893427278511603973e+00, -2.824313441031583327e+00
-6.904914795260013172e+00, -5.121033829866442844e+00
-3.775738548396874172e+00, -6.299439194636368811e+00
7.771302932553629361e+00, 3.675552549878783992e+00
4.932148411921342124e+00, 5.441787187639073764e+00
4.932148411921346565e+00, -5.441787187639077317e+00
7.124226503758583462e+00, -1.784525840640823091e+00
8.180693876315404012e+00, 1.213491304892153178e+00
8.467758859029679286e+00, -7.674729269818358013e+00
3.750000000000000000e+00, -1.500000000000000000e+01
-3.775738548396872840e+00, 6.299439194636372363e+00
-6.200381566856023596e+00, 5.619698279958463161e+00
-5.630009225630655756e+00, -6.211757942294309665e+00
-3.675552549878792874e+00, -7.771302932553634690e+00
-3.603690342656211687e-01, -7.335480210041708027e+00
6.733684034281380626e+00, 4.994040442448064887e+00
5.121033829866448173e+00, 6.904914795260007843e+00
1.784525840640819982e+00, 7.124226503758578133e+00
6.369716651681194719e+00, -5.773174654705377051e+00
3.326758199536758553e+00, -7.033839239438823832e+00
5.121033829866444620e+00, -6.904914795260013172e+00
8.503629823027957002e+00, -1.261394327459393505e+00
7.476178012731974576e+00, -3.535968858315398755e+00
-1.890601511334605966e+00, 7.547704319181676169e+00
-3.675552549878790209e+00, 7.771302932553638243e+00
-5.121033829866443732e+00, 6.904914795260014060e+00
-2.037022430610577750e+00, -8.132249395556682359e+00
4.218188913241668336e-01, -8.586320785957118673e+00
3.584404769088681775e+00, 7.578587141788171166e+00
1.261394327459395948e+00, 8.503629823027953449e+00
2.037022430610574641e+00, -8.132249395556685911e+00
-4.113584624994465200e-01, 8.373393865671957315e+00
-4.182062841092410110e+00, 1.460570145427315225e+01
1.009913576124186818e+01, 8.775166155780912192e+00
-1.009913576124187706e+01, 8.775166155780915744e+00
7.297150249619862805e+00, -1.603100589178716451e-01
5.978295192176469541e+00, -4.187372407097002203e+00
6.310630892236240186e+00, -8.765924360431198714e-01
1.218372732132717795e+00, -1.209788717396091862e+01
1.120419927154167183e+01, 7.262048853253654457e+00
-1.500000000000000000e+01, 5.625000000000000000e+00
2.835280295528990635e+00, -5.065857841397956030e-01
6.388011188607725543e+00, -1.211613240656224200e+01
-1.202368002966635352e+01, 5.344358852720032971e+00
1.500000000000000000e+01, 5.625000000000000000e+00
-1.500000000000000000e+01, 3.562500000000000000e+00
5.098350932111803679e+00, -7.475258464333918162e-01
3.462854586012891200e+00, -3.153001362170360533e+00
4.557762241295963079e+00, -4.066123669096695536e+00
-1.500000000000000000e+01, 7.687500000000000000e+00
5.406785123181890640e+00, -2.501097736471856514e+00
2.790486775076119308e+00, -5.072227527788441215e+00
-1.222342886396925010e+01, 6.740889019869033660e+00
3.908858656896514017e+00, -4.981498738361187506e+00
2.003679960220271283e+00, 1.115814052130381739e+01
-6.260188421597049135e+00, -1.899007396448550766e+00
-7.687543372403225383e+00, -4.096789594391666789e+00
8.332866397660819047e+00, 2.503861850323120919e+00
-7.240724200255609588e+00, 5.032173773374017500e+00
-4.514052247967279996e+00, 4.268777876297375151e+00
-4.625807397939517784e+00, -4.625807397939516008e+00
-5.729650078743669717e+00, -5.037768152149244116e+00
-4.848594724463736405e+00, -7.236928718814287009e+00
5.439374060728068727e+00, 3.634473551030853233e+00
6.167285090556034355e+00, 6.151959256619132788e+00
4.278271471045121288e+00, -7.726134642535810393e+00
8.700888697299998142e+00, 2.285703317424554737e-02
8.319596304664855779e+00, -2.547607484322335303e+00
7.247223239078376622e+00, -4.814949832524810347e+00
-1.899007396448544327e+00, -6.260188421597034036e+00
-8.646142070204181351e-01, -8.668013056999569699e+00
3.083820676864601040e+00, 5.769422691968953743e+00
2.539046346003186017e+00, 8.332781752580853407e+00
-1.812528274976896725e-01, 6.223259131647832731e+00
9.786451444862754201e+00, 1.317100963958321103e+01
-9.786451444862796833e+00, 1.317100963958325011e+01
-9.378509894231331856e+00, 6.551404083316554328e+00
6.544736785298839621e+00, -2.812057719839927916e+00
4.099491909921615829e+00, -1.827125318307811774e+00
3.959504277226536750e+00, -6.957287914709229248e-01
4.629663290515410701e+00, 1.493218659003344495e+00
3.601327676692101853e+00, 6.109893294198469604e-01
5.954268988732192014e+00, 6.517131514414047366e-01
4.723464039542623283e+00, 3.434495693447396913e-01
2.365289342345366475e+00, 3.092162339855080599e+00
3.295980764228555238e+00, 2.007338810972665755e+00
2.651711754923932851e+00, -1.947737120742510042e+00
5.812070586754653156e+00, 1.891157296005345989e+00
4.372890238560877663e+00, 2.814039425467556033e+00
1.143788959531084837e+00, 1.102572165564020601e+00
2.333003235242077977e+00, 6.590355447203779526e-01
2.074419287290571567e+00, 1.900978210353979625e+00
3.676228298842376674e-01, 2.948858599515421286e+00
1.052546100228027859e+00, 2.150504965134023116e+00
-5.313153329178649242e-01, 1.484660502511428559e+00
7.769193454887897143e-01, -9.766661700106561428e-01
1.705762960676378892e+00, -3.022767075959504890e-01
1.766099108292177977e+00, -1.362226024069339791e+00
2.556465821595452770e-01, -3.775710103465385270e+00
1.430859485802862263e+00, -2.831812093946436626e+00
2.472720309751197387e-02, -2.284644511194374950e+00
1.608623355366534335e+00, -4.256695704655640178e+00
9.629469893446142015e-01, -1.953921428579819430e+00
-1.435822809804237599e+00, -5.744369696151949700e-01
-2.322515850637804302e+00, -3.411572861782500077e+00
3.595385470003264472e-01, -5.626874111575404847e+00
2.686708914612344401e+00, -3.958481422642027514e+00
-4.010642065021566838e-01, -1.169505913930591001e+00
-1.714348865107384601e-02, 1.796138868561244495e-01
-1.611275968015992710e+00, -2.076729907726369895e+00
2.478965562039492365e-01, 1.037848215397939367e+00
-1.100644719253029979e+00, 5.065400258253879295e-01
-2.963761740619683227e+00, 2.245748149488838941e+00
-1.834190197762037622e+00, 1.588264446156419929e+00
-1.485657420689478592e+00, 3.486107762577282276e+00
-3.410054048776518520e+00, 1.799517966714625494e-01
-2.244830639116018656e+00, 2.688645176905617440e-01
-2.001480721124821116e+00, 2.599911924777048355e+00
-2.974594406083343578e+00, 3.759546216592569934e+00
2.451960199267905871e+00, -2.956890527059869989e+00
9.165170029897806714e-01, 1.968316818246072519e-01
-9.871826841653141837e-01, -3.266168688100564044e+00
-1.501700141834845015e+00, -4.745330449426790054e+00
-3.643087745629458585e+00, -1.851031725036516917e+00
-2.684246286435551188e+00, -9.623869953487755868e-01
-1.909708090348065657e+00, 5.367577738777304930e+00
-3.412344918772077129e+00, 5.017765719118912671e+00
-3.067735477451740689e+00, -4.789643253608126372e+00
-8.292675373551001705e-01, -5.731222357872286288e+00
-2.672115799105159617e+00, -2.368391442280059156e+00
-2.099085396521942926e+00, 4.336373563885430826e+00
-5.644731987736034462e+00, 4.585338243422858895e+00
-4.884736381743065792e+00, 5.632658397363362823e+00
-4.676810397659183494e+00, -5.704411595587083106e+00
5.699822292356533815e+00, 4.682402479825621633e+00
-7.539972122050697667e-01, 7.249344726940923245e+00
5.275687970246609737e-01, 7.436431210243235945e+00
1.372357434746326099e+00, 5.428513455581253311e+00
8.111526618174593750e+00, 1.269867282316634238e+01
-8.624758208905165091e+00, 1.187526889825821463e+01
1.164836990359576951e+01, 5.509268660953367203e+00
1.143549741023817212e+01, 8.591056059910247455e+00
3.030028685123437704e+00, -1.307278384347150535e+01
6.981112464415135221e+00, 1.274897525573475798e+00
3.779002469913380402e+00, 4.313822109499628965e+00
3.417595660126852231e+00, 3.303235382161807010e+00
1.100492692170007558e+00, -6.945035957737582422e+00
1.668323581707420011e+00, -5.758521187284566523e+00
-7.331930630337382127e-01, 2.616651141700579331e+00
-1.753275192194294618e-01, 4.541049104341201570e+00
-5.367297654070873669e+00, -1.299443098010018005e-01
-4.933480417380032179e+00, -2.865530775579655298e+00
-3.657314371695550737e+00, -3.278730863051580346e+00
9.345584335611956561e+00, 1.152849877005048462e+01
8.253524072201551931e+00, 1.540098718054817617e+01
-8.117642433373829292e+00, 1.349854932836253596e+01
-1.086161708080103772e+01, 1.103844547742111182e+01
1.500000000000000000e+01, 3.562500000000000000e+00
1.287839867068594479e+01, 2.159080662834972131e+00
1.500000000000000000e+01, 7.687500000000000000e+00
1.425409449096683767e+00, -1.389551234442069472e+01
2.396662931206128722e+00, 4.484665791103736865e+00
1.309638561005365354e+00, 3.812551675050979583e+00
-8.397382584772777880e-01, 5.379824275851875726e+00
-6.289429611100583628e+00, -7.743848395754384661e-01
-4.959509503078906256e+00, -1.445629067643235732e+00
-4.033095291423491879e+00, -7.774216924832397790e-01
-4.625975874998836446e+00, 1.523744592313602153e+00
-6.480277454896990363e+00, 8.557501117735419882e-01
1.500000000000000000e+01, 1.181250000000000000e+01
1.098243778633706924e+01, 1.024456661089353915e+01
7.615769456450577124e+00, 1.407961110154156259e+01
3.750000000000000000e+00, 1.800000000000000000e+01
-6.870698081824483161e+00, 1.562055512506212729e+01
-9.513974648348639818e+00, 1.084416266708646326e+01
1.216672498262685842e+01, 4.250430509285768821e+00
-4.456738217158850546e+00, 4.548724230153448067e-01
-3.535757991720140492e+00, 1.288215153577429772e+00
-4.228178964796214245e+00, 2.882323543971785362e+00
-5.818922248096853878e+00, 2.610571349257950757e+00
9.665285600323862525e+00, 1.003615719589595834e+01
7.336742445513388056e+00, 1.654392731329287258e+01
5.625000000000000000e+00, 1.800000000000000000e+01
-9.413838158397940248e+00, 1.568759770588804692e+01
-5.777834855378950252e+00, 1.464050579105074235e+01
5.561759721975533921e+00, 1.619146665782932359e+01
-1.137649989872850931e+01, 8.574219348445051292e-01
-8.254005503058003512e+00, -7.920911809958238514e+00
-3.860439514220244117e+00, -1.078920566176965679e+01
-1.062691648119893628e+01, -1.029201748876960565e+01
-7.908217312965160062e+00, 3.282341620512672087e+00
1.134336269726581747e+01, -1.682628907704582399e+00
1.081249007659949513e+01, -3.568058531414780798e+00
9.714391712504500731e+00, 7.371883032505115452e+00
9.393059240284905798e+00, -1.259025394648757512e+01
-2.528293847292935492e+00, 6.463146025079414159e+00
5.625000000000000000e+00, -1.500000000000000000e+01
6.562500000000000000e+00, -1.370517072129532821e+01
1.125000000000000000e+01, -1.500000000000000000e+01
4.849944510984109947e+00, -1.308912340846627131e+01
7.825983467294024720e+00, -1.276233109935140497e+01
8.459212801117097058e+00, -1.130745948816683466e+01
1.165499663944715003e+01, -1.276756257230890768e+01
1.026783332372631463e+01, -1.097213028953189173e+01
1.500000000000000000e+01, -1.087500000000000000e+01
9.967073021850303860e+00, -8.996280278181158607e+00
8.893601644720169119e+00, -9.943394675819387629e+00
1.260685799187499434e+01, -9.605272601426714019e+00
1.116612562983948465e+01, -9.824578266147749872e+00
1.210949781270855219e+01, -1.117996722467773196e+01
1.163337614022539057e+01, -8.052077652442870104e+00
1.500000000000000000e+01, -1.293750000000000000e+01
1.500000000000000000e+01, -8.812500000000000000e+00
1.289646988024055041e+01, -6.314531749104594027e+00
1.340972141747380064e+01, -8.020401553330543720e+00
1.343738721373978073e+01, 5.257953898837103068e+00
-1.500000000000000000e+01, -2.625000000000000000e+00
-9.962696934766171353e+00, -5.593131219014702005e+00
-1.064948312896104454e+01, -4.145211207364395634e+00
1.044392307878940152e+01, -1.370081105902006868e+01
8.875697846781621436e+00, -1.413227489631715628e+01
1.335078402313761536e+01, -1.239418166164212742e+01
1.401373935141414151e+01, -9.843750000000000000e+00
1.500000000000000000e+01, -4.687500000000000000e+00
1.212241648029981178e+01, -4.725997920672394770e+00
1.388715921954110932e+01, 8.718750000000000000e+00
1.138286338476833137e+01, 2.765384446312486588e-01
1.500000000000000000e+01, -5.625000000000000000e-01
1.375042817493541136e+01, -1.179089816179853534e+00
1.356520932618227704e+01, -5.005816001531171011e+00
1.393151978257373358e+01, -3.603827890433323411e+00
1.357084794127410099e+01, 6.438056385656587555e-01
-2.438161283158893688e+00, 1.484204965689270672e+01
-3.484718879099692579e+00, 1.625875047053057898e+01
-5.352134724370881003e+00, 1.686508047206285354e+01
-1.382061971863367944e+01, 2.531250000000000000e+00
-1.337714606025516950e+01, 4.228443981367126625e+00
-1.199334490298936196e+01, 3.928815649493402340e+00
-1.380193336516954261e+01, 6.656250000000000000e+00
-1.309876926424499288e+01, 8.718750000000000000e+00
-1.158874841989726256e+01, 8.204408903005234066e+00
-1.189054529585778042e+01, 9.792139863107975017e+00
-1.345403074234570084e+01, 1.033197995892843046e+01
-1.500000000000000000e+01, 1.387500000000000000e+01
-1.500000000000000000e+01, 1.181250000000000000e+01
-1.125000000000000000e+01, 1.800000000000000000e+01
1.500000000000000000e+01, 1.387500000000000000e+01
1.349318178989568295e+01, 3.535051681720578820e+00
1.230178798245024119e+01, 1.080110348574403645e+01
1.125048816419304210e+01, 1.220508890831114357e+01
1.125000000000000000e+01, 1.800000000000000000e+01
1.121333409411061943e+01, 1.374124836364961944e+01
9.375000000000000000e+00, 1.800000000000000000e+01
9.502711733457061882e+00, 1.461783170480013538e+01
1.201419540292059907e+01, 1.586388697019522631e+01
1.309123135893198686e+01, 1.424512664060154243e+01
1.500000000000000000e+01, 1.593750000000000000e+01
1.351222043738505540e+01, 1.569291113305579088e+01
3.416293923269241084e+00, 1.631916823656998261e+01
-1.116491261070478735e+01, -2.688959088653235074e+00
-1.500000000000000000e+01, -1.087500000000000000e+01
-1.158211772330854750e+01, 1.273901004708875284e+01
-1.310766622098408263e+01, 1.385878319254659985e+01
-1.126155307959852259e+01, 1.477480808162007619e+01
-1.403608853595292949e+01, 1.593750000000000000e+01
-1.090825555553639781e+01, 1.638615917300218427e+01
-1.257466868142023841e+01, 1.687638615134867237e+01
-1.235497005080759259e+01, 1.140865120355483420e+01
-8.160795380097054519e+00, 1.495127803273628331e+01
-8.118292779695947203e+00, 1.656353795929408790e+01
-9.375000000000000000e+00, 1.800000000000000000e+01
1.303479333237179638e+01, 1.244557325114718083e+01
1.384789155751889034e+01, 1.078125000000000000e+01
1.021402233931611470e+01, 1.633818638103474896e+01
1.312500000000000000e+01, 1.800000000000000000e+01
-1.500000000000000000e+01, -5.625000000000000000e-01
-1.392715195127168570e+01, -1.593750000000000000e+00
-1.326726872126641510e+01, 1.664383003925031801e-01
-1.500000000000000000e+01, -4.687500000000000000e+00
-1.332723965025926738e+01, -5.718750000000000000e+00
-1.280791834878134239e+01, -3.802874194150620113e+00
-1.182363947873582788e+01, -8.679423586352953635e+00
-1.002249575912575352e+01, -8.377002967238873055e+00
-1.088934497790032907e+01, -6.965804526914338268e+00
-1.333200443604861896e+01, -7.583313908207450105e+00
-1.500000000000000000e+01, -8.812500000000000000e+00
-1.226761761611214219e+01, -6.653745845314384511e+00
-1.336582693832089852e+01, -9.843750000000000000e+00
-6.820958304972277730e+00, -1.100053061072686944e+01
-5.547161026052413568e+00, -1.035010392665049039e+01
-7.500000000000000000e+00, -1.500000000000000000e+01
-1.500000000000000000e+01, -1.293750000000000000e+01
-2.568415086782735113e+00, -1.276406230479778436e+01
-8.730102035397464988e+00, -1.067938899156543009e+01
-8.488281583095485416e+00, -9.300801457348010004e+00
-1.014123873389826080e+01, -1.275151770375483551e+01
-9.869338248676990943e+00, -1.142012196486907349e+01
-2.075370040208553757e+00, -1.132445303800639991e+01
-5.625000000000000000e+00, -1.500000000000000000e+01
-6.562500000000000000e+00, -1.366803758120969015e+01
-3.858288161388536697e+00, -1.219787162758252208e+01
-1.312500000000000000e+01, -1.396875000000000000e+01
-1.320812690651061239e+01, -1.190407312515794658e+01
-1.152221840295626265e+01, -1.177602916352721785e+01
-1.205744705809476258e+01, -1.044105359144602296e+01
-1.162325304328080655e+01, -1.338431884474293554e+01
-1.356014568316774849e+01, 1.237909609054660365e+01
-1.875000000000000000e+00, -1.500000000000000000e+01
-1.555604401597679320e+00, -1.367545743218109777e+01
-9.375000000000000000e+00, -1.500000000000000000e+01
-8.623883986509955690e+00, -1.348923364627465915e+01
1.875000000000000000e+00, 1.800000000000000000e+01
1.312500000000000000e+01, -1.500000000000000000e+01
1.304626984774183462e+01, 7.068408983323786643e+00
-1.875000000000000000e+00, 1.800000000000000000e+01
