157,1,122,78
157,0,2
3,256,157,1
256,4,2
5,107,256,3
4,107,6,108
7,108,5
6,108,109,8
9,109,7
109,8,10
109,113,11,9
155,113,10,12
155,11,13
155,114,14,12
114,13,15
114,123,16,14
161,123,17,15
161,16,18
161,124,19,17
20,124,18
137,124,21,19
137,169,20,22
169,21,23
24,138,169,22
23,138,25
141,138,24,26
25,141,27
141,164,28,26
164,27,29
131,164,30,28
131,29,31,129
129,30,32
33,167,31,129
167,32,34
133,167,35,33
133,34,166,36
37,166,35
36,166,132,38
165,39,132,37
165,38,40
120,165,41,39
40,120,42,156
41,156,43
116,156,42,44
45,116,43
116,126,46,44
163,47,126,45
163,46,48,79
79,49,47
80,79,48,50
80,49,51
81,80,52,99,50
53,99,51
99,54,52
99,53,55,97
97,56,54
57,103,97,55
103,56,58
104,103,59,57
104,58,60
61,104,59
105,104,62,60
63,105,61
105,62,101,64
102,101,65,63
66,102,64
102,65,67
102,100,68,66
100,67,69
70,100,68
71,95,100,69
95,72,70
95,94,71,73
74,94,72
75,94,73
76,92,74,94
93,92,77,75
78,93,76
77,93,0,122,136
127,163,80,49,48,47
81,127,79,49,51,50
139,82,80,127,51,99
139,81,171,97,99,83
97,153,82,171,84
85,140,171,153,83
84,140,86,98,153
101,98,87,85,142,140
101,96,88,86,142
87,96,134,142,89
90,95,96,135,88,134
94,91,89,95,135
90,94,92,135
76,93,75,94,91,135,136
77,78,76,92,136
90,91,74,75,92,95,72,73
96,100,90,89,72,94,71,70
101,87,95,100,102,88,89
103,153,55,56,82,99,83,54
104,105,153,101,86,85
53,54,97,82,52,51,81
95,96,70,69,102,67,68
96,87,64,102,86,98,105,63
64,101,96,67,100,66,65
57,56,104,153,58,97
98,105,61,103,153,58,59,60
98,104,61,63,62,101
108,109,251,154,247
4,5,256,108,251,255
109,106,6,7,5,107,251
9,8,108,106,10,113,7,154
113,155,154,160,114,159,242
156,120,234,116,162,183
227,157,255,256
11,155,109,10,110,154
155,13,14,15,123,160,110
229,161,168,124,223
45,126,156,43,44,162,111
230,163,127,170,235
130,131,129,144,149,152
173,166,148,150,132,143
165,40,41,156,111,234,143
136,228,135,257,222
157,0,78,136,227,228
114,15,161,16,160,229
137,20,19,168,161,18,115
137,169,168,138,224,201,237
163,230,116,45,46,162
80,81,139,170,79,163,117
139,171,170,232,140,233
144,118,31,30,131,32,167
164,131,118,152,151,238,141,237
164,130,118,29,30,129
165,143,37,38,166,119
34,167,35,173,166,144
88,142,89,135,231,257
91,92,90,89,121,136,257,134
121,228,78,122,93,92,135
124,20,21,169,168,125
25,141,237,23,24,169,125
81,82,128,171,170,127
84,85,171,142,86,232,128
25,138,237,27,164,26,130
88,134,140,86,231,232,87
132,165,119,148,178,120,234
129,118,149,167,150,133,173
192,193,177,175,186,182
150,148,174,175,178,179
150,149,174,182,202,215
150,119,143,178,146
150,147,118,144,152,202
147,149,148,119,174,146,144,173
197,238,130,152,202
118,130,149,202,151
103,104,98,97,83,84,85
109,113,110,106,247,242,248
11,113,13,114,110,12
41,42,111,120,116,43
0,1,122,2,256,227,112
254,214,222,228,227,255
110,160,229,223,242,243
114,123,110,229,159
229,115,123,16,17,18,124
126,116,111,184,183,230,235
46,47,230,126,79,127,117
131,130,141,27,29,28
132,143,38,39,120,40
173,119,36,37,35,132,133
33,32,34,133,129,144
137,124,218,223,125,115,224
137,21,23,138,125,22
139,127,128,117,235,233,244
128,139,82,84,140,83
233,232,231,240,246
166,119,133,144,150
147,150,146,182,175
179,177,145,146,174,182
177,181,178,179,184,183
175,179,145,186,176,181
234,183,148,143,146,176,179
175,177,146,178,176
181,187,245,244,189,236
187,186,236,184,177,176,180
174,147,195,215,175,145,193
184,162,234,178,111,176
183,162,236,181,176,235
187,189,186,216,206
187,181,145,177,192,216,185
186,181,185,189,180
190,189,239,240,245
185,187,190,206,180,245,188
206,189,188,204,207,209,239
203,196,193,192,198,204,216
193,145,186,216,191
192,145,195,182,191,198
224,218,195,196,197,201,217
215,182,193,196,198,194,197
203,191,195,198,194,205,217
238,151,201,202,215,195,194
196,195,193,191
212,207,203,204,205,220
218,223,205,217,225,243
238,197,224,125,194,237
152,149,147,215,197,151
196,191,199,204,205
216,206,199,203,207,191,190
217,196,203,199,220,200,225
204,216,190,189,185
212,199,204,190,209
213,214,253,209,254
208,253,213,239,207,190,212
240,239,226,214,213
249,220,212,252,253
199,207,220,209,253,211
208,214,209,239,210
208,213,210,226,254,158,222
195,182,202,197,147
204,206,192,186,185,191
205,196,194,218,200
168,223,224,194,200,217
248,242,243,225,220,249
205,199,212,211,249,219,225
231,257,246,222,226
121,228,221,257,158,214,226
168,218,200,229,159,115,243
194,218,125,201,168
219,243,200,205,220
210,214,240,246,222,221
122,157,228,112,255,158
121,136,122,227,222,158
161,115,123,160,223,159
163,126,117,235,162
257,221,232,142,134,246,172
231,142,128,140,233,172
232,128,170,172,240,245,244
111,120,183,178,143
236,244,170,117,230,162,184
235,244,181,184,180
141,138,201,125,130,238
197,151,130,201,237
213,209,190,188,240,210
210,239,226,246,233,172,245,188
252,250,249,248,247,251
219,248,154,110,243,159
219,225,200,242,159,223
236,235,245,180,170,233
180,244,189,233,240,188
226,240,231,221,172
106,154,241,248,251
219,242,249,241,247,154
211,220,241,248,219,252
254,255,251,241,252,253
108,106,107,250,255,247,241
241,250,253,249,211
208,209,212,250,252,254,211
255,250,214,158,253,208
254,250,251,227,112,158,256,107
4,107,3,2,157,255,112
231,221,135,121,222,134
