243,1,236,182,78,98
236,2,243,0
3,158,1,236,386,243
2,158,381,386,4
5,142,386,3,381
4,142,6,143,381,385
160,7,143,385,5
388,160,6,143,144,8
9,144,7,388
144,8,149,388,10
144,163,149,324,9,11
241,163,141,12,10,324
141,321,11,241,13
241,164,14,321,12
164,13,15,210,321
164,183,14,210,171,16
171,387,17,247,183,15
387,16,18,247
247,184,19,17,387,174
392,174,18,184,20
200,184,392,21,19
200,255,392,20,173,22
172,23,21,173,255
22,172,24,255,201
23,172,176,201,25
204,201,26,176,24
176,194,27,25,204
204,250,28,194,26
379,29,250,27,194
191,250,30,379,378,28
191,29,31,189,378
189,30,32,196,378
189,31,196,377,33,253
180,34,32,377,223,253
193,35,33,180,253
193,34,36,252,175,180
35,252,37,175
252,36,192,38,389,175
192,37,251,389,39
178,389,38,40,251
170,251,41,177,178,39
170,40,177,242,42
43,242,41,159,177
42,242,166,159,44
159,238,43,166,45
166,186,238,46,44
238,45,249,186,107,47
48,79,46,107,249
79,49,47,107
80,79,48,50,400,107,130
80,49,130,51
81,80,50,130,52,109
109,53,51,125,130
54,125,109,52
55,104,109,53,125,124
104,56,124,54
104,55,117,124,57,131,123
131,58,117,56
59,131,57,117,118
132,60,131,102,118,58
132,59,61,118
118,60,119,62,132
132,129,106,63,61,119
115,119,106,62,64
65,116,115,63,106
116,66,64,120,106
120,67,116,65
116,112,120,66,68,121,128
69,128,112,67
68,128,70,112
71,101,112,69,127,128
72,127,101,70
110,73,71,127,100,101
110,126,72,74,100
126,75,100,73
76,92,126,74,100
77,98,93,92,75,126,344
78,98,93,76
77,98,93,0,182,199
187,249,80,49,48,47
79,49,51,81,50,187
202,187,51,80,109,82
104,109,83,81,257,202
104,235,82,257,84
235,85,257,203,83
86,105,84,235,203
115,105,85,205,203,87
88,103,86,115,205
197,205,89,103,87
101,103,90,198,88,197
101,100,91,198,89
100,92,198,90
76,93,75,100,91,198,199
77,78,76,92,199
642,638,641
512,440,513
566,637,567
612,611,609
78,77,76,236,0,206,344
127,113,584,110,569,594,588
92,75,74,73,72,101,91,90
72,100,71,90,70,89,103,112
59,131,498,132,493
101,89,88,87,112,116,115
117,235,55,56,82,109,83,54
115,86,85,118,119,235
120,207,63,62,65,64,129
46,238,47,48,400,49,237
124,125,239,482,445
104,82,54,52,53,51,81
126,73,72,584,99,127
586,587,630,628
70,101,116,67,69,68,103
127,128,99,569,504
497,507,506,595,592
86,105,63,119,64,87,103,116
67,112,65,66,64,103,115
235,104,56,57,58,118
61,60,59,119,105,58,117,235
63,115,118,61,62,105
67,66,106,207,65,121
67,120,128,207,502,504
452,517,562,561,446
482,487,124,56,131,493
55,56,123,482,54,108,125
54,53,108,124,52,239,130
75,74,110,73,344,76,575,584
72,71,128,113,99,70,110
69,68,127,113,70,67,121,504
62,132,207,106,498,500
50,51,49,239,125,52,400,208
59,102,58,57,56,123,493
60,59,62,129,498,102,61
217,525,522,620,622
143,144,357,240,353
537,219,540,443,539,541
541,441,479,539
153,379,194,429,396,331,261
470,532,453,515
206,359,577,573,578,575
416,419,239,445,208,420
161,321,209,12,11,324
4,5,386,143,357,372
144,134,6,7,5,357,142
9,8,143,134,10,163,7,240
163,241,240,246,164,245,342
242,170,334,166,248,270
616,636,460,463
462,149,524,388,465
9,388,10,324,462,148
450,432,508,434,430
219,172,176,395,480,383
174,387,413,415,220,362,349
379,137,378,382,261,384,380
430,427,350,538,479
177,178,222,262,330,365,536
534,471,405,470
469,385,381,464,468,466
3,2,381,236,358,464
177,403,43,42,44,238,394
388,7,6,385,465,469
321,141,209,322,361,347
314,372,243,386
11,241,144,10,145,240
241,13,14,15,183,246,145
316,247,254,184,310
45,186,242,43,248,44,146
317,249,256,335,187
189,191,234,190,231,216
230,232,192,215,225,252
251,40,41,242,146,334,215
387,16,15,210,218,373
219,151,176,22,23,24,173
21,22,172,219,392,444
392,19,152,387,18,220
179,389,36,35,226,37,180
172,151,24,194,26,25,383
178,155,41,40,403,159,42,222
39,389,177,155,40,365
389,175,226,323,535,365
33,34,223,226,175,35,224
198,199,315,390,309
243,0,78,199,314,315
164,15,247,16,246,316
200,20,247,18,19,254,165
200,255,254,201,311,288,337
166,45,249,46,248,317
79,249,81,202,80,256,167
202,257,256,319,203,320
31,30,32,191,168,253,216
168,234,191,250,233,338,204,337
29,250,30,189,168,190
37,38,251,252,169,215
34,35,253,225,252,216
176,26,28,379,27,137,383,396
411,368,435,423,405
31,32,377,378,380,367
88,205,89,198,318,390
91,92,90,89,199,181,390,197
78,182,93,92,198,181,315
184,20,21,255,254,185
25,204,255,23,24,337,185
81,187,82,257,256,188
205,86,257,84,85,319,188
25,201,27,250,337,26,190
88,197,203,86,318,319,87
139,359,575,344,358,98,236
120,106,129,121,502,500,590,503
400,237,416,417,130,239,140
141,161,324,348,361,462,520
15,14,171,321,347,218
544,545,476,408
447,457,456,453,452
214,269,228,229,232
213,269,227,228,266,264
169,192,251,230,265,170,334
189,253,231,168,225,232,193
526,527,468,466,133,525,622
428,374,347,322,171,210,373
151,172,173,537,135,395,443,444
174,392,152,442,415
447,456,421,516,422
177,155,403,402,330
180,33,366,327,224,377
327,332,180,223,226
252,169,232,193,216
179,175,180,224,332,323
269,214,279,280,264,273
230,265,214,213,232,266
232,231,213,269,289,302
232,169,215,228,265
232,229,168,216,234,289
230,169,225,229,231,216,213,228
284,338,190,234,289
168,190,231,289,233
117,104,83,84,85,118,105
1,2,0,98,158,358,206
107,238,208,400,394,417
46,45,107,237,44,159,394
125,130,108,140,445,208
144,163,145,134,353,342,354
11,163,13,164,145,12
146,170,42,43,166,41
0,1,182,2,386,314,162
371,301,309,315,314,372
145,246,316,310,342,343
164,183,145,316,245
316,165,183,16,18,184,17
186,166,146,271,270,317,335
79,187,186,46,317,167,47
204,27,29,191,28,190
170,40,192,38,39,215
35,36,37,192,225,169,193
189,216,33,32,34,193
305,310,200,184,185,165,311
200,21,23,201,185,22
335,167,202,187,188,320,260
82,202,84,203,188,83
320,319,318,340,352
435,635,514,512,439
320,351,336,335,267,256
331,382,153,137
155,330,515,532,536
264,268,265,266,271,270
214,266,227,273,263,268
228,230,334,270,215,263,266
214,264,228,265,263
268,274,351,260,276,336
274,273,336,271,264,263,267
213,214,227,229,282,302,280
271,248,334,265,146,263
270,248,336,268,263,335
274,276,273,303,293
274,268,227,264,279,303,272
273,268,272,276,267
277,276,339,340,351
272,274,277,293,267,351,275
293,276,275,291,294,296,339
290,283,280,279,285,291,303
280,227,273,303,278
279,227,282,269,278,285
311,305,282,283,284,288,304
302,269,280,283,285,281,284
290,278,282,285,281,292,304
338,233,288,289,302,282,281
283,282,280,278
299,294,290,291,292,307
305,310,292,304,312,343
338,284,311,185,281,337
234,231,229,302,284,233
283,278,286,291,292
303,293,286,290,294,278,277
304,283,290,286,307,287,312
291,303,277,276,272
299,286,291,277,296
300,301,370,296,371
295,370,300,339,294,277,299
340,339,313,301,300
355,307,299,369,370
286,294,307,296,370,298
295,301,296,339,297
295,300,297,313,371,244,309
282,269,289,284,229
291,293,279,273,272,278
292,283,281,305,287
254,310,311,281,287,304
354,342,343,312,307,355
292,286,299,298,355,306,312
318,390,352,309,313
181,315,308,390,244,301,313
254,305,287,316,245,165,343
281,305,185,288,254
306,343,287,292,307
297,301,340,352,309,308
182,243,315,162,372,244
181,199,182,314,309,244
247,165,183,246,310,245
249,167,186,335,248
390,308,319,205,197,352,258
318,205,188,203,320,258
351,260,319,188,256,258,340
161,141,12,210,347,14,13
218,347,374,161,361,348,407
375,364,535,226,332,179
10,149,11,462,209,141
397,326,376,478,433,438
384,376,325,397,366,367,333
333,366,368,404,223,332,224
617,449,616,644,638
424,349,409,425,428,374,363
155,262,222,402,515,516
382,261,137,429,346,410
327,224,404,226,323,364
327,366,368,397,326,436
146,170,270,265,215
336,260,256,167,317,248,271
335,260,268,271,267
204,201,288,185,190,338
284,233,190,288,337
300,296,277,275,340,297
297,339,313,352,320,258,351,275
369,356,355,354,353,357
354,306,240,145,343,245
306,312,287,342,245,310
126,76,575,206,98
530,571,464,358,359,577
331,382,410,432,433,478
210,321,218,322,161
398,472,361,209,520,322,407
424,329,409,152,362,413,481,414
480,383,429,410,427,396,154,538
320,260,267,276,340,275
313,340,318,308,258
134,240,341,354,357
342,306,355,341,353,240
298,307,341,354,306,369
371,372,357,341,369,370
143,134,142,356,372,353,341
158,236,359,206,464,345
206,139,358,345,577
586,585,623,620
322,161,348,209
152,349,387,373,409,428
473,474,374,329,406,425
375,323,471,332,404,423
536,155,178,389,179,535
333,327,326,367,223,377
326,366,384,380,377,196
327,333,404,411,195,436,423
341,356,370,355,298
295,296,299,356,369,371,298
372,356,301,244,370,295
314,162,371,356,357,244,386,142
171,218,428,387,362
428,218,322,407,406,363,329
534,533,323,364,535,471
384,326,325,478,382
196,32,33,366,367,223
29,379,153,31,30,196,380
153,137,29,378,28,194
384,367,196,378,153
3,158,5,4,464,157,385
331,261,376,384,346,153,478
480,350,176,151,194,396
376,326,367,382,380,153
160,6,469,157,5,381
4,142,3,2,243,372,162
171,16,17,152,174,18,373,362
7,160,149,9,8,465,148
179,175,178,39,38,37,365
318,308,198,181,309,197
523,463,522,528
19,174,21,20,220,444,173,442
481,413,415,542,543,544,545
238,159,237,403,417,422,421
480,151,219,537
429,137,194,383,350
325,326,333,438,437,436
348,472,520,519,460
441,543,544
49,107,208,237,130
485,416,448,484,546
222,403,421,330,516
177,159,222,402,394,421
368,327,332,423,364
195,423,471,156
374,407,363,615,474
374,406,472,615,322,348
476,477,211,426
329,349,428,362
429,350,427,346,331,432,508
195,368,435,436,635
514,439,437,438,511,509
481,393,152,415,349
454,476,424,545,481,349
152,413,393,220,542,442
417,448,419,140,208,485,401
416,448,208,237,394,422
420,419,485,459,455,483
416,140,420,485,418
419,140,418,455,445,482,492
516,221,402,403,394,422
447,221,417,394,421,448,546
368,195,404,364,405,471
349,329,425,454,414
454,424,329,363,473,475
477,639,408,641
350,410,508,430,154
218,374,329,409,373,362
350,410,137,396,331
508,427,154,150
509,510,434,513
433,450,346,410,150,508
432,450,346,510,511,325,478,438
150,450,510,431
195,411,635,259
368,411,635,437,397,333
439,635,397,438,436,412
397,437,325,433,412,511
437,635,514,412,259
509,514,95,512,513
136,541,540,543,399
443,540,392,220,415,542,444
442,540,135,219,444
392,173,442,219,443
239,140,108,482,420
459,458,517,494,122,561
221,456,212,457,422,546
416,417,401,422,546
473,640,615,474,617,328,644
433,432,150,510,434
487,493,499,505,583,624
212,457,517,122
212,456,138,515
425,424,414,476,475
420,418,483,492,495
447,221,212,516,453,515
447,212,458,546,452,517
546,457,484,446,459,517
485,484,418,483,494,446,458
472,398,519,463,147,636
504,569,589,596,594,604
149,148,324,209,524,570,520,519
519,523,460,147,391
158,381,358,157,345,466,530
524,521,388,160,468,469,148,527
157,464,621,622,217,468,530
573,572,577,580,585,571
469,157,465,217,466,527
385,157,468,160,465
533,534,138,532,156
534,156,375,364,405,423
348,398,460,615,407,636
363,474,449,640,425,475,639
473,363,615,406,449
425,454,476,473,477,639
414,454,475,477,408,211,545
476,408,475,426,639
325,376,382,433,346
154,538,136,539
537,538,350,383,395,151
393,413,545,414,349
487,123,124,108,445,420,496,492
418,455,490,495,459,494,547
459,485,401,546,458
459,484,419,416,401,418
568,563,565,559,567,637
482,123,493,496,624,451
554,555,557,560
619,618,490,558,557,565
495,483,547,618,489,565,568
492,496,624,619,618
420,455,482,495,491,496,618
487,123,131,102,451,499,498
483,459,547,561,446
490,483,455,492,618
482,487,624,492,491
114,507,552,554,505
132,102,500,129,493,499,501
493,451,498,505,501,552,551
498,129,501,548,207,503
500,548,498,499,551,506
121,207,589,504,590
606,590,207,500,548
461,569,589,502,113,128,121
499,451,583,554,497,552,555
606,595,114,548,501,507,551
497,114,552,506,551
427,430,150,432,410
440,514,510,431,511,513,412
433,450,511,509,431,434
510,433,412,438,509
259,514,95,440
440,95,509,431
509,440,439,412,259,512
330,262,516,532,138,453,456
421,221,402,515,330,456
452,457,122,446,458
604,605,627,549,594,582,629
463,523,520,398,460,462,570
519,398,348,209,462
524,465,528,526,570,527
525,526,133,528,391
463,519,391,570,528
465,521,462,148,570
522,526,217,133
525,522,528,521,217,527
217,526,465,468,521
521,526,523,570,522,391
621,530,623,571,585
345,571,529,621,464,466
572,578,588,549,579,626,627,574
470,138,262,515,533,536
534,470,375,532,536,535
471,156,533,470,375
323,375,179,365,533,536
365,155,262,532,533,535
539,538,480,219,135,395
539,537,480,154,350,479
538,537,135,541,136,479
443,442,135,543,441,542,541
136,441,135,539,540
415,442,540,543,393
540,441,542,393,544,399
211,545,543,393,399
211,544,481,414,476,393
458,457,484,401,422,447,448
563,568,561,483,490,494
500,501,506,606,503
588,531,594,627,518
597,599,607,608,601
552,499,501,506,507
507,497,551,499,505
583,624,619,557,555
497,505,488,555
488,554,505,583,553,557
564,566,558,560
558,560,489,553,619,555,488
560,557,489,565,564,556
563,562,567,486
558,557,488,556
563,547,122,562,494,446
563,559,122,561
562,559,547,568,561,486
556,566,565,558,637
568,486,564,558,489,490,637
556,564,637,96
559,486,637,96
547,563,486,565,490
99,113,504,461,594
524,462,519,523,528,521
530,345,585,467,529,577
531,578,573,467,579,580
577,139,572,467,578
584,588,575,578,531
126,584,206,344,139,574,578
581,587,579,626,580,630
139,573,467,345,359,571
531,572,573,139,575,574
576,626,572,531,580
585,467,581,576,579,572
576,587,580,586,585
603,602,605,614,518,629
624,553,505,451,555
110,99,574,588,575,126
580,467,571,581,586,360,623,529
581,587,360,585,111
581,576,586,111,630
574,584,549,531,594,99
504,502,461,596,590,598,600
503,606,207,502,589,591,600
610,600,595,606,590,592
114,595,610,591,607
599,602,596,604,598,605
569,461,549,588,99,604,518
606,506,114,591,592
461,589,604,593,598
550,599,607,598,610
600,610,597,599,593,596,589
597,550,593,602,598,608
591,610,590,598,589
611,634,550,608,603
603,582,593,599,608,605
582,602,608,614,601,634
518,605,461,594,596,593
518,604,582,602,593
506,595,503,590,548,591
550,597,610,592
603,602,599,550,601
97,612,632,628
591,600,598,592,607,597
601,634,612,97
611,97,609,632,613,634
614,634,629,631,632,612
603,582,613,634,629
472,407,474,406,449,636,617
636,147,617,328
636,615,616,328,449
619,489,490,495,492,491
618,489,491,553,557,624
621,622,133,360,623
529,530,466,622,623,620
466,621,217,620,133
529,621,585,360,620
496,487,491,583,553,451,619
629,627,630,626,631,633
576,579,531,627,630,625
629,625,626,531,549,518
632,609,633,111,630
625,627,614,613,518,582,631
626,625,576,587,111,628,633
625,633,632,629,613
609,612,628,631,633,613
625,631,632,628,630
601,611,613,614,603,612
437,439,436,411,435,259
616,147,617,615,472,460
566,96,564,565,486,567
642,643,94,644,328
426,477,643,641,473,640,475
473,449,639,643,644
639,643,426,94,642
643,638,94,641
639,641,642,638,644,640
449,328,638,643,640
