4,50,54,78,112,145,233
13,16,42,67,222
16,103,123,124,217,222,227
2,3,19,44,103,124,138
1,2,3,5,6,125,232
6,18,81,106,125,133,144
18,21,81,108,131,135,141
21,58,91,108,132,154
24,58,91,110,120,152,160,168
24,110,127,140,150,151,158
20,36,122,127,148,150
23,36,76,94,122,136,201
23,29,52,73,74,76,105
30,32,33,62,72,85,187
14,46,55,60,63,84
8,10,12,13,67
29,30,32,52,89,230
30,31,33,35,48,49,230
10,12,31,38,47,48
43,234
153,174
195,196
214,243
101,206,216
50,78,229
209,215,219
10,13,16,38,41,88,123
8,11,12,14,46,47
14,47,48,49,63
50,112,234
32,39,52,72,74
3,19,54,228,232,233
64,203,204,205,207,221
87,149,202,241
37,39,51,57,73,74
11,15,17,46,55,61
65,185,211,213
180,212,225
181,192,193
39,51,62,72,184,188
53,101,137,229
26,65,80,193
37,57,235,238,239
97,189,191,237
60,70,79,83,84,208
69,70,79,185,186,211
0,143,147
69,79,83,85,183,187
33,49,63,83,84,85
75,115,166
101,103,137,138,216,217,223
31,35,38,41,45,231
104,107,109,111,118,130
41,45,88,92,93,104,107
36,87,94,134,148,202,240
57,71,73,76,201,239
97,98,241,242
7,9,99,182,210,226
21,102,115,141,154,166
34,171,175
25,27,29,45,89,93,105,231
2,5,44,92,107,109,126
18,90,106,109,111,126,131
90,91,111,118,120,121,132
1,4,6,114,133,145,146
75,100,143
43,112,116,145,146,234
28,75,100,115,135,141
27,93,104,129,130
20,25,27,122,129,136,139
44,88,92,123,124
5,106,125,126
110,120,121,128,140
118,121,128,129,130,139
90,108,131,132
28,81,135,142,144
34,86,149,156
113,167,172
19,53,137,138,228
23,25,105,136
20,127,128,139,140
28,100,117,142,143,147
114,117,133,142,144
0,114,116,117,146,147
86,87,134,149
86,134,148,150,156,157,158
22,161,163,165,176,177
155,160,162,168,173
34,119,156,157,171
119,151,157,158,161,177
24,151,152,161,163
152,155,160,163,165
155,159,162,164,165,167,172,176
153,164,167
58,102,154,168,170,173
102,113,166,170
169,174,175,178
113,162,170,172,173
153,159,164,169,174
22,159,169,176,178
22,119,171,175,177,178
7,8,9,11,17,42,67
15,40,55,60,77,82,208
66,68,189,198,236,237
26,69,80,183,186,190,194
26,65,185,186
62,183,184,187,190
66,184,188,190,194,197,236
59,181,195
80,192,193,194,197
191,196,199
59,195,196,199,200
59,66,181,192,197,198,200
189,191,198,199,200
71,94,95,201,240
15,61,77,203,204
64,77,82,179,180,204,212
7,17,61,203,205,210
182,205,209,210,215,221
99,182,206,209
213,224,225
40,70,208,211,213,224
179,180,214,218
56,99,206,216,223,226
64,179,207,218,220
96,219,243
96,207,215,219,220,221
56,217,223,227
40,82,212,224,225
9,42,56,222,226,227
53,54,78,228,229
35,89,230,231
1,4,232,233
0,43,116
37,51,68,188,235,236
68,97,98,235,237,238
71,95,98,238,239,242
95,202,240,241,242
96,214,218,220,243
