132,64,24,29,31,130,66
15,26,2,101,129
1,26,3,50,70,127,129
4,61,31,78,70,2,50
132,64,61,3,31,71,5
4,64,6,62,75,71,82
5,62,58,7,75,74,67
6,58,94,8,63,74
90,9,7,94,63,72,91,87
8,90,72,80,10,85,89
69,80,11,54,9,85
12,79,10,54,55,114,69
79,11,60,16,30,55,34
17,16,30,48,39,106,47
27,28,35,102,44,48
101,27,26,18,1
60,12,17,13,30,131
16,13,51,18,48,131,28
26,15,27,51,17,28
133,66,29
93,98,96
108,111,110
138,122,125
40,50,119,123
0,29,130,40
118,119,126,125
18,15,1,2,51,53,70
101,15,35,18,14,28
14,27,18,17,48
0,24,66,19
13,16,34,39,12
3,4,78,0,130,132
116,124,115,117,118,126
54,84,76,137,56
134,42,30,39,55,12
101,27,115,102,117,14
105,41,45,121,120
122,116,128,120
108,112,109,41
30,34,134,106,13,107
130,78,50,23,24
104,105,36,109,38
134,34,55,135,136
135,56,103,113,110
14,102,45,121,47,48
104,47,44,121,36,105
83,133,65,81
104,45,44,48,13,106
17,13,28,14,47,44
65,67,58,95
40,23,3,2,78,123,127
17,18,131,26,53,60
68,53,61,62,63,73
26,51,60,70,61,68,52
11,10,33,84,114,85,137
42,34,136,114,12,11
43,135,136,33,137
101,117,129,119,123,118
6,7,95,94,67,49
76,88,100,96
69,79,68,12,16,51,53,131
4,3,71,70,53,52,62
5,6,63,74,71,61,52
62,74,8,7,52,73,72
132,4,0,5,83,82,66
49,67,81,46
133,19,0,29,83,64
81,75,65,49,58,6
69,60,53,52,73
80,10,60,79,68,11,73
3,61,53,26,2
4,61,5,62
8,9,63,73,80
63,52,72,80,69,68
63,62,6,7
81,67,6,5,82
59,88,85,84,33
95,97,92,93
31,3,40,130,50
12,11,60,69
69,10,9,72,73
67,75,65,82,83,46
64,83,81,5,75
133,46,64,82,66,81
85,76,33,54
76,84,54,10,9,88,89
99,100,89,90,91,92
92,91,8,97,94
59,76,89,100,85
100,88,90,9,85,86
8,9,89,91,86
90,8,87,92,86
87,91,98,99,97,93,86,77
20,98,92,77
7,8,95,58,87,97
94,58,77,97,49
99,98,20,100,59
95,77,87,92,94
93,20,92,99,96
86,100,92,98,96
86,99,89,88,59,96
57,117,15,27,129,35,1
115,35,128,121,14,44,116
112,107,134,135,43,113
41,105,45,47,109,106,107
104,41,36,45
39,13,47,104,107
103,112,106,39,134,104,109
112,111,38,21
41,104,38,112,107
113,43,111,21
112,108,21,110,113
111,108,103,107,38,109,113
103,43,110,112,111
136,55,54,11,137
35,102,117,116,32
124,32,115,102,128,122,37
57,101,35,115,32,118
119,57,32,117,25,126
123,57,118,23,25
121,36,128,37
128,102,44,45,36,120
116,124,37,22,138
129,127,119,57,23,50
116,32,122,126,138
126,138,25,22
138,125,32,124,25,118
129,123,2,50
102,121,116,37,120
57,101,1,123,127,2
40,78,0,31,24
51,17,16,60
64,4,0,31
83,46,66,19
34,42,39,135,103,107
134,103,43,56,136,42
55,114,137,135,56,42
136,114,54,33,56
126,125,22,122,124
