2179, 2425, 2427
22, 21, 710
2814, 2815, 256
202, 446, 19
25, 778, 200
157, 133, 710
351, 2814, 256
23, 156, 1006
28, 265, 353
21, 157, 710
24, 25, 257
156, 23, 22
1076, 336, 1070
347, 227, 246
153, 2807, 197
14, 299, 15
11, 862, 12
2808, 16, 227
16, 17, 227
14, 13, 201
666, 667, 664
158, 329, 16
15, 2808, 14
246, 18, 19
227, 1154, 2808
133, 157, 415
16, 15, 158
10, 166, 11
28, 29, 265
158, 299, 134
272, 279, 356
36, 35, 302
359, 2820, 286
33, 303, 34
44, 45, 293
205, 35, 34
2824, 50, 2822
301, 44, 172
265, 2817, 355
389, 388, 37
363, 288, 292
461, 203, 1059
302, 389, 36
48, 294, 2826
355, 2817, 271
165, 28, 27
271, 2817, 2818
778, 25, 24
247, 2814, 351
26, 25, 200
279, 357, 273
865, 30, 164
37, 280, 36
711, 28, 165
257, 264, 352
1513, 1405, 1284
29, 28, 711
111, 223, 110
258, 264, 353
32, 232, 33
2849, 1285, 1387
2820, 2821, 286
10, 9, 713
2808, 2812, 14
137, 166, 713
11, 244, 10
3, 4, 2807
1040, 1039, 298
4, 199, 334
7, 229, 6
866, 132, 332
8, 9, 249
2807, 5, 2809
4, 3, 199
12, 13, 245
334, 199, 333
1319, 1457, 449
2, 131, 1
1, 98, 132
1, 132, 2
98, 131, 776
199, 866, 332
327, 124, 97
98, 1, 131
343, 1205, 921
703, 138, 702
97, 124, 123
987, 327, 97
3, 153, 2
210, 546, 545
14, 2812, 13
713, 9, 167
121, 138, 122
122, 123, 775
404, 570, 96
195, 152, 775
775, 152, 194
119, 118, 715
118, 169, 715
151, 192, 774
553, 715, 139
123, 124, 195
192, 117, 774
116, 207, 305
194, 121, 122
120, 119, 168
521, 406, 94
322, 139, 169
403, 92, 603
169, 305, 322
487, 553, 474
405, 93, 517
171, 114, 113
774, 118, 193
110, 307, 864
367, 369, 366
791, 116, 192
115, 304, 207
304, 114, 171
406, 520, 95
119, 193, 118
703, 122, 138
192, 116, 117
635, 670, 641
2822, 50, 51
328, 329, 158
2820, 359, 280
577, 915, 1104
290, 282, 2822
41, 174, 42
301, 300, 45
54, 55, 291
512, 466, 492
45, 44, 301
56, 2823, 55
48, 47, 208
387, 300, 204
431, 362, 467
43, 42, 161
735, 727, 734
970, 2842, 630
50, 177, 716
2819, 2823, 56
176, 52, 51
50, 716, 51
57, 2819, 56
490, 464, 347
54, 53, 209
284, 274, 2819
87, 926, 568
339, 55, 54
2819, 58, 284
338, 52, 176
511, 465, 491
337, 49, 48
399, 285, 358
61, 62, 285
179, 58, 57
276, 861, 63
1641, 1401, 624
717, 218, 179
64, 276, 63
344, 60, 484
59, 534, 484
277, 65, 66
384, 717, 383
59, 484, 60
860, 64, 65
57, 56, 717
68, 278, 67
68, 2816, 278
62, 315, 505
70, 269, 2816
270, 396, 73
505, 340, 178
68, 69, 2816
270, 354, 396
211, 1049, 65
216, 182, 788
74, 270, 73
217, 218, 384
2816, 269, 259
68, 237, 69
320, 1412, 1653
237, 463, 69
285, 399, 61
383, 717, 180
75, 261, 837
297, 105, 104
223, 790, 110
306, 219, 108
222, 108, 109
184, 306, 107
241, 104, 105
324, 85, 317
105, 811, 241
184, 106, 297
107, 242, 106
103, 186, 104
810, 108, 222
222, 790, 190
186, 297, 104
441, 330, 376
2811, 114, 224
376, 439, 441
171, 330, 140
440, 183, 872
243, 812, 2810
432, 86, 317
440, 234, 89
564, 938, 566
219, 109, 108
514, 495, 432
106, 184, 107
515, 146, 325
634, 565, 598
296, 186, 103
224, 114, 115
212, 77, 76
81, 253, 835
78, 313, 236
81, 82, 253
77, 212, 313
80, 263, 79
788, 71, 216
833, 76, 77
75, 74, 235
77, 78, 262
215, 73, 72
262, 78, 836
814, 82, 83
75, 312, 76
100, 150, 918
815, 102, 240
148, 482, 918
148, 481, 482
99, 150, 100
103, 104, 807
718, 82, 81
816, 254, 99
81, 189, 718
918, 150, 84
189, 81, 80
150, 331, 84
188, 331, 150
101, 255, 100
102, 103, 240
317, 85, 402
312, 181, 212
99, 254, 83
76, 261, 75
929, 1084, 392
6, 229, 2809
52, 290, 2822
348, 246, 19
711, 136, 164
210, 520, 546
230, 7, 6
157, 21, 20
133, 415, 445
503, 335, 412
18, 202, 19
1076, 1079, 1083
318, 38, 388
787, 1291, 453
29, 164, 30
8, 167, 9
7, 230, 451
714, 120, 168
703, 702, 97
169, 118, 117
714, 168, 404
112, 111, 187
470, 369, 367
41, 203, 174
648, 1080, 458
177, 50, 49
337, 878, 1047
717, 56, 180
56, 55, 180
477, 543, 1144
344, 315, 61
102, 101, 482
409, 435, 438
564, 495, 469
187, 111, 864
219, 307, 109
148, 410, 378
324, 296, 481
79, 236, 314
189, 323, 149
82, 188, 83
99, 83, 150
728, 194, 152
109, 790, 222
131, 2, 153
20, 247, 348
9, 244, 349
1005, 777, 131
332, 154, 199
420, 137, 167
133, 445, 994
1088, 1061, 1062
156, 710, 993
778, 155, 200
18, 17, 329
202, 18, 329
299, 14, 201
158, 134, 328
862, 11, 166
450, 921, 939
335, 379, 412
446, 379, 415
39, 203, 40
39, 318, 203
302, 35, 205
161, 172, 43
232, 32, 308
303, 232, 423
460, 508, 787
458, 164, 136
780, 26, 200
781, 165, 780
1040, 298, 862
201, 13, 298
6, 5, 334
230, 6, 334
475, 474, 370
121, 714, 138
207, 116, 115
117, 116, 305
368, 366, 170
139, 322, 370
330, 113, 112
366, 368, 367
203, 461, 231
878, 337, 208
894, 882, 892
300, 387, 46
39, 38, 318
388, 38, 37
883, 716, 386
873, 1216, 1051
716, 177, 386
209, 53, 338
337, 48, 208
337, 386, 177
1258, 178, 340
182, 216, 427
63, 178, 64
534, 58, 179
339, 54, 209
180, 339, 383
1097, 894, 1386
189, 149, 718
71, 788, 72
216, 71, 70
417, 233, 1224
62, 61, 315
297, 106, 105
1125, 306, 145
2840, 923, 88
185, 307, 219
103, 102, 296
146, 297, 186
376, 330, 187
112, 187, 330
149, 377, 188
150, 83, 188
236, 79, 78
314, 80, 79
464, 428, 639
807, 241, 220
663, 656, 654
812, 223, 2810
151, 719, 192
791, 719, 191
120, 1000, 119
121, 194, 1000
995, 728, 152
999, 193, 1000
124, 776, 195
776, 777, 1004
247, 20, 21
228, 246, 348
9, 10, 244
350, 1150, 964
343, 385, 449
451, 385, 420
866, 3, 2
333, 199, 154
200, 782, 781
27, 780, 165
298, 13, 12
299, 201, 159
379, 202, 160
446, 20, 19
951, 135, 457
505, 310, 340
925, 2840, 1124
203, 41, 40
303, 33, 232
2849, 1286, 1285
576, 916, 135
1295, 1495, 1494
115, 114, 304
305, 207, 170
46, 45, 300
47, 46, 387
53, 52, 338
339, 209, 175
217, 1051, 1227
211, 393, 1049
873, 380, 1216
597, 1089, 377
312, 75, 235
181, 1649, 374
73, 215, 311
311, 320, 1795
373, 516, 543
314, 323, 189
215, 320, 311
235, 74, 311
68, 67, 342
237, 68, 342
505, 63, 62
1057, 463, 237
309, 1053, 1252
417, 484, 534
108, 107, 306
480, 436, 438
556, 594, 428
814, 254, 238
691, 694, 683
240, 807, 220
190, 789, 222
810, 789, 221
112, 2810, 111
2810, 112, 2811
115, 116, 791
191, 243, 2811
1310, 345, 346
229, 197, 2809
464, 2842, 196
12, 245, 345
18, 227, 17
227, 196, 1154
27, 264, 26
264, 27, 353
2813, 7, 8
249, 350, 1119
385, 230, 198
451, 8, 7
1296, 1295, 1608
174, 231, 161
308, 32, 31
423, 232, 308
233, 417, 534
1255, 310, 309
1052, 1222, 1058
877, 178, 341
74, 73, 311
312, 235, 213
78, 77, 313
314, 236, 214
1049, 342, 67
463, 70, 69
607, 629, 604
833, 262, 251
688, 696, 686
253, 814, 238
220, 792, 240
815, 792, 239
811, 106, 242
241, 811, 808
107, 108, 810
221, 808, 811
243, 2810, 2811
741, 1008, 1009
12, 244, 11
229, 2813, 249
226, 970, 1153
225, 244, 345
347, 246, 228
227, 18, 246
22, 2814, 21
2815, 2814, 22
272, 32, 33
36, 357, 35
244, 225, 349
249, 349, 350
1381, 1600, 1268
393, 211, 877
196, 347, 464
71, 269, 70
794, 799, 793
261, 833, 251
238, 813, 253
835, 813, 252
816, 100, 255
806, 254, 239
101, 102, 815
816, 239, 254
2815, 24, 257
247, 351, 228
26, 257, 25
2815, 248, 256
35, 279, 34
273, 357, 280
638, 654, 649
860, 277, 267
817, 819, 260
259, 269, 354
251, 817, 261
837, 817, 260
836, 79, 263
262, 836, 834
80, 81, 835
252, 834, 836
352, 264, 258
257, 26, 264
30, 2817, 29
2818, 2817, 30
287, 40, 41
293, 363, 44
685, 1340, 674
59, 284, 58
267, 277, 316
860, 267, 276
396, 71, 72
2816, 259, 268
74, 75, 837
395, 354, 260
2818, 32, 272
265, 355, 258
34, 272, 33
2818, 266, 271
43, 292, 42
292, 43, 363
395, 259, 354
53, 290, 52
1024, 398, 1022
274, 284, 358
267, 838, 276
861, 838, 275
278, 66, 67
277, 278, 316
316, 278, 268
66, 278, 277
356, 279, 273
272, 34, 279
38, 2820, 37
2821, 2820, 38
2824, 49, 50
360, 361, 1480
395, 819, 1010
287, 292, 362
274, 1024, 1026
54, 291, 360
399, 59, 60
2819, 274, 283
62, 63, 861
398, 358, 275
2821, 40, 287
280, 359, 273
42, 287, 41
2821, 281, 286
48, 49, 294
562, 494, 541
364, 288, 293
2825, 295, 364
54, 290, 53
2822, 282, 289
291, 2823, 2827
282, 290, 360
362, 292, 288
287, 42, 292
46, 2825, 45
2825, 2826, 295
1480, 1423, 282
47, 2826, 2825
559, 513, 541
2825, 364, 293
296, 324, 146
146, 186, 296
568, 515, 567
184, 297, 932
1197, 1040, 166
159, 201, 298
904, 886, 159
15, 299, 158
172, 44, 43
204, 300, 301
422, 318, 173
1066, 231, 1065
161, 336, 172
308, 458, 576
303, 205, 34
1884, 453, 459
140, 304, 171
170, 207, 304
305, 366, 322
117, 305, 169
145, 306, 184
185, 219, 306
864, 147, 187
109, 307, 110
865, 31, 30
648, 136, 786
315, 344, 310
417, 310, 344
914, 542, 1396
1063, 1065, 461
320, 215, 182
213, 235, 311
312, 213, 1651
76, 312, 212
181, 313, 212
214, 236, 313
323, 314, 371
80, 314, 189
509, 456, 949
1058, 1222, 1057
1013, 1014, 1012
1010, 1011, 395
325, 324, 317
379, 160, 910
161, 42, 174
318, 422, 1059
319, 322, 366
404, 96, 138
182, 427, 462
917, 320, 182
1144, 1386, 612
402, 432, 317
366, 305, 170
322, 319, 370
371, 314, 214
371, 1397, 960
85, 481, 148
325, 317, 86
326, 567, 86
146, 324, 325
515, 568, 932
297, 146, 515
132, 98, 327
98, 124, 327
412, 910, 413
329, 328, 160
202, 329, 160
16, 329, 17
330, 171, 113
376, 187, 147
323, 371, 960
84, 331, 410
702, 705, 97
569, 418, 545
419, 1320, 911
334, 333, 198
230, 334, 198
4, 334, 5
328, 414, 160
445, 335, 920
172, 336, 301
203, 231, 174
204, 875, 387
49, 337, 177
885, 183, 89
175, 209, 338
867, 383, 339
55, 339, 180
417, 309, 310
59, 58, 534
531, 605, 1302
64, 211, 65
344, 61, 60
1049, 67, 66
333, 419, 198
137, 420, 450
12, 345, 244
462, 917, 182
346, 345, 245
510, 464, 490
350, 964, 1152
428, 464, 510
227, 347, 196
20, 348, 19
228, 348, 247
350, 349, 225
9, 349, 249
428, 594, 620
664, 667, 626
248, 394, 256
256, 394, 351
511, 429, 465
257, 352, 248
28, 353, 27
258, 353, 265
396, 354, 269
270, 260, 354
266, 397, 271
465, 352, 491
512, 430, 466
272, 356, 266
35, 357, 279
36, 280, 357
399, 358, 284
285, 275, 358
281, 400, 286
946, 611, 1138
54, 360, 290
361, 360, 291
358, 398, 274
556, 510, 579
401, 1138, 493
287, 362, 281
44, 363, 43
288, 363, 293
541, 494, 364
493, 561, 401
1641, 578, 602
587, 938, 469
304, 368, 170
369, 319, 366
442, 876, 441
474, 406, 95
304, 140, 368
876, 368, 140
93, 499, 403
370, 319, 473
93, 403, 518
372, 1648, 1645
374, 214, 313
214, 374, 371
504, 479, 1408
1405, 1404, 1307
1653, 1796, 1797
585, 477, 612
181, 374, 313
371, 374, 372
597, 455, 373
377, 331, 188
435, 376, 147
435, 439, 376
411, 378, 410
377, 1089, 411
331, 411, 410
378, 533, 443
160, 414, 910
415, 379, 335
875, 878, 387
880, 447, 881
301, 1076, 204
233, 534, 179
883, 142, 1043
342, 1049, 1054
867, 339, 175
867, 873, 383
233, 179, 218
873, 384, 383
198, 419, 911
420, 385, 343
368, 876, 367
159, 886, 299
898, 142, 1047
47, 387, 208
37, 36, 389
173, 318, 388
423, 951, 1287
173, 388, 389
916, 453, 1884
627, 390, 1091
422, 173, 936
1294, 1297, 1295
929, 392, 930
423, 576, 135
1247, 1252, 1053
211, 64, 178
465, 248, 352
355, 271, 397
800, 796, 799
641, 977, 660
71, 396, 269
396, 72, 73
952, 356, 466
286, 400, 359
840, 275, 838
1012, 395, 1011
59, 399, 284
399, 60, 61
467, 362, 288
362, 431, 281
638, 655, 613
466, 356, 492
412, 413, 1526
468, 402, 870
442, 367, 876
714, 404, 138
1142, 408, 1143
405, 472, 93
369, 472, 319
94, 473, 405
522, 521, 94
473, 475, 370
2843, 452, 1038
1146, 425, 1278
602, 578, 634
444, 1396, 1411
480, 147, 307
532, 485, 871
411, 331, 377
378, 443, 148
1406, 455, 597
373, 543, 1089
443, 85, 148
84, 410, 148
298, 1039, 159
852, 552, 856
328, 134, 414
137, 1041, 1197
415, 335, 445
446, 415, 157
897, 873, 867
1418, 1826, 1533
585, 869, 477
1217, 380, 1218
706, 702, 96
486, 1200, 1140
333, 154, 419
991, 985, 625
420, 343, 450
451, 420, 167
874, 883, 1043
883, 338, 176
389, 163, 173
422, 391, 1059
865, 458, 308
1088, 1294, 1494
460, 648, 508
902, 507, 899
553, 404, 168
1524, 891, 1112
913, 617, 912
899, 504, 882
381, 342, 1054
463, 427, 216
643, 248, 465
622, 632, 606
356, 952, 266
557, 429, 511
556, 428, 510
581, 557, 511
583, 558, 512
281, 431, 610
432, 402, 468
86, 432, 495
499, 472, 369
518, 403, 603
433, 884, 496
1144, 612, 477
147, 480, 438
409, 1092, 439
1124, 1125, 925
438, 436, 440
91, 890, 1301
470, 1110, 92
147, 438, 435
436, 234, 440
409, 439, 435
441, 439, 437
872, 183, 90
409, 438, 440
441, 437, 442
330, 441, 140
890, 442, 437
890, 1110, 442
411, 543, 869
85, 443, 402
455, 960, 586
644, 444, 1145
525, 920, 503
779, 155, 778
20, 446, 157
379, 446, 202
448, 380, 881
716, 883, 176
437, 1092, 1301
1055, 381, 1054
385, 198, 911
1314, 154, 332
154, 1314, 1313
450, 1041, 137
8, 451, 167
385, 451, 230
1083, 1275, 875
905, 889, 879
960, 1406, 323
485, 91, 1301
617, 605, 912
961, 1400, 2861
531, 950, 577
391, 936, 627
888, 885, 456
1108, 1109, 92
787, 453, 460
1088, 1091, 1294
931, 1084, 89
1060, 461, 1059
2849, 389, 302
940, 785, 1179
530, 1061, 1088
1391, 1280, 1300
417, 344, 484
959, 900, 956
218, 217, 233
463, 1057, 427
70, 463, 216
342, 381, 237
490, 347, 228
620, 639, 428
491, 352, 258
609, 623, 429
492, 356, 273
650, 640, 538
494, 288, 364
431, 467, 493
514, 469, 495
325, 567, 515
1144, 543, 516
514, 563, 469
442, 470, 367
92, 403, 470
649, 604, 629
1165, 980, 981
369, 470, 499
473, 472, 405
473, 94, 475
472, 473, 319
715, 553, 168
370, 474, 139
94, 406, 475
474, 475, 406
683, 1181, 685
520, 406, 521
516, 373, 455
478, 1409, 479
516, 1308, 1144
504, 899, 478
1144, 1308, 628
1111, 407, 502
307, 185, 480
1124, 480, 185
324, 481, 85
296, 102, 482
100, 918, 101
296, 482, 481
1524, 1525, 891
591, 1335, 1185
707, 570, 210
1089, 597, 373
1082, 2846, 1211
63, 505, 178
1559, 1325, 1326
343, 921, 450
928, 392, 924
90, 485, 1092
88, 392, 931
508, 648, 786
882, 902, 899
877, 868, 393
351, 535, 228
535, 510, 490
355, 537, 258
537, 511, 491
359, 539, 273
539, 512, 492
494, 467, 288
493, 467, 494
559, 541, 364
2852, 2853, 1423
514, 432, 468
564, 326, 495
894, 892, 612
564, 566, 87
653, 647, 549
522, 573, 500
635, 641, 659
426, 90, 183
403, 499, 470
93, 472, 499
522, 405, 517
572, 573, 549
1525, 1521, 1656
1486, 1361, 1762
1121, 1428, 1160
2162, 2234, 1966
1129, 1656, 934
413, 934, 1414
647, 1161, 1536
1173, 1164, 1120
390, 627, 936
867, 175, 880
625, 1204, 1134
989, 992, 985
1046, 1043, 1045
1053, 1238, 1247
1388, 1609, 1290
1491, 951, 457
141, 2779, 2780
426, 871, 90
490, 228, 535
536, 556, 579
491, 258, 537
538, 557, 581
492, 273, 539
539, 596, 583
1346, 574, 1345
561, 494, 562
585, 892, 884
584, 563, 514
932, 568, 145
86, 495, 326
628, 141, 1097
1106, 960, 1397
517, 93, 518
517, 547, 522
532, 592, 91
517, 518, 498
426, 885, 888
870, 533, 884
500, 544, 520
544, 546, 520
94, 405, 522
520, 521, 500
517, 954, 547
500, 521, 522
964, 1116, 626
1411, 1095, 479
134, 1127, 414
588, 941, 1324
1349, 1347, 1348
785, 712, 1187
1204, 1180, 1134
569, 545, 546
1135, 1005, 1188
1325, 1559, 2863
458, 136, 648
786, 785, 508
617, 532, 871
785, 1187, 1179
1084, 929, 949
1622, 1624, 1621
532, 913, 592
593, 1530, 555
916, 576, 1080
509, 1303, 937
443, 870, 402
346, 1150, 1310
1055, 1056, 250
320, 917, 1412
351, 394, 535
633, 429, 623
429, 557, 595
594, 606, 580
397, 601, 355
640, 650, 430
558, 430, 512
651, 621, 631
400, 596, 359
611, 583, 596
675, 471, 636
695, 683, 694
559, 364, 295
1427, 562, 513
1401, 1145, 1788
589, 565, 634
1397, 371, 372
1792, 1093, 1147
572, 544, 500
476, 569, 546
476, 933, 1123
1183, 948, 1203
476, 546, 544
707, 210, 545
547, 497, 549
522, 547, 573
498, 518, 603
1909, 1401, 1910
885, 426, 183
549, 548, 572
593, 958, 1416
1347, 1349, 935
1587, 1586, 1475
1008, 1190, 812
142, 898, 1207
1330, 1335, 591
1080, 460, 453
530, 488, 528
958, 592, 913
488, 1073, 528
1129, 1128, 891
550, 906, 1115
579, 510, 535
606, 594, 556
581, 511, 537
608, 595, 557
583, 512, 539
558, 658, 651
2826, 559, 295
2853, 559, 294
574, 1346, 1196
670, 677, 645
494, 561, 493
1157, 561, 560
513, 562, 541
560, 561, 562
1407, 514, 468
542, 598, 587
563, 587, 469
87, 326, 564
644, 1145, 602
923, 924, 88
927, 924, 566
923, 87, 566
86, 567, 325
568, 326, 87
326, 568, 567
926, 87, 923
599, 963, 704
1315, 418, 569
707, 704, 706
96, 570, 707
398, 840, 1022
684, 682, 672
933, 572, 548
544, 572, 476
549, 573, 547
500, 573, 572
934, 413, 414
942, 1192, 939
407, 889, 506
1668, 1193, 829
1403, 1793, 1654
940, 1191, 787
950, 531, 509
577, 950, 1090
440, 89, 183
1141, 2026, 1935
394, 642, 535
642, 643, 633
429, 595, 609
666, 664, 656
601, 537, 355
581, 657, 650
608, 582, 595
622, 582, 953
539, 359, 596
558, 583, 611
1407, 884, 433
542, 563, 584
892, 585, 612
869, 585, 533
416, 1161, 922
586, 1404, 1308
542, 587, 563
938, 565, 566
1027, 1028, 1215
844, 590, 1025
498, 956, 955
914, 444, 644
997, 614, 730
1415, 1589, 1526
985, 947, 1148
1204, 625, 985
1511, 1309, 1106
365, 937, 1305
906, 1111, 1115
884, 533, 585
606, 556, 536
629, 620, 594
608, 557, 538
609, 595, 582
400, 610, 596
540, 558, 611
675, 676, 471
598, 565, 587
598, 644, 602
90, 871, 485
933, 476, 572
1180, 1133, 1176
589, 578, 1146
696, 693, 694
653, 549, 497
928, 924, 927
517, 498, 954
664, 616, 604
1305, 1303, 1304
1827, 571, 1537
656, 604, 654
581, 601, 657
597, 377, 149
577, 605, 531
609, 606, 536
606, 609, 622
629, 607, 620
969, 968, 668
631, 640, 651
631, 608, 538
609, 582, 622
609, 536, 623
281, 610, 400
946, 1138, 401
596, 610, 611
610, 431, 1138
1519, 1410, 1517
1404, 1405, 1308
672, 663, 654
658, 971, 675
1479, 940, 1179
132, 987, 989
634, 598, 602
411, 869, 378
549, 647, 548
677, 670, 635
474, 553, 139
456, 509, 531
628, 1097, 1386
958, 959, 592
631, 621, 659
682, 646, 672
629, 594, 580
639, 620, 968
540, 971, 658
582, 608, 652
953, 652, 660
606, 632, 580
536, 579, 623
633, 623, 579
433, 496, 1408
619, 613, 655
625, 1132, 1313
702, 706, 705
647, 1114, 548
621, 658, 636
784, 165, 781
782, 783, 1198
1300, 1082, 1391
1062, 1091, 1088
619, 655, 632
629, 580, 649
616, 668, 968
346, 970, 969
640, 631, 538
659, 652, 631
622, 619, 632
632, 655, 649
642, 633, 579
429, 633, 465
586, 1106, 1309
1145, 1401, 602
664, 626, 616
408, 1946, 1531
616, 626, 668
957, 954, 955
936, 163, 1288
173, 163, 936
977, 619, 660
616, 607, 604
968, 620, 607
639, 630, 2842
650, 538, 581
640, 430, 651
658, 621, 651
677, 679, 645
535, 642, 579
643, 642, 394
248, 643, 394
465, 633, 643
598, 542, 644
397, 657, 601
955, 661, 957
647, 653, 662
636, 659, 621
664, 604, 656
1115, 1111, 1429
1001, 1002, 683
422, 936, 391
784, 786, 136
632, 649, 580
654, 604, 649
537, 601, 581
466, 430, 650
430, 558, 651
658, 558, 540
631, 652, 608
660, 652, 641
485, 532, 91
523, 645, 679
668, 626, 1116
1452, 1453, 1672
680, 978, 619
638, 649, 655
646, 663, 672
1151, 1152, 964
952, 397, 266
466, 650, 657
946, 540, 611
636, 471, 635
636, 635, 659
641, 652, 659
680, 977, 670
953, 619, 622
957, 653, 497
1665, 1831, 973
661, 408, 1531
672, 654, 638
674, 666, 673
666, 656, 673
1151, 964, 667
687, 646, 682
152, 195, 1004
673, 656, 663
350, 225, 1150
665, 965, 666
666, 965, 667
964, 1150, 1116
969, 668, 1150
669, 971, 972
839, 856, 844
677, 635, 471
670, 645, 680
1143, 661, 955
1143, 408, 661
613, 684, 638
979, 682, 684
663, 646, 673
666, 674, 665
646, 984, 673
682, 688, 687
658, 675, 636
676, 675, 669
972, 907, 669
842, 841, 267
676, 974, 471
1162, 974, 975
2827, 1196, 361
772, 773, 761
974, 679, 677
679, 678, 1163
615, 981, 980
978, 615, 613
681, 692, 688
738, 720, 733
672, 638, 684
687, 686, 689
701, 754, 693
733, 731, 732
613, 615, 684
684, 615, 979
687, 689, 984
731, 725, 729
686, 687, 688
689, 691, 685
688, 682, 681
691, 689, 686
982, 983, 980
752, 758, 746
685, 674, 689
984, 689, 674
275, 840, 398
759, 758, 752
686, 696, 694
685, 691, 683
682, 979, 681
698, 696, 699
693, 698, 701
191, 719, 721
686, 694, 691
695, 694, 693
693, 696, 698
722, 719, 151
688, 692, 696
699, 697, 698
755, 765, 772
749, 740, 744
699, 696, 692
768, 701, 697
1435, 692, 1174
692, 1435, 699
746, 749, 752
812, 190, 223
697, 701, 698
701, 700, 754
138, 96, 702
706, 96, 707
97, 123, 703
122, 703, 123
1179, 1187, 1007
327, 987, 132
1134, 1180, 1176
97, 705, 987
570, 404, 487
704, 705, 706
95, 520, 210
1419, 1315, 905
153, 1188, 1005
944, 1340, 1181
445, 920, 1206
1718, 1328, 1186
993, 710, 133
22, 710, 156
29, 711, 164
165, 136, 711
779, 2828, 155
940, 787, 508
10, 713, 166
167, 137, 713
120, 714, 121
474, 95, 487
715, 168, 119
169, 139, 715
716, 176, 51
519, 589, 1146
384, 218, 717
717, 179, 57
149, 188, 718
82, 718, 188
726, 725, 722
791, 191, 224
732, 736, 733
722, 721, 719
736, 747, 738
741, 739, 742
723, 725, 726
739, 724, 720
996, 730, 995
725, 720, 724
721, 722, 724
725, 724, 722
726, 722, 151
725, 723, 729
193, 999, 151
1000, 728, 999
727, 729, 734
1001, 683, 695
723, 726, 728
999, 728, 726
723, 995, 734
731, 729, 727
995, 723, 728
614, 998, 735
732, 731, 727
725, 731, 720
727, 735, 1002
731, 733, 720
695, 736, 732
754, 750, 736
723, 734, 729
734, 730, 614
998, 614, 997
1181, 683, 1002
742, 744, 740
739, 720, 738
751, 745, 747
739, 721, 724
736, 738, 733
738, 737, 739
742, 739, 737
741, 721, 739
743, 744, 745
753, 1003, 749
1003, 812, 1190
1190, 1008, 741
745, 744, 742
741, 742, 740
751, 743, 745
190, 1003, 753
745, 742, 737
752, 749, 744
737, 747, 745
748, 751, 750
764, 755, 757
760, 763, 762
738, 747, 737
750, 747, 736
765, 748, 766
794, 800, 799
752, 744, 743
749, 746, 753
754, 736, 695
748, 750, 700
750, 751, 747
751, 748, 764
752, 743, 757
758, 762, 746
746, 762, 763
753, 763, 789
754, 695, 693
700, 750, 754
765, 755, 764
769, 771, 770
761, 756, 759
792, 220, 793
764, 757, 743
758, 759, 756
759, 752, 757
756, 794, 762
757, 755, 759
761, 759, 755
798, 793, 799
760, 809, 763
765, 771, 772
796, 800, 802
756, 762, 758
760, 793, 809
789, 763, 221
746, 763, 753
751, 764, 743
764, 748, 765
766, 748, 700
765, 766, 770
700, 768, 766
768, 770, 766
859, 855, 858
251, 821, 820
701, 768, 700
770, 768, 1437
697, 699, 1435
1543, 1669, 1433
1437, 768, 697
1669, 771, 769
771, 767, 772
765, 770, 771
773, 772, 767
761, 755, 772
839, 845, 850
2839, 813, 805
118, 774, 117
151, 774, 193
122, 775, 194
123, 195, 775
98, 776, 124
777, 776, 131
1005, 131, 153
777, 997, 996
1006, 24, 23
779, 709, 2828
1006, 779, 778
993, 779, 156
26, 780, 27
781, 780, 200
782, 200, 155
781, 712, 784
783, 782, 155
712, 781, 782
993, 994, 709
576, 458, 1080
784, 712, 785
165, 784, 136
1198, 1007, 1187
453, 1291, 459
784, 785, 786
2506, 1990, 2091
530, 528, 1061
2857, 1286, 1287
182, 215, 788
72, 788, 215
753, 789, 190
810, 221, 242
110, 790, 109
190, 790, 223
719, 791, 192
115, 791, 224
220, 809, 793
815, 239, 255
794, 760, 762
793, 760, 794
761, 795, 756
794, 756, 795
797, 761, 773
239, 792, 798
795, 761, 797
796, 804, 806
395, 260, 819
804, 796, 802
793, 798, 792
806, 798, 796
800, 794, 795
798, 799, 796
797, 803, 795
1018, 802, 803
826, 828, 824
804, 805, 238
803, 802, 800
804, 802, 801
795, 803, 800
797, 832, 1018
804, 801, 805
804, 238, 806
821, 826, 824
813, 2839, 252
254, 806, 238
806, 239, 798
103, 807, 240
104, 241, 807
763, 808, 221
220, 241, 808
220, 808, 809
763, 809, 808
789, 810, 222
107, 810, 242
106, 811, 105
811, 242, 221
1008, 812, 243
1190, 740, 1003
805, 813, 238
835, 252, 263
82, 814, 253
83, 254, 814
792, 815, 240
101, 815, 255
100, 816, 99
239, 816, 255
820, 819, 817
837, 260, 270
824, 828, 818
828, 831, 830
820, 817, 251
819, 822, 823
834, 821, 251
823, 822, 818
801, 1017, 827
820, 824, 822
819, 820, 822
824, 820, 821
828, 825, 831
839, 843, 845
827, 826, 821
818, 822, 824
803, 797, 1018
797, 1019, 832
821, 2839, 827
826, 825, 828
801, 827, 805
825, 826, 827
1020, 831, 832
773, 767, 1184
919, 1432, 1173
818, 828, 830
854, 856, 839
818, 830, 1016
832, 831, 825
1193, 831, 829
1017, 832, 825
797, 773, 1019
76, 833, 261
77, 262, 833
834, 252, 2839
251, 262, 834
813, 835, 253
80, 835, 263
79, 836, 78
836, 263, 252
817, 837, 261
74, 837, 270
841, 840, 838
861, 275, 285
846, 853, 851
360, 1480, 282
841, 838, 267
840, 843, 844
842, 267, 316
844, 843, 839
259, 1012, 1014
845, 843, 841
840, 841, 843
845, 841, 842
850, 854, 839
398, 1024, 274
842, 847, 845
850, 847, 851
842, 848, 847
1030, 851, 853
848, 842, 316
847, 846, 851
1014, 316, 268
847, 848, 1013
830, 831, 1193
852, 855, 859
847, 850, 845
855, 854, 850
846, 1011, 853
850, 851, 849
854, 855, 852
679, 1162, 678
818, 1016, 823
1030, 853, 1031
855, 850, 849
854, 852, 856
1031, 1033, 1034
849, 858, 855
935, 1215, 552
1196, 2827, 1026
829, 1020, 1021
1037, 2843, 857
1030, 858, 849
857, 1035, 858
1035, 859, 858
452, 1117, 1038
64, 860, 276
65, 277, 860
838, 861, 276
62, 861, 285
1040, 862, 166
12, 862, 298
1041, 863, 1197
1127, 1129, 934
110, 864, 111
147, 864, 307
458, 865, 164
31, 865, 308
3, 866, 199
132, 866, 2
441, 876, 140
447, 175, 338
178, 877, 211
384, 1051, 217
887, 1047, 878
1111, 1535, 1429
386, 142, 883
1398, 1908, 1789
478, 899, 507
1657, 1527, 1338
887, 878, 875
447, 874, 881
504, 478, 479
310, 505, 315
1092, 409, 872
1225, 1226, 217
411, 1089, 543
489, 1796, 1653
387, 878, 208
1515, 1517, 1410
872, 90, 1092
1110, 1108, 92
958, 913, 1416
1535, 502, 1114
931, 89, 234
1419, 990, 418
1047, 142, 386
1255, 340, 310
874, 1046, 1209
902, 434, 507
871, 426, 888
867, 880, 897
883, 447, 338
1210, 2847, 1232
409, 440, 872
887, 875, 421
1318, 1445, 1447
501, 958, 593
443, 533, 870
898, 887, 421
468, 870, 884
897, 881, 380
380, 873, 897
868, 877, 341
1150, 668, 1116
570, 487, 95
874, 447, 883
896, 1441, 1122
407, 1123, 933
1121, 1160, 907
882, 496, 892
1275, 1079, 1276
462, 427, 1222
881, 897, 880
1127, 886, 1128
882, 894, 902
956, 900, 1143
95, 210, 570
892, 496, 884
1406, 149, 323
433, 1095, 1407
1482, 1481, 1352
1043, 1046, 874
1665, 973, 1937
447, 880, 175
886, 904, 1128
1142, 900, 501
1537, 671, 1835
1545, 1547, 1450
531, 888, 456
981, 523, 1165
2544, 2072, 1856
548, 1114, 502
662, 661, 922
1136, 1556, 1673
647, 662, 1161
2025, 1825, 1149
879, 889, 906
1103, 1149, 1825
1121, 907, 972
908, 1152, 575
896, 1122, 1113
908, 1420, 229
1158, 1343, 1442
413, 910, 414
379, 910, 412
945, 986, 1189
385, 911, 449
1084, 949, 885
915, 1090, 1087
937, 1090, 950
1095, 584, 1407
915, 1087, 1094
1066, 1070, 336
1528, 2862, 1417
404, 553, 487
1288, 1387, 206
916, 457, 135
1369, 1371, 1489
909, 671, 571
148, 918, 84
101, 918, 482
919, 1120, 1036
1173, 1432, 690
503, 920, 335
1206, 920, 525
343, 449, 1205
939, 921, 527
1428, 1159, 1158
1536, 1114, 647
924, 923, 566
2840, 925, 923
927, 566, 565
589, 928, 927
234, 436, 1124
568, 1126, 145
923, 925, 926
1126, 926, 925
565, 589, 927
928, 589, 519
928, 519, 930
392, 928, 930
937, 1303, 1305
2840, 931, 234
1304, 930, 519
924, 392, 88
1084, 885, 89
392, 1084, 931
184, 932, 145
515, 932, 297
1161, 662, 922
506, 889, 905
934, 414, 1127
1476, 2835, 2836
590, 1215, 1028
1457, 1205, 449
424, 488, 530
1765, 1764, 1606
509, 949, 1303
1306, 1512, 2861
469, 938, 564
565, 938, 587
1186, 1206, 525
1350, 1192, 942
448, 1219, 1218
1421, 1159, 1426
1458, 527, 1205
1389, 1291, 1191
1356, 943, 1208
1046, 943, 551
1543, 1184, 767
945, 1140, 1200
1340, 944, 665
332, 989, 991
735, 998, 944
946, 401, 1156
1155, 972, 971
599, 947, 963
1472, 1469, 1460
2845, 948, 1183
783, 2828, 2829
509, 937, 950
1416, 913, 912
617, 871, 1302
1512, 365, 1093
1091, 1062, 1292
439, 1092, 437
466, 657, 952
397, 952, 657
652, 953, 582
619, 953, 660
955, 954, 498
547, 954, 497
956, 498, 603
661, 662, 957
1109, 1108, 592
603, 959, 956
653, 957, 662
954, 957, 497
888, 1302, 871
915, 1094, 1098
1109, 603, 92
1418, 1533, 593
1146, 1078, 425
869, 533, 378
496, 882, 504
1090, 915, 577
516, 455, 586
962, 1398, 444
571, 671, 1537
1189, 941, 1201
626, 667, 964
967, 1151, 2841
966, 2841, 665
1151, 667, 2841
966, 944, 998
1005, 1135, 1137
966, 998, 1194
908, 1119, 1152
639, 968, 630
616, 968, 607
346, 1153, 970
968, 969, 630
1154, 970, 226
630, 969, 970
1155, 540, 946
675, 971, 669
972, 1155, 1156
1157, 560, 1159
571, 1662, 909
1152, 967, 575
471, 974, 677
974, 676, 975
907, 676, 669
1347, 935, 852
1163, 678, 1166
690, 1435, 1174
670, 977, 641
619, 977, 680
619, 978, 613
981, 978, 680
615, 980, 979
681, 979, 983
978, 981, 615
982, 980, 976
680, 645, 981
1163, 1165, 523
1163, 1168, 976
983, 692, 681
980, 983, 979
692, 983, 982
673, 984, 674
687, 984, 646
992, 963, 947
1443, 707, 545
1203, 1178, 1183
486, 1140, 1176
963, 992, 705
989, 332, 132
1201, 941, 1455
947, 985, 992
992, 987, 705
1180, 1148, 1133
1134, 1132, 625
991, 1314, 332
1148, 947, 599
1134, 945, 1132
1321, 1319, 1320
1133, 599, 1317
994, 993, 133
779, 993, 709
994, 445, 1206
1185, 1339, 1177
996, 995, 152
734, 995, 730
1004, 996, 152
777, 1137, 997
997, 708, 998
730, 996, 997
1194, 998, 708
944, 966, 665
151, 999, 726
119, 1000, 193
121, 1000, 120
728, 1000, 194
695, 732, 1001
1002, 1001, 732
727, 1002, 732
1002, 735, 1181
812, 1003, 190
749, 1003, 740
776, 1004, 195
996, 1004, 777
1188, 153, 197
997, 1137, 708
779, 1006, 156
24, 1006, 778
1177, 994, 1206
1608, 1295, 1768
243, 191, 1008
741, 1009, 721
1008, 191, 1009
191, 721, 1009
819, 823, 1010
1011, 1010, 823
1011, 823, 1139
1011, 846, 1012
1013, 1012, 846
395, 1012, 259
847, 1013, 846
1014, 1013, 848
316, 1014, 848
1014, 268, 259
1432, 919, 1433
1542, 1667, 1541
1193, 1032, 830
1011, 1139, 853
827, 1017, 825
801, 802, 1018
832, 1017, 1018
801, 1018, 1017
773, 1184, 1021
1020, 1019, 1021
831, 1020, 829
832, 1019, 1020
773, 1021, 1019
1021, 1015, 1668
840, 844, 1022
1022, 1025, 1024
1025, 1023, 1024
1025, 1028, 1023
1025, 1022, 844
1024, 1023, 1026
856, 590, 844
590, 552, 1215
1026, 1023, 1196
283, 274, 1026
552, 852, 935
1159, 1121, 1157
590, 1028, 1025
1196, 1023, 574
1668, 1015, 1666
1034, 858, 1030
851, 1030, 849
1139, 1031, 853
1016, 1032, 1031
1032, 1033, 1031
830, 1032, 1016
1033, 1032, 1029
1542, 1033, 1029
857, 858, 1034
1031, 1034, 1030
857, 1034, 1033
1015, 1543, 1666
2843, 1035, 857
1174, 982, 1175
2843, 1348, 859
1037, 1542, 1541
1171, 452, 1036
1164, 1169, 1171
1036, 1120, 1171
1192, 1041, 939
1127, 134, 886
1197, 166, 137
1039, 1040, 863
921, 1205, 527
1484, 863, 1354
231, 461, 1065
1620, 1075, 1085
1207, 2846, 1045
142, 1045, 1043
421, 1279, 1383
943, 1046, 1214
1207, 1045, 142
1044, 1214, 1045
1214, 1046, 1045
874, 1209, 881
337, 1047, 386
898, 1047, 887
1212, 448, 1209
1249, 1240, 2848
65, 1049, 66
1054, 1049, 393
1216, 1217, 1050
417, 1224, 309
873, 1051, 384
217, 1227, 1225
1272, 1223, 1265
462, 1486, 917
1224, 1226, 1053
1237, 1225, 1229
393, 868, 1054
381, 1055, 250
1054, 868, 1055
1056, 1055, 868
1262, 341, 1258
1056, 1382, 1223
237, 381, 1057
1057, 381, 1058
381, 250, 1058
1489, 1058, 250
1059, 203, 318
1060, 1059, 391
365, 554, 937
1063, 1060, 1292
308, 576, 423
1063, 461, 1060
1080, 453, 916
1061, 1064, 1062
1064, 1063, 1062
336, 161, 1066
1069, 1064, 1061
1069, 1074, 1072
1069, 1072, 1064
1066, 161, 231
1071, 1066, 1065
1071, 1070, 1066
1077, 1067, 1069
1086, 1067, 1077
1064, 1072, 1063
1068, 1074, 1075
1091, 1292, 627
1074, 1069, 1067
1068, 1274, 1070
1079, 1076, 1070
1072, 1065, 1063
1070, 1071, 1068
1068, 1071, 1072
1072, 1071, 1065
1061, 528, 1077
1506, 1395, 1503
1075, 1074, 1067
1072, 1074, 1068
1385, 1277, 1384
1075, 1042, 1274
336, 1076, 301
1274, 1079, 1070
1061, 1077, 1069
624, 1909, 1916
1099, 1307, 1404
1081, 1280, 1391
875, 1275, 421
1076, 1083, 204
1288, 1290, 390
949, 456, 885
1085, 1075, 1067
1276, 1042, 1502
1298, 1503, 1073
1073, 1077, 528
1275, 1083, 1079
875, 204, 1083
2860, 2505, 1289
425, 1643, 1305
1086, 1085, 1067
1086, 1077, 2850
2850, 1077, 1073
1506, 2866, 1395
554, 1087, 1090
1090, 937, 554
391, 627, 1060
423, 135, 951
1080, 648, 460
949, 929, 1303
1098, 1104, 915
3007, 2752, 2753
1073, 488, 1298
1497, 1499, 1495
913, 532, 617
1288, 163, 1387
1396, 584, 1095
1100, 1107, 1096
1100, 1098, 1094
1307, 1806, 1798
434, 2779, 2778
1096, 1098, 1100
1660, 1661, 1930
1807, 1806, 1099
1812, 1924, 1920
1512, 554, 365
1660, 1104, 1096
1396, 444, 914
1102, 1284, 1798
1309, 1511, 1654
2650, 1917, 2199
1823, 1661, 1107
912, 1528, 1417
1405, 1513, 628
2654, 2107, 2108
1832, 1829, 1839
1161, 416, 1536
1096, 1104, 1098
1104, 1101, 2862
1645, 1511, 1397
586, 1308, 516
1403, 1514, 1655
1100, 2110, 2108
2661, 1094, 1400
1835, 1833, 1837
890, 91, 1108
91, 592, 1108
592, 959, 1109
603, 1109, 959
442, 1110, 470
1108, 1110, 890
906, 889, 407
1531, 922, 661
1530, 1529, 555
501, 959, 958
513, 2853, 2852
2844, 1122, 1172
1827, 901, 571
1099, 1404, 321
1343, 1424, 1345
407, 506, 1123
1534, 1536, 416
350, 1152, 1119
1123, 506, 1315
555, 1948, 1418
1761, 1361, 1372
1540, 919, 1036
1837, 1826, 1949
1163, 523, 679
2147, 1664, 2032
1132, 1322, 1321
975, 1113, 1122
906, 407, 1111
1420, 575, 1188
1172, 1438, 1167
1909, 624, 1401
1117, 452, 1171
480, 1124, 436
1125, 145, 1126
1124, 185, 1125
306, 1125, 185
926, 1126, 568
1125, 1126, 925
886, 134, 299
904, 159, 1039
1354, 863, 1041
1127, 1128, 1129
1485, 904, 1039
1523, 1311, 1522
708, 1135, 1194
1200, 948, 986
1975, 1698, 1590
1526, 1414, 1415
991, 989, 985
1317, 1316, 990
548, 502, 933
2845, 1199, 986
1322, 1132, 945
1455, 1319, 1201
705, 704, 963
785, 940, 508
1189, 1201, 1322
782, 1198, 712
740, 1190, 741
1189, 1199, 941
610, 1138, 611
1138, 431, 493
525, 1589, 1477
1355, 943, 1214
1204, 985, 1148
734, 614, 735
1418, 593, 555
973, 2113, 1932
900, 959, 501
893, 1844, 2024
956, 1143, 955
1142, 1533, 1826
454, 1641, 624
1654, 1793, 321
1398, 1402, 1907
542, 584, 1396
578, 589, 634
454, 624, 1078
1094, 1087, 1400
1788, 1789, 1642
1420, 1188, 197
1133, 1148, 599
1828, 1537, 1948
989, 987, 992
225, 1310, 1150
1150, 346, 969
2841, 667, 965
1151, 967, 1152
967, 2841, 1194
249, 1119, 229
346, 245, 1153
1153, 245, 2812
1154, 226, 2808
2842, 1154, 196
540, 1155, 971
1156, 1155, 946
1157, 401, 561
1157, 1156, 401
1159, 560, 1426
1156, 1157, 1121
1442, 1439, 1441
676, 1160, 1113
1427, 1312, 1426
1121, 1159, 1428
1156, 1121, 972
896, 1113, 1160
1825, 1662, 901
1846, 1836, 1665
974, 1162, 679
975, 678, 1162
1164, 1166, 1169
1165, 1163, 976
1174, 1175, 690
1166, 1168, 1163
980, 1165, 976
523, 981, 645
1170, 1169, 1166
1166, 1164, 1168
1170, 1167, 1169
1170, 2844, 1167
1168, 1164, 1173
976, 1168, 1175
1170, 1166, 678
1169, 1167, 1171
975, 2844, 678
1170, 678, 2844
1117, 1171, 1167
1036, 452, 1037
975, 676, 1113
1349, 1439, 2855
1171, 1120, 1164
1173, 1120, 919
692, 982, 1174
976, 1175, 982
1168, 1173, 1175
690, 1175, 1173
1186, 591, 1177
1180, 1204, 1148
1177, 591, 1185
1137, 1135, 708
1119, 908, 229
407, 933, 502
1198, 783, 2830
575, 1135, 1188
1328, 1330, 591
1123, 569, 476
1339, 709, 994
1041, 450, 939
1203, 526, 1178
575, 1194, 1135
1561, 2863, 1462
1956, 1195, 1850
1032, 1193, 1029
1478, 1479, 1341
1625, 1394, 1774
1206, 1186, 1177
1563, 1559, 1326
967, 1194, 575
1607, 2932, 1887
1324, 1327, 588
1198, 1187, 712
1051, 1216, 1050
486, 526, 1203
944, 1181, 735
1031, 1139, 1016
1195, 1178, 526
1021, 1184, 1015
823, 1016, 1139
1231, 1232, 1234
1041, 1192, 1354
1213, 1350, 942
1347, 852, 859
1028, 574, 1023
941, 1199, 1324
1200, 486, 1203
777, 1005, 1137
527, 942, 939
2855, 1215, 935
421, 1275, 1277
891, 1128, 904
1478, 524, 1191
155, 2828, 783
1447, 1452, 1451
1140, 1134, 1176
1133, 1317, 1445
1444, 1133, 1318
1203, 948, 1200
1186, 525, 1477
1212, 1209, 551
551, 1202, 1212
1341, 2305, 2083
1317, 599, 1316
945, 1200, 986
1134, 1140, 945
418, 1316, 1443
1199, 1189, 986
990, 1316, 418
1447, 1451, 1318
1279, 1211, 1383
1221, 1358, 2095
898, 1383, 1207
1219, 2847, 1218
551, 943, 1202
1459, 1323, 1461
1456, 1455, 941
1219, 1212, 1202
448, 881, 1209
1355, 1214, 1044
1027, 1342, 1028
1217, 1216, 380
1208, 943, 1355
1342, 574, 1028
1221, 1202, 1358
551, 1209, 1046
1040, 1197, 863
552, 590, 856
1217, 1210, 1231
1218, 380, 448
448, 1212, 1219
1210, 1217, 1218
1221, 1219, 1202
1221, 1233, 2847
2001, 2092, 1992
1244, 2874, 1248
1202, 1356, 1358
2572, 2574, 2181
1057, 1222, 427
1362, 1361, 1486
250, 1364, 1489
1261, 1378, 1725
233, 217, 1226
309, 1224, 1053
1228, 1229, 1230
1227, 1229, 1225
233, 1226, 1224
1238, 1225, 1237
1051, 1050, 1227
1050, 1230, 1229
1228, 1234, 1239
1225, 1238, 1226
1050, 1229, 1227
1228, 1240, 1237
1050, 1217, 1231
1230, 1231, 1234
1232, 1231, 1210
1050, 1231, 1230
1218, 2847, 1210
1232, 1048, 1234
1221, 2095, 3001
1232, 1233, 3000
1234, 1242, 1239
1228, 1230, 1234
1237, 1240, 1235
1257, 1264, 1254
1232, 3000, 1048
1244, 1236, 1239
1228, 1237, 1229
1226, 1238, 1053
1235, 1250, 1237
1241, 1247, 1250
1242, 1234, 1048
2848, 1245, 1246
1228, 1245, 1240
1239, 1246, 1245
1249, 1373, 1235
341, 178, 1258
1243, 2875, 2573
1239, 1242, 1244
1357, 2008, 2093
1881, 1389, 524
2875, 1242, 1048
2487, 2532, 2005
1228, 1239, 1245
1246, 1239, 1236
1260, 1246, 1259
1235, 1240, 1249
1250, 1247, 1238
1247, 1241, 1252
1742, 1757, 2876
1887, 1888, 1984
1259, 1246, 1236
1251, 1241, 1250
1237, 1250, 1238
1250, 1235, 1251
1260, 1263, 1374
1262, 1270, 1267
1252, 1241, 1257
309, 1252, 1255
1767, 1881, 1887
2077, 1263, 1256
1264, 1269, 1261
1266, 868, 341
1257, 1255, 1252
1254, 1262, 1258
1244, 1248, 1236
1263, 1260, 1256
1269, 1264, 1257
1255, 1257, 1254
340, 1255, 1258
1254, 1258, 1255
1259, 1236, 2930
1260, 1259, 1256
1220, 2094, 2323
1260, 1249, 2848
1235, 1373, 1251
868, 1382, 1056
1264, 1270, 1254
341, 1262, 1266
1720, 1376, 1271
1377, 1251, 1373
1269, 1257, 1241
1376, 1723, 1379
1270, 1878, 1267
1766, 1390, 1765
1267, 1266, 1262
868, 1266, 1382
1270, 1262, 1254
1056, 1381, 1364
1600, 1857, 1487
1373, 1374, 1377
1241, 1251, 1269
1378, 1251, 1377
1261, 1270, 1264
1268, 1600, 1487
2076, 2084, 2081
1380, 1376, 1379
1378, 1379, 1725
1288, 1490, 1290
2082, 2077, 2292
1375, 1273, 1271
1075, 1274, 1068
1079, 1274, 1042
1042, 1276, 1079
2850, 1299, 1086
1306, 1400, 1087
1275, 1276, 1277
1085, 1086, 1299
421, 1277, 1279
542, 914, 644
1081, 1393, 1280
1393, 1385, 1384
1277, 1385, 1279
1392, 1300, 1634
1384, 1283, 1393
1276, 1502, 1384
1784, 1634, 1300
1645, 1397, 372
1211, 1279, 1391
1300, 1392, 1508
1655, 1514, 1799
1304, 1278, 1305
1384, 1623, 1283
302, 205, 1286
1390, 2858, 3009
205, 303, 1286
1287, 1286, 303
423, 1287, 303
1287, 951, 2857
1490, 1388, 1290
936, 1288, 390
2857, 3009, 2856
1504, 1298, 1628
1490, 1288, 206
1620, 1621, 1502
787, 1191, 1291
1389, 1191, 524
1063, 1292, 1062
627, 1292, 1060
1366, 1291, 1389
1513, 1284, 1102
1297, 1091, 390
1283, 1635, 1393
1355, 1505, 1208
1622, 1299, 1780
1294, 1091, 1297
424, 1495, 1499
390, 1290, 1297
1769, 1890, 1388
1149, 2447, 2449
1639, 1775, 1777
1647, 1403, 1511
1300, 1508, 1082
530, 1088, 1494
1211, 1391, 1082
437, 1301, 890
485, 1301, 1092
531, 1302, 888
617, 1302, 605
1304, 929, 930
425, 1305, 1278
1278, 519, 1146
929, 1304, 1303
1278, 1304, 519
365, 1643, 1093
1404, 1309, 321
554, 1512, 1306
2195, 1931, 2191
869, 543, 477
2791, 2792, 2770
2780, 894, 1097
1093, 425, 1147
612, 1386, 894
879, 906, 550
345, 1310, 225
1485, 1484, 1483
1143, 900, 1142
676, 907, 1160
1453, 1553, 1555
991, 625, 1314
154, 1313, 419
1313, 1314, 625
1123, 1315, 569
905, 1315, 506
599, 704, 1316
1443, 1316, 704
1450, 1448, 990
1444, 486, 1176
1448, 1447, 1445
1557, 1444, 1318
1320, 449, 911
419, 1321, 1320
1321, 419, 1313
449, 1320, 1319
1132, 1321, 1313
1201, 1319, 1321
1189, 1322, 945
1321, 1322, 1201
1327, 1473, 588
1458, 1459, 527
1563, 1324, 1199
1326, 1327, 1324
1563, 1326, 1324
1567, 1569, 1466
2845, 1462, 1563
1325, 1463, 1326
1567, 1467, 1463
942, 1459, 1461
1182, 1331, 1330
591, 1186, 1328
1331, 1329, 1330
1713, 1329, 1337
1182, 1330, 1328
1329, 1332, 1335
1331, 1182, 1336
1329, 1331, 1337
2834, 2833, 1332
2830, 783, 2829
1182, 1698, 1336
1974, 1694, 1700
1337, 1331, 1474
1333, 1693, 1475
1329, 1335, 1330
1185, 1335, 1332
1718, 1182, 1328
1336, 1475, 1474
1474, 1331, 1336
1716, 1714, 1715
1527, 1659, 1338
1718, 1477, 1719
1177, 1339, 994
2828, 1339, 1185
674, 1340, 665
1181, 1340, 685
1179, 1007, 2832
2837, 2838, 2083
1027, 1343, 1342
1345, 574, 1342
1027, 1544, 1343
1158, 1159, 1421
1424, 1158, 1421
1425, 1346, 1344
1343, 1345, 1342
1346, 1345, 1344
1422, 1425, 1344
1346, 361, 1196
859, 1348, 1347
1038, 1349, 1348
2843, 859, 1035
1349, 1038, 1117
1167, 1438, 1117
1440, 1349, 1438
1353, 1350, 1213
1354, 1352, 1483
1353, 1565, 1351
1566, 1573, 1596
1350, 1482, 1192
1192, 1482, 1352
1469, 1470, 1468
1353, 1351, 1481
1192, 1352, 1354
1598, 1483, 1352
1081, 1391, 1279
1385, 1081, 1279
1356, 1208, 1359
1202, 943, 1356
1360, 1357, 1359
2096, 2007, 2008
1359, 1358, 1356
2095, 1358, 1357
1359, 1208, 1633
1358, 1359, 1357
1508, 1505, 1509
2000, 1993, 2092
462, 1222, 1362
1364, 1381, 1268
1222, 1052, 1362
1600, 1381, 1272
1270, 1877, 1878
1721, 1265, 1368
1052, 1489, 1371
1361, 1370, 1372
1223, 1382, 1265
1369, 1268, 1733
1361, 1362, 1370
1722, 1857, 1721
1056, 1223, 1381
1486, 1762, 917
1744, 1747, 1751
1602, 1750, 1747
1735, 1370, 1365
1763, 1761, 1372
1489, 1364, 1369
1362, 1371, 1370
1365, 1603, 1733
1735, 1604, 1372
206, 1388, 1490
1748, 1740, 1367
1374, 1249, 1260
1373, 1249, 1374
1375, 1263, 1273
1376, 1375, 1271
1726, 1731, 1732
1263, 1375, 1374
1727, 1728, 1730
1377, 1379, 1378
1374, 1375, 1380
1269, 1378, 1261
1251, 1378, 1269
1374, 1380, 1377
1265, 1382, 1267
1261, 1725, 1877
1376, 1380, 1375
1377, 1380, 1379
1364, 1268, 1369
1487, 1734, 1268
1266, 1267, 1382
1725, 1379, 1723
1383, 1211, 2846
421, 1383, 898
1144, 628, 1386
1082, 1044, 2846
1276, 1384, 1277
1393, 1081, 1385
1309, 1404, 586
1509, 1044, 1082
2849, 1387, 163
2856, 1387, 1285
1492, 1388, 206
2998, 1616, 1618
1882, 1366, 1389
1291, 1366, 459
1491, 1884, 1765
2858, 1293, 2859
1280, 1393, 1635
1290, 1609, 1768
1494, 424, 530
1510, 1635, 1636
459, 1366, 1764
1773, 1504, 1781
1503, 1298, 1626
1638, 1640, 1636
1633, 1632, 1360
479, 1409, 1411
1410, 1402, 2851
1511, 1106, 1397
1517, 1515, 1516
578, 454, 1146
2791, 1513, 1102
1926, 1118, 1811
1512, 1093, 2015
1402, 1398, 962
1095, 433, 1408
962, 1409, 2851
1147, 425, 1078
1792, 2015, 1093
1099, 1806, 1307
2778, 2779, 2791
1308, 1405, 628
586, 960, 1106
1405, 1307, 1284
455, 1406, 960
149, 1406, 597
514, 1407, 584
884, 1407, 468
504, 1408, 496
1095, 1408, 479
1409, 478, 1410
1411, 1409, 962
478, 507, 1515
507, 1516, 1515
444, 1411, 962
1411, 1396, 1095
1762, 1412, 917
1653, 1412, 489
1351, 1594, 1481
1413, 1524, 1592
934, 1656, 1522
1414, 1311, 1415
1527, 1415, 1311
1477, 1589, 1657
1417, 1416, 912
593, 1416, 1530
1528, 912, 605
1417, 1101, 1529
901, 1827, 1823
501, 1533, 1142
1315, 1419, 418
905, 990, 1419
229, 1420, 197
575, 1420, 908
1312, 1422, 1421
1422, 1424, 1421
1425, 1312, 2852
1424, 1422, 1344
2852, 1312, 1427
282, 1423, 2854
1345, 1424, 1344
1424, 1343, 1158
1312, 1425, 1422
1425, 1423, 1480
1427, 1426, 560
1421, 1426, 1312
562, 1427, 560
1427, 513, 2852
1158, 896, 1428
1160, 1428, 896
1111, 502, 1535
1534, 416, 1829
1531, 895, 922
1836, 1141, 1665
1540, 1036, 1541
1015, 1184, 1543
919, 1540, 1433
1436, 1437, 1434
1543, 1433, 1431
769, 1437, 1436
690, 1432, 1434
1434, 1432, 1436
690, 1434, 1435
697, 1435, 1434
1432, 1433, 1436
769, 1436, 1433
770, 1437, 769
697, 1434, 1437
1440, 1438, 1172
1349, 1117, 1438
1172, 1441, 1440
1544, 2855, 1439
1172, 1122, 1441
1349, 1440, 1439
1442, 1441, 896
1439, 1440, 1441
1158, 1442, 896
1442, 1343, 1544
707, 1443, 704
418, 1443, 545
1133, 1444, 1176
1557, 1318, 1451
1447, 1448, 1446
1318, 1133, 1445
1446, 1448, 1450
1454, 1195, 526
1448, 1445, 1317
1447, 1446, 1452
1317, 990, 1448
1450, 990, 905
1547, 1670, 1450
1454, 1681, 1195
879, 1545, 905
1450, 905, 1545
1449, 1454, 1451
486, 1557, 526
1452, 1446, 1670
1451, 1452, 1449
1547, 1546, 1551
1556, 1672, 1555
1454, 1449, 1681
1557, 1454, 526
1456, 941, 588
1205, 1558, 1458
1473, 1456, 588
1558, 1456, 1323
1319, 1455, 1457
1455, 1456, 1558
1558, 1205, 1457
1459, 1458, 1323
1323, 1460, 1461
527, 1459, 942
1467, 1472, 1327
1327, 1326, 1463
1471, 1461, 1460
1213, 942, 1461
1195, 1956, 1178
1136, 1678, 1850
1565, 1564, 1566
1327, 1463, 1467
1568, 1573, 1574
1460, 1469, 1471
1466, 1569, 1582
1464, 1471, 1468
1569, 1577, 1582
1471, 1469, 1468
1469, 1472, 1470
1565, 1213, 1464
1570, 1467, 1567
1567, 1325, 1569
1564, 1576, 1574
1470, 1570, 1572
1471, 1213, 1461
1351, 1565, 1566
1565, 1464, 1564
1467, 1570, 1470
1473, 1472, 1460
1472, 1473, 1327
1460, 1323, 1473
1456, 1473, 1323
1475, 1336, 1333
1337, 1474, 1586
1696, 1693, 1702
1337, 1586, 1334
1715, 1714, 1334
1716, 1717, 1476
525, 503, 1589
1477, 1338, 1719
1479, 1478, 1191
1983, 1478, 1341
940, 1479, 1191
1341, 1479, 1179
361, 1346, 1480
1480, 1346, 1425
1594, 1593, 1481
1483, 1598, 1112
1350, 1353, 1482
1481, 1482, 1353
891, 1485, 1112
1485, 1039, 1484
863, 1484, 1039
1354, 1483, 1484
1112, 1485, 1483
1485, 891, 904
1362, 1486, 462
1762, 1361, 1761
1371, 1603, 1370
1362, 1052, 1371
1052, 1058, 1489
1381, 1223, 1272
1364, 250, 1056
1603, 1369, 1733
1882, 1881, 1767
1491, 457, 1884
1491, 1390, 3009
2856, 1492, 206
1492, 3009, 2858
1985, 2089, 1619
1618, 2864, 1613
1294, 1295, 1494
1495, 1295, 1296
1497, 1495, 1296
424, 1494, 1495
1496, 1497, 1500
1629, 1782, 1628
1770, 1500, 1497
1497, 1496, 1499
1771, 1296, 1608
1630, 1612, 637
637, 1610, 1630
424, 1499, 1629
1770, 1497, 1296
1612, 1496, 1501
1612, 1501, 1611
1612, 1611, 637
1042, 1620, 1502
1085, 1299, 1621
1503, 1395, 2850
1626, 1298, 1504
1628, 1298, 488
1782, 1496, 1612
1783, 1505, 1392
1359, 1633, 1360
1626, 1772, 1506
1780, 1786, 1622
1905, 1904, 1902
1892, 1897, 1634
1392, 1505, 1508
1509, 1505, 1355
1044, 1509, 1355
1082, 1508, 1509
1283, 1636, 1635
1785, 1634, 1784
1514, 1403, 1794
321, 1793, 1099
1146, 454, 1078
1306, 1087, 554
618, 1820, 1822
1513, 141, 628
1816, 1929, 1812
1516, 507, 434
1410, 478, 1515
2895, 2782, 3008
2689, 2676, 2688
1520, 1518, 1519
1410, 1519, 1402
1517, 1516, 1520
2188, 2011, 2187
1520, 1519, 1517
1519, 1518, 3007
2723, 2725, 2726
2520, 2332, 2518
1523, 1131, 1658
1414, 1522, 1311
934, 1522, 1414
1523, 1522, 1521
2067, 1523, 2068
2282, 1595, 1687
1593, 1112, 1598
1525, 1524, 1413
1521, 1525, 1413
891, 1525, 1129
412, 1526, 503
1414, 1526, 413
1311, 1658, 1527
1659, 1527, 2865
577, 2862, 605
1528, 605, 2862
1101, 1660, 1529
1096, 1661, 1660
1416, 1417, 1530
1529, 1530, 1417
1661, 1827, 1828
2125, 1942, 2208
2118, 2114, 1941
901, 1662, 571
593, 1533, 501
1949, 1948, 1835
1832, 903, 1534
1826, 1418, 1949
1534, 1535, 1536
2031, 2144, 2145
1114, 1536, 1535
922, 895, 1834
1663, 1841, 1838
1825, 2025, 1662
2121, 1932, 2028
1836, 2877, 1141
2030, 1531, 1946
1964, 1967, 1851
1541, 1036, 1037
1433, 1540, 1431
1037, 857, 1542
1431, 1540, 1541
1033, 1542, 857
1667, 1666, 1431
1543, 1431, 1666
1669, 1543, 767
2855, 1544, 1027
1442, 1544, 1439
550, 1546, 879
1545, 879, 1546
1550, 1546, 550
1553, 1670, 1547
1545, 1546, 1547
1550, 1551, 1546
1115, 2922, 550
903, 1535, 1534
1115, 1429, 2144
1552, 1551, 1549
550, 2922, 2924
1550, 1549, 1551
1549, 2927, 1552
1547, 1551, 1553
1672, 1556, 1681
1553, 1453, 1670
1551, 1552, 1553
1555, 1552, 1554
1548, 1671, 1552
1554, 1552, 1671
1552, 1555, 1553
1555, 1554, 1556
1673, 1556, 1554
1681, 1136, 1195
1444, 1557, 486
1454, 1557, 1451
1458, 1558, 1323
1455, 1558, 1457
1958, 1178, 1956
1562, 1325, 2863
1678, 1136, 1676
2045, 2156, 1581
2055, 1958, 1961
1690, 1689, 1578
1561, 1960, 2041
1470, 1472, 1467
2845, 1563, 1199
1559, 1563, 1462
1464, 1213, 1471
1580, 1470, 1572
1213, 1565, 1353
1564, 1573, 1566
1573, 1568, 1596
1325, 1567, 1463
1567, 1466, 1570
1464, 1576, 1564
2169, 2284, 2291
1562, 1577, 1325
1569, 1325, 1577
1583, 1689, 1690
1571, 1570, 1466
1685, 1574, 1684
1570, 1571, 1572
1576, 1584, 1574
1579, 1852, 1682
1574, 1573, 1564
2283, 1686, 2284
1584, 1683, 1579
1584, 1579, 1574
2287, 2288, 2284
2168, 2066, 2067
1464, 1468, 1576
1580, 1576, 1468
2863, 2041, 1562
1577, 2044, 1582
1692, 1571, 1691
1466, 1690, 1691
1571, 1465, 1683
1684, 1574, 1579
1470, 1580, 1468
1584, 1580, 1572
2050, 1130, 2157
2048, 2043, 2039
1562, 2044, 1577
1583, 1130, 1689
1582, 2044, 1583
1691, 1690, 1578
1580, 1584, 1576
1683, 1572, 1571
1712, 1711, 1854
2073, 2072, 1979
1474, 1475, 1586
1475, 1693, 1587
1711, 1704, 130
1586, 1587, 2073
1334, 1714, 1337
2831, 2835, 2832
1526, 1589, 503
1657, 1415, 1527
1694, 1699, 1701
1718, 1698, 1182
1595, 1594, 1351
1596, 1595, 1351
1112, 1592, 1524
2168, 1592, 1591
1591, 1592, 1593
1112, 1593, 1592
1566, 1596, 1351
1591, 1593, 1594
1596, 1687, 1595
1591, 1594, 1595
1685, 129, 2966
1523, 2067, 2064
2966, 1688, 2287
2966, 1596, 1568
1352, 1481, 1598
1593, 1598, 1481
1487, 2867, 1750
1720, 1732, 1731
1272, 1721, 1600
1368, 1722, 1721
1724, 1723, 1376
1876, 1725, 1601
1751, 1743, 1741
1372, 1604, 1367
1370, 1603, 1365
1371, 1369, 1603
1602, 1736, 1365
1365, 1736, 1604
1367, 1604, 1741
2019, 1605, 1927
2085, 1606, 2086
2090, 1989, 2091
524, 1983, 1888
1607, 1887, 2079
1768, 1295, 1297
1616, 1498, 1617
1492, 2859, 1388
1889, 1608, 1768
1781, 162, 1773
1496, 1782, 1499
1781, 1631, 1610
2860, 1498, 1616
1613, 2426, 1615
1611, 1501, 2860
2089, 1613, 1619
2592, 2507, 2994
2998, 2999, 2997
1615, 2993, 2997
2860, 1616, 2505
2429, 2547, 2594
1770, 1617, 1498
2993, 2994, 2507
1608, 1493, 1771
1613, 2864, 1619
1617, 2864, 1616
1771, 1619, 2864
1609, 1890, 1493
2089, 1985, 1891
1075, 1620, 1042
1621, 1620, 1085
1299, 1622, 1621
1623, 1621, 1624
1395, 1627, 1780
1624, 1282, 1283
1384, 1502, 1623
1623, 1502, 1621
1282, 1624, 1622
1283, 1623, 1624
1504, 1773, 1626
1506, 1503, 1626
1625, 1772, 1773
1774, 2866, 1772
1778, 1777, 1775
488, 1629, 1628
1782, 1629, 1499
424, 1629, 488
1782, 1612, 1630
1782, 1631, 1628
1631, 1504, 1628
1897, 1898, 1634
1610, 1631, 1630
2000, 1894, 1999
1208, 1505, 1633
1633, 1505, 1783
1784, 1300, 1280
1892, 1634, 1785
1636, 1283, 1282
1280, 1635, 1510
1282, 1638, 1636
1510, 1636, 1640
1282, 1639, 1638
1640, 1895, 1893
1622, 1786, 1282
1638, 1637, 1640
2866, 1775, 1627
1637, 1638, 1639
1281, 1895, 1779
1899, 1787, 1893
578, 1641, 454
602, 1401, 1641
1907, 1908, 1398
2013, 2012, 1792
1305, 1643, 365
425, 1093, 1643
1915, 1916, 1909
2189, 2192, 1644
1649, 1648, 372
1511, 1645, 1647
181, 1651, 1649
1652, 1919, 1650
1650, 1645, 1648
1645, 1650, 1647
372, 374, 1649
1648, 1646, 1650
181, 312, 1651
1646, 1648, 1649
1653, 1797, 1651
1650, 1646, 1652
1653, 1651, 213
1649, 1651, 1797
1820, 1807, 1818
1754, 1799, 1514
1795, 1653, 213
2019, 1796, 489
1309, 1654, 321
1403, 1654, 1511
1647, 1794, 1403
1805, 1808, 1803
1525, 1656, 1129
1522, 1656, 1521
1477, 1657, 1338
1589, 1415, 1657
1523, 1658, 1311
2865, 1658, 1131
2063, 2065, 2164
1659, 1972, 1976
1104, 1660, 1101
1661, 1096, 1107
1823, 1107, 1103
1529, 1930, 1828
1828, 1827, 1537
1107, 2108, 2107
1834, 1663, 1838
1962, 1970, 2223
1841, 1843, 1838
1841, 1663, 1842
2106, 1149, 1103
1539, 1663, 895
1431, 1541, 1667
829, 1021, 1668
1542, 1029, 1667
1029, 1193, 1668
1666, 1667, 1668
1029, 1668, 1667
771, 1669, 767
1433, 1669, 769
1452, 1670, 1453
1450, 1670, 1446
2924, 1549, 1550
1673, 1677, 1676
1452, 1672, 1449
1555, 1672, 1453
1671, 1674, 1554
1673, 1554, 1674
1963, 1671, 1964
1673, 1676, 1136
1675, 1677, 1680
1957, 1956, 1850
1677, 1673, 1674
1678, 1676, 1675
1962, 1674, 1963
1675, 1676, 1677
1953, 1678, 1675
1136, 1850, 1195
1674, 1671, 1963
2238, 2253, 2245
1674, 1680, 1677
1953, 2034, 2036
1672, 1681, 1449
1136, 1681, 1556
1572, 1683, 1584
1683, 1852, 1579
1682, 129, 1684
1684, 1579, 1682
1684, 129, 1685
2284, 2288, 1575
1574, 1685, 1568
129, 2286, 2966
2063, 2070, 2062
2282, 1687, 1686
2169, 2069, 2285
1596, 1597, 1687
1466, 1582, 1690
1690, 1582, 1583
1571, 1692, 1465
1466, 1691, 1571
1702, 1701, 1705
1691, 1578, 1692
1587, 1693, 1585
1694, 1702, 1333
1709, 1697, 1708
1704, 1696, 1705
1699, 1971, 1703
1697, 1705, 1708
1704, 1705, 1707
1972, 1853, 1971
2060, 1972, 1659
1700, 1333, 1336
1333, 1700, 1694
1702, 1694, 1701
1693, 1696, 1585
1336, 1698, 1700
1590, 1976, 1975
1702, 1693, 1333
1707, 130, 1704
1714, 1713, 1337
1703, 1701, 1699
2071, 2170, 2167
1702, 1705, 1696
1696, 1704, 1585
1708, 1705, 1701
1701, 1703, 1708
2397, 2389, 2402
1705, 1697, 1707
1709, 1703, 1695
1711, 1712, 1977
1703, 1709, 1708
1711, 1585, 1704
1587, 1585, 1856
1855, 1977, 1978
1585, 1711, 1856
1334, 2073, 2878
2834, 1713, 1588
1713, 1714, 1588
2496, 2376, 0
1714, 1716, 1588
1717, 1716, 1715
1476, 1588, 1716
2081, 2084, 1886
1888, 1983, 2081
1477, 1718, 1186
1698, 1718, 1590
1719, 1338, 1976
1718, 1719, 1590
2871, 1866, 2869
1723, 1724, 1601
1265, 1721, 1272
1722, 1368, 1363
1601, 1728, 1599
1721, 1857, 1600
1724, 1376, 1720
1723, 1601, 1725
1862, 1599, 1727
1726, 2869, 2872
1601, 1599, 1876
1877, 1270, 1261
1724, 1730, 1728
1861, 1862, 1865
1720, 1731, 1724
1599, 1728, 1727
1729, 1863, 1867
1599, 1363, 1876
1862, 1863, 1865
1728, 1601, 1724
1727, 1864, 1863
1726, 1730, 1731
1724, 1731, 1730
1271, 1879, 1720
1732, 1720, 1879
1734, 1733, 1268
1365, 1733, 1602
1750, 1734, 1487
1733, 1734, 1602
1370, 1735, 1372
1365, 1604, 1735
1744, 1604, 1736
1741, 1748, 1367
1753, 1739, 1758
1923, 2102, 1925
1883, 2876, 1745
1747, 1752, 1751
1750, 1745, 1747
1751, 1741, 1744
1743, 1739, 1748
1750, 2867, 2868
1752, 1757, 1737
1743, 1748, 1741
1760, 1738, 1758
1739, 1743, 1758
1805, 1799, 1754
1751, 1752, 1737
1602, 1747, 1736
1740, 1605, 1763
1736, 1747, 1744
1744, 1741, 1604
1739, 1746, 1748
1746, 1739, 1753
2876, 1757, 1752
1757, 1760, 1737
1817, 1927, 1740
1748, 1746, 1740
1804, 1810, 1655
1734, 1750, 1602
1860, 1859, 1857
1752, 1747, 1745
1751, 1737, 1743
2868, 1756, 1883
2929, 1885, 144
1743, 1737, 1760
1794, 1650, 1919
2896, 2903, 2906
1102, 1798, 1800
2934, 2335, 2933
1794, 1754, 1514
1874, 1756, 1859
1742, 2876, 1253
1754, 1794, 1919
1738, 1760, 1759
1924, 2201, 2101
1760, 1757, 1759
1757, 1742, 1759
1743, 1760, 1758
1763, 1372, 1367
2020, 1605, 2019
2020, 1761, 1605
1762, 2020, 1412
1740, 1763, 1367
1605, 1761, 1763
1764, 1366, 2086
1606, 1766, 1765
1765, 1390, 1491
459, 1764, 1765
1987, 1986, 2879
1766, 1293, 2858
1389, 1881, 1882
1989, 2087, 1988
1290, 1768, 1297
1493, 1889, 1609
1769, 2879, 1986
1891, 1985, 1890
1500, 1770, 1498
1296, 1617, 1770
1771, 1493, 1985
1296, 1771, 1617
1625, 1774, 1772
1773, 1772, 1626
1625, 1773, 162
1775, 1774, 1394
2866, 1627, 1395
1779, 1777, 1776
1627, 1775, 1639
1779, 1776, 1281
1775, 1394, 1778
1637, 1639, 1777
1394, 1776, 1778
1777, 1778, 1776
1893, 1785, 1640
1637, 1777, 1779
1395, 1780, 1299
1786, 1780, 1627
1631, 1781, 1504
1610, 162, 1781
1501, 1496, 1500
1630, 1631, 1782
1898, 1783, 1392
1633, 1783, 1632
1280, 1510, 1784
1892, 1893, 1787
1784, 1510, 1785
1640, 1785, 1510
1627, 1639, 1786
1282, 1786, 1639
1898, 1392, 1634
1785, 1893, 1892
1145, 444, 1789
1788, 1642, 1910
1145, 1789, 1788
444, 1398, 1789
1792, 2012, 1644
1911, 2182, 2183
1642, 1908, 1912
2009, 1791, 1909
1078, 1916, 1147
1792, 1644, 2014
1816, 1812, 1808
1798, 618, 1822
1650, 1794, 1647
1655, 1799, 1804
311, 1795, 213
320, 1653, 1795
1652, 1918, 1118
1646, 1918, 1652
1918, 1797, 1796
1649, 1797, 1646
1746, 1753, 1755
1805, 1801, 1808
1921, 1802, 1804
1307, 1798, 1284
1928, 1755, 1929
1801, 1811, 1808
1403, 1655, 1793
2699, 2723, 2726
1803, 1920, 1922
618, 1806, 1807
1799, 1813, 1804
1799, 1805, 1813
1807, 1810, 1818
1801, 1805, 1754
1805, 1803, 1809
1807, 1099, 1793
1798, 1806, 618
1810, 1793, 1655
1807, 1793, 1810
1118, 1926, 1652
1803, 1815, 1809
2200, 1755, 1753
1923, 1802, 1921
1802, 1819, 1804
2105, 1818, 1819
1811, 1927, 1817
1817, 1816, 1811
1803, 1808, 1812
1816, 1808, 1811
1805, 1809, 1813
1813, 1809, 1921
1802, 1923, 1925
1822, 1800, 1798
1753, 1758, 2929
2017, 2204, 1920
1927, 1811, 1118
1817, 1929, 1816
1928, 1817, 1740
2335, 2934, 2935
1819, 1818, 1810
1820, 1818, 1814
1804, 1819, 1810
1802, 2018, 2105
1820, 1814, 1821
1807, 1820, 618
1814, 1818, 2105
2694, 2699, 2781
1820, 1821, 1822
2798, 1822, 1821
1824, 973, 1932
1661, 1823, 1827
1951, 2026, 1538
1951, 1933, 2026
901, 1103, 1825
1834, 1829, 416
1535, 903, 1429
1829, 1834, 1838
1103, 901, 1823
408, 1142, 1826
408, 1826, 1946
555, 1529, 1828
1829, 1838, 1839
1842, 2877, 1841
1835, 671, 1833
1950, 1539, 2030
2122, 1944, 2125
671, 1830, 1833
1840, 1839, 1838
2032, 2033, 1952
1665, 1934, 1831
1950, 1837, 1951
1935, 1934, 1141
1840, 1664, 1839
2027, 1844, 893
671, 909, 1830
1829, 1832, 1534
2146, 1832, 1664
1834, 895, 1663
1539, 895, 2030
1833, 1830, 1933
922, 1834, 416
1840, 1838, 1843
1832, 1839, 1664
1843, 1848, 2033
1842, 1663, 1539
1841, 1836, 1843
1539, 1538, 1842
2026, 2877, 1538
1836, 1846, 1843
1848, 1843, 1846
1944, 1945, 1942
2056, 1968, 2163
2024, 2112, 1430
909, 1844, 1830
1665, 1141, 1934
2121, 2124, 2128
1824, 1847, 1848
2155, 2243, 2242
1665, 1937, 1846
1848, 1847, 2033
1675, 2034, 1953
2038, 2043, 1955
2037, 1850, 1678
1960, 2054, 1959
1851, 1963, 1964
1966, 2056, 2058
2060, 1659, 2061
1683, 1465, 1852
1703, 1971, 1973
2984, 2493, 3010
1711, 130, 1854
1855, 3016, 2544
1977, 1856, 1711
2072, 2544, 1979
1860, 1857, 1722
1857, 1859, 2867
1722, 1861, 1860
1872, 1873, 1874
1874, 1858, 1872
1756, 1874, 1488
1861, 1722, 1363
1859, 1860, 1858
1363, 1599, 1862
1858, 1860, 1861
1863, 1862, 1727
1363, 1862, 1861
1727, 1730, 1864
1870, 1865, 1863
1730, 1726, 1864
1867, 1863, 1864
1870, 1871, 1869
1858, 1861, 1865
1732, 2869, 1726
2872, 1864, 1726
1868, 1729, 1867
1871, 1863, 1729
2872, 1868, 1867
1872, 1865, 1870
1872, 1870, 1869
1873, 1488, 1874
1863, 1871, 1870
1865, 1872, 1858
1981, 1875, 1756
1872, 1869, 1873
1859, 1858, 1874
1875, 1253, 2876
916, 1884, 457
1363, 1368, 1876
1267, 1878, 1265
1725, 1876, 1877
1876, 1368, 2873
2873, 1877, 1876
1265, 1878, 2873
1273, 2077, 2080
1271, 1273, 2080
2307, 2175, 2306
2084, 2306, 2310
459, 1765, 1884
2080, 2077, 2082
1888, 1881, 524
2079, 1982, 2385
1875, 1883, 1756
2086, 1882, 1767
1758, 1738, 1885
1745, 1750, 2868
1881, 1888, 1887
2078, 2294, 2296
1888, 2081, 1984
524, 1478, 1983
1608, 1889, 1493
1768, 1609, 1889
1388, 1890, 1609
1890, 1769, 1891
1293, 1766, 1987
1986, 1891, 1769
1904, 1897, 1787
1895, 1640, 1637
1893, 1900, 1899
1787, 1899, 1902
1905, 1991, 1995
1779, 1895, 1637
1899, 1901, 1902
1787, 1897, 1892
1900, 1896, 1899
1897, 1894, 1898
2000, 1898, 1894
1783, 1898, 1632
1900, 1893, 1895
1901, 1899, 1896
1895, 1281, 1900
1281, 1896, 1900
1896, 1507, 1901
1901, 1507, 1902
1905, 1999, 1904
1897, 1904, 1894
1787, 1902, 1904
1906, 1905, 1902
1507, 1906, 1902
382, 1991, 1903
1905, 1903, 1991
1507, 1903, 1906
1903, 1905, 1906
3007, 2753, 1907
1908, 1907, 1790
1912, 1908, 1790
1908, 1642, 1789
1401, 1788, 1910
1909, 1791, 1915
2009, 1642, 1911
1909, 1910, 2009
1911, 1912, 1914
1914, 2182, 1911
2010, 2097, 1790
1642, 1912, 1911
2097, 1913, 1914
2746, 2986, 2516
1790, 1914, 1912
2098, 2182, 2185
2099, 2012, 1915
1792, 1147, 2013
624, 1916, 1078
2013, 1916, 1915
2193, 2442, 2100
1917, 961, 2861
1797, 1918, 1646
1118, 1918, 1796
1926, 1919, 1652
1754, 1919, 1801
1922, 2103, 1815
1920, 1803, 1812
1813, 1921, 1804
1923, 1921, 1809
1922, 1815, 1803
2103, 1923, 1815
2898, 2888, 2897
1923, 1809, 1815
2204, 2103, 1922
1924, 1812, 1929
2018, 2880, 1814
1802, 1925, 2018
1811, 1801, 1926
1919, 1926, 1801
2019, 1927, 1118
1740, 1927, 1605
1740, 1746, 1928
1755, 1928, 1746
1924, 1929, 1755
1928, 1929, 1817
1660, 1930, 1529
1661, 1828, 1930
2332, 2333, 2193
1937, 1848, 1846
1830, 1844, 2023
2112, 909, 1662
2339, 1430, 2445
1831, 1936, 1941
1935, 1933, 2023
1934, 1935, 1936
1934, 1936, 1831
1938, 1935, 2027
1936, 1935, 1938
973, 1824, 1937
1848, 1937, 1824
1942, 1938, 893
1941, 1936, 1945
2132, 2124, 2127
2114, 2113, 973
1941, 1945, 1944
2458, 2125, 2457
1945, 1936, 1938
2029, 2207, 2338
2450, 2451, 2339
1942, 893, 1940
1942, 1945, 1938
1826, 1837, 1946
2115, 2028, 2117
2117, 2211, 2338
2024, 1940, 893
1940, 2339, 2209
1840, 2032, 1664
1837, 1950, 2030
2136, 1952, 2033
1828, 1948, 555
1537, 1835, 1948
1948, 1949, 1418
1837, 1949, 1835
1951, 1837, 1833
1538, 1539, 1950
1933, 1951, 1833
1538, 1950, 1951
2135, 1824, 2128
2146, 2145, 903
2034, 1675, 1680
2043, 2038, 2039
2247, 2245, 2253
2036, 2057, 1849
1953, 2038, 1678
2037, 2038, 1955
2037, 1957, 1850
1178, 1958, 1183
1955, 1959, 1957
2042, 1955, 2043
2054, 1956, 1957
2054, 1961, 1958
2042, 1959, 1955
2042, 2041, 1959
1961, 1960, 1561
1960, 1961, 2054
1561, 1462, 1961
2055, 1961, 1462
1674, 1962, 1680
1967, 2234, 1851
1964, 1671, 1548
1962, 1963, 1851
2163, 1965, 2056
1966, 1967, 1968
1952, 2150, 2147
1966, 2234, 1967
2154, 2241, 2155
1970, 1851, 2234
1968, 1964, 1548
2162, 1966, 2058
1964, 1968, 1967
2926, 2927, 2925
2058, 2341, 2347
2254, 2223, 2238
1851, 1970, 1962
2240, 2348, 2236
1971, 1699, 1972
2167, 2065, 2165
1974, 1699, 1694
1975, 1976, 1974
2164, 2065, 2170
1973, 1695, 1703
1700, 1698, 1975
1699, 1974, 1972
1719, 1976, 1590
1700, 1975, 1974
1659, 1976, 1338
1974, 1976, 1972
1978, 1710, 3014
1856, 1977, 1855
2990, 2878, 1979
1977, 1712, 1978
1587, 1856, 2072
2294, 2074, 2298
2078, 2074, 2294
2378, 2310, 2315
1756, 1488, 1981
2384, 2321, 2383
2076, 2083, 1980
1984, 2081, 1886
2395, 1984, 1886
2079, 1984, 1982
1771, 1985, 1619
1890, 1985, 1493
1989, 1987, 2085
1986, 1987, 1989
1766, 1606, 1987
1989, 2085, 2087
2088, 1607, 2384
1613, 1990, 2426
2085, 1987, 1606
2599, 2179, 1614
2089, 1891, 2090
1990, 2090, 2091
1991, 382, 1996
1905, 1995, 1999
2371, 1994, 2580
2364, 1880, 2362
1991, 1997, 1995
2002, 2000, 2092
2547, 2428, 2992
2488, 2373, 2371
1991, 1996, 1997
1999, 1995, 1993
2486, 2503, 1992
2581, 2580, 2541
2531, 2535, 2578
1993, 1995, 1997
2002, 1632, 2000
2498, 2497, 2488
2000, 1999, 1993
1999, 1894, 1904
1997, 2092, 1993
2000, 1632, 1898
2673, 2691, 2657
2007, 1992, 2487
2096, 2002, 2001
1360, 1632, 2002
2503, 2486, 2489
2576, 2495, 2181
2584, 2546, 2400
2362, 1880, 2358
2093, 2094, 1220
2005, 2008, 2007
2423, 2502, 2380
2582, 2541, 2657
382, 2006, 1996
2093, 2008, 2005
1357, 1360, 2008
2096, 2008, 1360
1642, 2009, 1910
2183, 2009, 1911
2753, 2752, 2010
2698, 2699, 2696
2098, 2187, 2011
1644, 2012, 2189
2099, 1915, 1791
2190, 2189, 2012
1916, 2013, 1147
2012, 2013, 1915
2199, 2014, 1644
2015, 2014, 1917
2014, 2015, 1792
2015, 1917, 2861
1749, 2204, 2017
1920, 2204, 1922
2336, 2906, 2102
2200, 2935, 2201
2890, 2887, 2884
1796, 2019, 1118
2020, 2019, 489
1412, 2020, 489
2020, 1762, 1761
2106, 1103, 2107
2605, 2606, 2521
2127, 2140, 2137
2134, 2111, 2132
2023, 1844, 2027
1933, 1830, 2023
2112, 2024, 1844
1940, 2024, 1430
2445, 2025, 1149
1662, 2025, 1430
1935, 2026, 1933
2877, 2026, 1141
1938, 2027, 893
2023, 2027, 1935
2122, 2130, 2119
2113, 2028, 1932
2123, 2116, 2121
2118, 1941, 2119
1531, 2030, 895
1837, 2030, 1946
2145, 1429, 903
2923, 2922, 2031
2033, 2032, 1840
2147, 2032, 1952
2033, 1840, 1843
2033, 1847, 2136
2035, 2034, 1680
2036, 1849, 2039
2223, 1680, 1962
2239, 1969, 2249
2035, 2036, 2034
2245, 2260, 2248
2038, 2037, 1678
1957, 2037, 1955
2039, 1953, 2036
2038, 1953, 2039
2158, 2040, 2051
2043, 2051, 2040
1959, 2041, 1960
1581, 2042, 2045
2041, 1581, 2049
2045, 2042, 2040
2041, 2042, 1581
2048, 2039, 1849
2042, 2043, 2040
1562, 2049, 2044
2156, 2244, 2053
2040, 2046, 2045
2046, 1560, 2244
2159, 2048, 2052
2156, 2046, 2244
2159, 2161, 2047
1560, 2046, 2158
2036, 2235, 2057
2047, 2158, 2159
2041, 2049, 1562
2049, 2156, 2053
2044, 2157, 1583
2053, 2157, 2044
2048, 2051, 2043
2048, 1849, 2052
1956, 2054, 1958
1560, 2158, 2047
2053, 2044, 2049
2156, 2049, 1581
1959, 2054, 1957
2845, 2055, 1462
1958, 2055, 1183
1965, 2342, 2341
1966, 1968, 2056
2127, 2137, 2022
2035, 2254, 2235
2341, 2056, 1965
2236, 1954, 2240
2926, 1968, 1548
2924, 2922, 2923
1659, 2865, 2061
1853, 1972, 2060
2061, 1131, 2063
2060, 2061, 2164
2064, 2063, 1131
2064, 2067, 2070
2064, 1131, 1523
2063, 2062, 2065
2068, 2168, 2067
2063, 2064, 2070
2165, 2065, 2062
1853, 1973, 1971
2281, 2066, 2168
2291, 2284, 1575
1523, 1521, 2068
2067, 2066, 2069
1521, 1413, 2068
2068, 1413, 2168
2285, 2069, 2066
2289, 483, 2166
2067, 2069, 2070
2070, 2069, 2353
1853, 2170, 1973
1695, 1973, 2171
1979, 2878, 2073
1586, 2073, 1334
1587, 2072, 2073
1271, 2080, 2078
2076, 1980, 2084
2354, 2173, 2074
2076, 1983, 2083
1179, 2174, 2305
1879, 2078, 2296
2074, 2078, 2080
2076, 2081, 1983
2078, 1879, 1271
2292, 2077, 1256
2299, 2298, 2295
2083, 1983, 1341
1273, 1263, 2077
2080, 2082, 2074
1984, 2079, 1887
2309, 2175, 2307
2172, 2292, 1259
2354, 2082, 2355
1717, 2307, 2838
2084, 1980, 2306
2401, 2395, 2315
1606, 1764, 2086
2177, 2087, 2085
1882, 2086, 1366
2932, 2088, 2177
2086, 2177, 2085
2177, 2088, 2087
2384, 1607, 2385
1988, 2087, 2088
2090, 1891, 1986
2426, 1990, 2506
1989, 2090, 1986
1990, 2089, 2090
1989, 1988, 2091
2322, 2091, 1988
2489, 2004, 2006
2002, 2092, 2001
2094, 2093, 2005
1220, 3001, 2095
1996, 2004, 1997
2527, 2572, 2181
1357, 2093, 2095
1220, 2095, 2093
2002, 2096, 1360
2007, 2096, 2001
1790, 2097, 1914
2097, 2010, 2515
2185, 1914, 1913
2184, 2099, 2183
2099, 1791, 2183
2100, 2327, 2325
2332, 2193, 2434
2192, 2199, 1644
2101, 2202, 2017
2200, 2201, 1755
2336, 2337, 2206
1923, 2103, 2102
2204, 2205, 2104
2103, 2104, 2337
2102, 2337, 2336
2204, 1749, 2205
1802, 2105, 1819
2018, 1814, 2105
2107, 1103, 1107
2021, 2609, 2447
2108, 1107, 1100
2021, 2106, 2107
1094, 2109, 2110
2108, 2655, 2654
2661, 961, 2651
2568, 2607, 2650
1094, 2110, 1100
2110, 2109, 2655
1932, 2121, 2128
2132, 2022, 2212
909, 2112, 1844
1430, 2112, 1662
2114, 973, 1831
2118, 2120, 2114
1831, 1941, 2114
2211, 2129, 2210
2119, 2130, 2129
2028, 2123, 2121
2120, 2028, 2113
2126, 2138, 2141
2129, 2118, 2119
2119, 1941, 1944
2129, 2120, 2118
1944, 2122, 2119
1845, 1939, 2130
2028, 2120, 2117
2113, 2114, 2120
2123, 2028, 2115
2124, 2121, 2116
2125, 1944, 1942
2115, 2117, 2338
2115, 2126, 2123
2143, 2213, 2217
2127, 2124, 2116
2124, 2111, 2128
2209, 2456, 2457
2209, 2457, 2208
2140, 2127, 2116
2143, 2137, 2140
2132, 2127, 2022
2135, 2128, 2111
1932, 2128, 1824
2210, 2129, 1939
2120, 2129, 2117
1845, 2130, 2122
2129, 2130, 1939
2139, 2937, 2221
2463, 2461, 2215
2134, 2132, 2212
2124, 2132, 2111
2232, 2228, 2230
2155, 2149, 2153
2149, 2150, 2151
2136, 1847, 2135
2136, 2111, 2134
1824, 2135, 1847
2111, 2136, 2135
2133, 2153, 2151
2140, 2141, 2143
2140, 2116, 2141
2123, 2126, 2141
2217, 2462, 2143
1532, 2138, 2126
2141, 2138, 2143
2141, 2116, 2123
2216, 2131, 2220
2143, 2138, 2213
1532, 2142, 2138
2142, 2213, 2138
2145, 2144, 1429
2922, 2144, 2031
903, 1832, 2146
2145, 2146, 2148
2147, 2152, 2146
2145, 2148, 2031
1952, 2151, 2150
1664, 2147, 2146
2147, 2150, 2152
1947, 2031, 2148
2149, 2151, 2153
2152, 1947, 2148
2151, 1952, 2136
2150, 2149, 2152
2136, 2134, 2151
2133, 2151, 2134
2149, 2155, 2242
2146, 2152, 2148
2153, 2226, 2155
2226, 2153, 2133
2212, 2133, 2134
2348, 2347, 2232
2342, 2154, 2225
2152, 2242, 1947
1130, 1583, 2157
2045, 2046, 2156
2050, 2157, 2053
2040, 2158, 2046
2159, 2158, 2051
2048, 2159, 2051
2161, 2159, 2052
2279, 2235, 2248
2236, 2229, 2233
2247, 2253, 2162
2052, 988, 2161
2238, 2223, 1970
2926, 2163, 1968
2241, 2163, 2059
2060, 2164, 1853
2063, 2164, 2061
2289, 2166, 2290
2167, 2165, 483
2353, 2062, 2070
2166, 483, 2165
483, 2071, 2167
2071, 1973, 2170
1592, 2168, 1413
2281, 2168, 1591
2281, 2283, 2285
2353, 2290, 2166
2164, 2170, 1853
2167, 2170, 2065
1236, 1248, 2930
1973, 2071, 2171
2476, 2969, 2356
2301, 2302, 2303
2870, 2296, 2303
2831, 2832, 2830
2837, 2305, 2174
2499, 2545, 2312
2397, 2380, 2389
2314, 2308, 2311
2547, 2427, 2428
2086, 1767, 2177
2932, 2177, 1767
2616, 2438, 2718
2176, 2394, 2398
2383, 1988, 2088
2860, 1289, 1611
2371, 2578, 2658
2483, 2497, 2498
2487, 2005, 2007
2534, 2323, 2094
2185, 2182, 1914
2183, 2182, 2098
2183, 2098, 2184
2183, 1791, 2009
2098, 2011, 2184
2325, 2184, 2011
2329, 2186, 2188
2098, 2185, 2187
2329, 2330, 2186
2557, 2197, 2560
1913, 2330, 2440
2187, 2329, 2188
2433, 2434, 2432
2443, 2568, 2199
2190, 2012, 2099
2192, 2189, 2100
2327, 2099, 2184
2100, 2189, 2190
2191, 1931, 2194
2334, 2603, 2443
2193, 2100, 2328
2520, 2518, 2556
2561, 2560, 2198
1931, 2518, 2194
2332, 2434, 2194
2511, 2550, 2186
2196, 1931, 2195
1931, 2198, 2518
2326, 2193, 2328
2562, 2567, 2519
2195, 2191, 2437
2100, 2325, 2328
2634, 2647, 2645
2557, 2561, 2602
2442, 2333, 2334
1917, 2014, 2199
2929, 2200, 1753
2935, 2200, 2929
2934, 2202, 2101
1755, 2201, 1924
2202, 2934, 2933
2017, 1924, 2101
2887, 2890, 2892
2790, 2892, 2895
2206, 1105, 2336
2204, 2104, 2103
2016, 2104, 2205
1105, 2893, 2336
1532, 2126, 2444
2115, 2338, 2444
1942, 1940, 2208
2209, 2208, 1940
2339, 1940, 1430
2458, 2122, 2125
1939, 2029, 2210
2211, 2210, 2029
2029, 2338, 2211
2117, 2129, 2211
2346, 2227, 2345
2343, 2228, 2226
2142, 2214, 2213
2214, 2216, 2217
2142, 2131, 2214
2131, 2216, 2214
2222, 2219, 2221
2463, 2464, 2523
2216, 2219, 2215
2462, 2215, 2461
2214, 2217, 2213
2462, 2216, 2215
2139, 2221, 2218
2131, 2218, 2220
2219, 2218, 2221
2218, 2219, 2220
2216, 2220, 2219
2235, 2036, 2035
2215, 2219, 2222
2937, 2940, 2936
2154, 2228, 2232
2252, 2245, 2247
2279, 2057, 2235
2956, 2954, 2948
2231, 2464, 2466
2225, 2347, 2341
2154, 2226, 2228
2343, 2133, 2212
2154, 2155, 2226
2459, 2212, 2022
2229, 2348, 2232
2343, 2226, 2133
2227, 2230, 2228
2233, 2229, 2230
2035, 1680, 2223
2227, 2346, 2233
2232, 2230, 2229
2227, 2343, 2345
2223, 2254, 2035
2347, 2239, 2058
2154, 2232, 2225
2227, 2233, 2230
2942, 2944, 2939
2525, 2236, 2233
1969, 2348, 2240
2238, 2245, 2248
2472, 2947, 2945
2262, 2255, 2246
2052, 2160, 2278
2967, 2259, 2266
2525, 2233, 2231
2052, 1849, 2160
2160, 1849, 2057
2162, 2058, 2239
2349, 2240, 1954
2260, 2275, 2248
2162, 2239, 2247
2163, 2241, 1965
2242, 2243, 1947
2149, 2242, 2152
2243, 2155, 2241
2241, 2059, 2243
2928, 2243, 2059
1560, 2050, 2244
2244, 2050, 2053
2240, 2468, 2249
2234, 2238, 1970
2247, 2250, 2252
2250, 2239, 2249
2256, 2245, 2252
2266, 2275, 2261
2240, 2249, 1969
2250, 2249, 2246
2252, 2250, 2255
2239, 2250, 2247
2255, 2251, 2252
2260, 2261, 2275
2255, 2250, 2246
2252, 2251, 2256
2238, 2234, 2253
2162, 2253, 2234
2238, 2248, 2254
2235, 2254, 2248
2246, 2468, 2262
2251, 2255, 2263
2256, 2251, 2264
2245, 2256, 2260
2274, 2469, 2273
2471, 2959, 2958
2255, 2267, 2263
2352, 2267, 2272
2251, 2263, 2350
2259, 2237, 2266
2261, 2256, 2264
2260, 2256, 2261
2261, 2264, 2967
2266, 2276, 2275
2262, 2468, 2349
2263, 2267, 2258
2267, 2255, 2262
2350, 2968, 2265
2258, 2350, 2263
2251, 2350, 2264
2350, 2258, 2964
2350, 2265, 2967
2967, 2266, 2261
2257, 2274, 2272
2262, 2257, 2267
2471, 2958, 2472
2277, 2270, 2278
2279, 2248, 2275
2472, 2952, 2961
2258, 2267, 2352
2274, 2470, 2469
2273, 2952, 2953
2945, 2224, 2268
2949, 2963, 2964
2962, 2943, 2954
2945, 2471, 2472
2945, 2268, 2471
2470, 2351, 2469
2950, 2947, 2961
2276, 2266, 2237
2276, 2277, 2275
2237, 2270, 2276
2277, 2276, 2270
2278, 2270, 988
2057, 2279, 2280
2052, 2278, 988
2280, 2278, 2160
2275, 2277, 2279
2280, 2279, 2277
2278, 2280, 2277
2057, 2280, 2160
2282, 1591, 1595
2282, 2283, 2281
2283, 2282, 1686
2282, 2281, 1591
1687, 1597, 1686
2283, 2169, 2285
2287, 1686, 1597
2284, 2169, 2283
2291, 2290, 2169
2281, 2285, 2066
1596, 2966, 1597
2966, 2287, 1597
2284, 1686, 2287
2062, 2353, 2165
2287, 1688, 2288
1575, 2289, 2291
2069, 2169, 2290
2289, 2290, 2291
1259, 2292, 1256
2355, 2292, 2172
2930, 2931, 2172
2295, 2473, 2359
2304, 2300, 2299
2299, 2294, 2298
2295, 2298, 2173
2295, 2173, 2473
2301, 2294, 2299
1879, 2296, 1732
2298, 2074, 2173
2354, 2074, 2082
2304, 2075, 2300
2473, 2173, 2475
2299, 2297, 2301
2303, 2302, 143
2297, 2299, 2300
2294, 2301, 2296
2871, 2870, 143
2301, 2297, 2302
2301, 2303, 2296
2299, 2295, 2304
2358, 2474, 2360
1179, 2305, 1341
2837, 2174, 2835
2307, 2306, 1980
2311, 2310, 2306
1980, 2083, 2838
2307, 1717, 2309
2308, 2310, 2311
2378, 1886, 2084
2376, 2309, 1717
2175, 2377, 2313
2311, 2306, 2175
2310, 2308, 2315
2175, 2313, 2311
2313, 2314, 2311
2377, 2499, 2313
2387, 2319, 2386
2175, 2309, 2377
2312, 2316, 2313
2316, 2314, 2313
2319, 2387, 2314
2401, 2315, 2394
2402, 2404, 2406
2407, 2381, 2408
2319, 2389, 2386
2316, 2319, 2314
2316, 2312, 2320
2395, 1886, 2378
2388, 2387, 2390
2320, 2319, 2316
2320, 2382, 2319
2984, 2407, 2312
2413, 2405, 2416
2500, 2178, 2992
2383, 2425, 2322
2322, 1988, 2383
2994, 2995, 2592
2531, 2373, 2577
2574, 2572, 2573
2368, 1880, 2364
2357, 2365, 2363
2011, 2326, 2328
2327, 2100, 2190
2011, 2188, 2430
2431, 2432, 2188
2099, 2327, 2190
2184, 2325, 2327
2011, 2328, 2325
2326, 2434, 2193
2440, 2187, 2185
2329, 2440, 2330
2515, 2514, 1913
1913, 2514, 2330
2187, 2440, 2329
2513, 2552, 2551
2437, 2191, 2435
2635, 2437, 2552
2453, 2446, 2570
2192, 2442, 2443
2333, 2332, 2520
2334, 2443, 2442
2017, 2202, 1749
2933, 1749, 2202
2337, 2102, 2103
2104, 2016, 2337
2206, 2337, 2016
2338, 2207, 2444
1430, 2025, 2445
2452, 2448, 2451
2056, 2341, 2058
2209, 1943, 2456
2342, 1965, 2241
2154, 2342, 2241
2225, 2341, 2342
2212, 2459, 2345
2228, 2343, 2227
2460, 2459, 2022
2461, 2523, 2460
2212, 2345, 2343
2346, 2345, 2344
2344, 2523, 2464
2346, 2231, 2233
2232, 2347, 2225
2239, 2347, 1969
2348, 1969, 2347
2236, 2348, 2229
1954, 2351, 2470
2262, 2349, 2257
2222, 2221, 2939
2466, 2467, 2525
2941, 2951, 2940
2962, 2956, 2957
2290, 2353, 2069
2165, 2353, 2166
2082, 2292, 2355
2293, 2173, 2354
2172, 2931, 2969
2354, 2355, 2969
2526, 2571, 2479
2495, 2527, 2181
2365, 2482, 2363
2359, 2304, 2295
2359, 2357, 2360
2075, 2359, 2474
2363, 2360, 2357
2075, 2304, 2359
2358, 2360, 2362
2479, 2476, 2356
2367, 2372, 2366
2363, 2362, 2360
2364, 2362, 2361
2365, 2357, 2475
2362, 2363, 2361
2370, 2367, 2368
2369, 2370, 2368
2476, 2293, 2969
2711, 2372, 2375
2476, 2365, 2293
2369, 2364, 2361
2367, 1880, 2368
2369, 2368, 2364
2480, 2365, 2476
2488, 2497, 2373
2491, 2983, 2369
2367, 2370, 2372
2498, 2374, 1998
2006, 2003, 2988
2375, 2372, 2370
2485, 1998, 2491
2369, 2361, 2484
2486, 2092, 1997
2490, 1998, 2374
2657, 2490, 2582
2983, 2370, 2369
2489, 2536, 2503
1717, 1715, 2376
2376, 1715, 2878
2309, 2496, 2377
2313, 2499, 2312
2310, 2378, 2084
2395, 2378, 2315
2386, 2380, 2390
2314, 2387, 2308
2393, 2385, 1982
2389, 2319, 2382
2499, 2501, 2545
2381, 3010, 3013
2396, 2423, 2397
2386, 2390, 2387
2384, 2383, 2088
2383, 2321, 2425
1607, 2079, 2385
2178, 2384, 2385
2380, 2386, 2389
2388, 2394, 2315
2178, 2385, 2393
2424, 2502, 2423
2315, 2308, 2388
2179, 2427, 2593
2387, 2388, 2308
2546, 2504, 2176
1984, 2395, 1982
2176, 2504, 2393
2977, 2980, 2982
2398, 2394, 2388
2419, 2411, 2318
2391, 2397, 2402
2404, 2382, 2405
2176, 2401, 2394
2504, 2178, 2393
2398, 2388, 2390
2176, 2393, 2401
2404, 2402, 2382
2403, 2420, 2318
2396, 2397, 2391
2400, 2398, 2390
2402, 2389, 2382
2417, 2410, 2421
2397, 2423, 2380
2400, 2546, 2398
2396, 2411, 2410
2598, 2594, 2549
2502, 2390, 2380
2584, 2399, 2586
2393, 1982, 2401
2401, 1982, 2395
2412, 2413, 2416
2318, 2391, 2402
2403, 2318, 2406
2405, 2382, 2320
2405, 2413, 2404
2320, 2407, 2405
2381, 3013, 2408
2405, 2407, 2408
2402, 2406, 2318
2312, 2407, 2320
2412, 2403, 2406
2409, 2412, 2416
2412, 2418, 2403
2420, 2973, 2318
2318, 2973, 2419
2396, 2410, 2422
2396, 2391, 2411
2406, 2404, 2413
2417, 2589, 2587
2403, 2418, 2392
2416, 2405, 2408
2406, 2413, 2412
2420, 2974, 2975
2590, 2317, 2589
2408, 2415, 2416
2408, 1706, 2415
2409, 2416, 2415
2417, 2399, 2422
2411, 2419, 2982
2977, 2419, 2972
2412, 2409, 2418
2318, 2411, 2391
2392, 2420, 2403
2982, 2410, 2411
2399, 2587, 2586
2410, 2417, 2422
2424, 2399, 2400
2396, 2422, 2423
2424, 2423, 2422
2399, 2424, 2422
2400, 2390, 2502
2428, 2427, 2321
2179, 2322, 2425
2506, 1614, 2426
2186, 2509, 2188
2321, 2427, 2425
2597, 2549, 2594
2500, 2428, 2321
2331, 2550, 2512
1614, 1615, 2426
2996, 2429, 529
2433, 2191, 2194
2326, 2011, 2430
2326, 2430, 2432
2188, 2432, 2430
2432, 2431, 2433
2431, 2435, 2433
2433, 2435, 2191
2333, 2520, 2334
2432, 2434, 2326
2510, 2441, 2509
2441, 2435, 2431
2441, 2510, 2331
2100, 2442, 2192
1913, 2440, 2185
2441, 2551, 2552
2716, 2659, 2600
2631, 2632, 2633
2434, 2433, 2194
2332, 2194, 2518
2441, 2331, 2551
2555, 2512, 2550
2509, 2431, 2188
2550, 2331, 2510
2199, 2192, 2443
2193, 2333, 2442
2115, 2444, 2126
2207, 1532, 2444
1149, 2106, 2447
2449, 2446, 2453
2570, 600, 2454
2451, 2450, 2452
2021, 2447, 2106
2449, 2447, 2446
2448, 1943, 2451
2339, 2445, 2450
2450, 2453, 2452
1149, 2449, 2445
2449, 2450, 2445
2209, 2451, 1943
2450, 2449, 2453
2209, 2339, 2451
600, 2448, 2454
2652, 2663, 2664
2664, 2608, 2652
2448, 2452, 2454
2453, 2454, 2452
2608, 2570, 2446
2570, 2454, 2453
1943, 2340, 2456
2457, 2456, 2340
2458, 2457, 2340
2208, 2457, 2125
2340, 1845, 2458
2122, 2458, 1845
2460, 2022, 2137
2345, 2459, 2344
2461, 2460, 2137
2344, 2459, 2460
2137, 2143, 2462
2215, 2222, 2463
2462, 2217, 2216
2137, 2462, 2461
2464, 2524, 2466
2346, 2464, 2231
2344, 2464, 2346
2463, 2222, 2524
2939, 2221, 2937
2467, 2466, 2465
2524, 2464, 2463
2944, 2467, 2465
2351, 1954, 2467
1954, 2236, 2525
2249, 2468, 2246
2240, 2349, 2468
2470, 2274, 2257
2942, 2469, 2351
2257, 2349, 2470
1954, 2470, 2349
2959, 2471, 2946
2948, 2472, 2958
2272, 2274, 2953
2258, 2352, 2949
2475, 2173, 2293
2359, 2473, 2357
2473, 2475, 2357
2360, 2474, 2359
2293, 2365, 2475
2526, 2479, 2356
2481, 2480, 2476
2004, 2489, 2486
2365, 2480, 2482
2481, 2483, 2478
2482, 2484, 2361
2356, 2931, 2526
2480, 2481, 2478
2481, 2476, 2479
2482, 2480, 2478
2479, 2477, 2481
2481, 2477, 2494
2482, 2478, 2484
2482, 2361, 2363
1992, 2092, 2486
2498, 2485, 2483
2483, 2485, 2478
2484, 2478, 2485
2374, 2581, 2582
2491, 2369, 2484
2538, 2540, 2542
2501, 2543, 3015
382, 2003, 2006
1998, 2490, 2491
2006, 2004, 1996
3017, 3011, 2991
2533, 2537, 2492
2485, 2498, 1998
2532, 2487, 2533
2007, 2001, 1992
2485, 2491, 2484
2483, 2494, 2497
2495, 2530, 2529
2495, 2494, 2477
2400, 2502, 2424
3015, 2493, 2545
2481, 2494, 2483
2477, 2527, 2495
2323, 2528, 2576
2374, 2498, 2488
2501, 2496, 0
2178, 2500, 2384
2529, 2497, 2494
2004, 2486, 1997
2180, 2536, 2988
2990, 2501, 0
2658, 2578, 2542
2489, 2988, 2536
2376, 2496, 2309
2490, 2712, 2983
2501, 2377, 2496
2176, 2398, 2546
2321, 2384, 2500
2499, 2377, 2501
2580, 2581, 2371
2487, 1992, 2503
2322, 2506, 2091
2598, 2549, 529
2427, 2547, 2429
2506, 2322, 2599
1613, 1615, 2999
1498, 1501, 1500
2429, 2996, 2593
2509, 2186, 2510
2441, 2431, 2509
2330, 2511, 2186
2517, 2553, 2514
2438, 2616, 2517
2186, 2550, 2510
2511, 2553, 2517
2617, 2624, 2555
2628, 2636, 2638
2629, 2632, 2631
1913, 2097, 2515
2514, 2438, 2517
2986, 2010, 2516
2514, 2515, 2986
2748, 2516, 2752
1520, 2749, 2748
2720, 2697, 2717
2511, 2517, 2555
2556, 2519, 2520
2560, 2559, 2556
2562, 2565, 2567
2556, 2518, 2198
2567, 2604, 2519
2460, 2523, 2344
2650, 2607, 961
2521, 2665, 2607
2653, 2608, 2609
2461, 2463, 2523
2939, 2524, 2222
2466, 2524, 2465
2466, 2525, 2231
1954, 2525, 2467
1248, 1243, 2526
1243, 2527, 2571
2571, 2527, 2477
2527, 1243, 2572
2094, 2005, 2532
2577, 2529, 2530
2494, 2495, 2529
2495, 2576, 2530
2531, 2530, 2528
2497, 2577, 2373
2987, 2534, 2532
2987, 2535, 2531
2537, 2533, 2487
2323, 2534, 2528
2535, 2533, 2492
2987, 2528, 2534
2094, 2532, 2534
2987, 2532, 2533
2542, 2492, 2538
2373, 2578, 2371
2672, 2685, 2583
2503, 2538, 2537
2487, 2503, 2537
2538, 2503, 2536
2540, 2538, 2536
2492, 2537, 2538
2989, 2536, 2180
2613, 2658, 2579
2543, 2501, 2990
2536, 2989, 2540
2542, 2540, 2579
2711, 2712, 3005
2540, 2989, 2579
2535, 2492, 2542
3016, 2991, 3015
1855, 2544, 1856
2544, 2543, 2990
2545, 2501, 3015
2545, 2493, 2984
2399, 2584, 2400
2587, 2614, 2586
2547, 2992, 2548
2555, 2550, 2511
2178, 2504, 2591
2588, 2546, 2584
2998, 2997, 2508
1990, 1613, 2089
2331, 2638, 2630
2513, 2635, 2552
2437, 2435, 2552
2441, 2552, 2435
2511, 2330, 2553
2514, 2553, 2330
2676, 2625, 2687
2512, 2628, 2638
2517, 2616, 2617
2687, 2625, 2620
2198, 1931, 2561
2556, 2198, 2560
2197, 2558, 2559
2562, 2559, 2558
2562, 2519, 2559
2556, 2559, 2519
2557, 2560, 2561
2560, 2197, 2559
1931, 2196, 2561
2602, 2561, 2196
2558, 2563, 2562
2563, 2565, 2562
2558, 2439, 2563
2662, 3019, 2679
3020, 3018, 3019
2679, 2522, 2652
2439, 2565, 2563
2567, 2565, 2606
2605, 2568, 2603
2519, 2604, 2520
2606, 2565, 2564
2567, 2566, 2604
2568, 2443, 2603
2568, 2521, 2607
2653, 2610, 2668
2669, 2662, 2680
2611, 600, 2570
2479, 2571, 2477
1243, 2571, 2526
1243, 2573, 2572
1220, 2323, 2574
2874, 2875, 1243
2573, 2575, 2574
3000, 2575, 2573
2323, 2181, 2574
3001, 1233, 1221
2574, 2575, 3001
2323, 2576, 2181
2530, 2576, 2528
2529, 2577, 2497
2531, 2577, 2530
2531, 2578, 2373
2542, 2578, 2535
2539, 2612, 2579
2612, 2613, 2579
2670, 1994, 2613
2541, 2582, 2581
2374, 2488, 2581
2371, 2581, 2488
2580, 2671, 2541
2374, 2582, 2490
2324, 2684, 3003
3005, 2712, 2490
2317, 2614, 2587
2586, 2588, 2584
2615, 2614, 2585
2595, 2548, 2596
2399, 2417, 2587
2588, 2586, 3002
2981, 2417, 2421
2379, 2615, 2585
2591, 2588, 2548
2546, 2588, 2504
2414, 2981, 2980
2992, 2591, 2548
2981, 2589, 2417
2588, 2591, 2504
2993, 2995, 2994
2589, 2317, 2587
2593, 2995, 2179
2429, 2593, 2427
2996, 2592, 2995
2548, 2595, 2547
2594, 2547, 2595
2596, 2548, 2588
2549, 2597, 2379
2614, 2615, 3002
2597, 2596, 2379
2594, 2595, 2597
2596, 2597, 2595
529, 2429, 2598
2594, 2598, 2429
2179, 2599, 2322
1614, 2506, 2599
2718, 2716, 2600
2617, 2555, 2517
2620, 2554, 2623
2742, 2627, 2689
2644, 2643, 2641
2557, 2602, 1399
2604, 2603, 2334
2603, 2566, 2605
2603, 2604, 2566
2334, 2520, 2604
2606, 2605, 2566
2521, 2568, 2605
2567, 2606, 2566
2606, 2564, 2682
2569, 2653, 2668
2651, 2681, 2661
2446, 2447, 2609
2608, 2569, 2652
2609, 2021, 2610
2446, 2609, 2608
2654, 2610, 2021
2681, 2666, 2667
2539, 2324, 2612
2664, 2611, 2570
2613, 2612, 2324
2671, 2672, 2673
2613, 1994, 2658
2615, 2379, 2596
2614, 2317, 2585
3002, 2596, 2588
2616, 2600, 2617
2715, 2554, 2716
2692, 2628, 2621
2622, 2617, 2600
2624, 2617, 2622
2713, 2618, 2692
2555, 2621, 2512
2601, 2623, 2554
2674, 2620, 2623
2621, 2555, 2624
2622, 2625, 2624
2659, 2620, 2622
2698, 2717, 2697
2703, 2675, 2677
2912, 2619, 2915
2687, 2620, 2674
2689, 2732, 2742
2625, 2676, 2627
2627, 2713, 2625
2620, 2625, 2622
2551, 2630, 2513
2622, 2600, 2659
2692, 2621, 2624
2628, 2626, 2636
2512, 2621, 2628
2629, 2631, 2630
2637, 2629, 2636
2331, 2630, 2551
2632, 2647, 2639
2644, 2195, 2437
2643, 2644, 2633
2637, 2646, 2629
2637, 2767, 2646
2632, 2646, 2647
2633, 2639, 2643
2644, 2437, 2635
2633, 2635, 2513
2513, 2630, 2631
2631, 2633, 2513
2636, 2626, 2761
2636, 2629, 2638
2628, 2618, 2626
2632, 2639, 2633
2630, 2638, 2629
2331, 2512, 2638
2634, 2640, 2643
2641, 2602, 2196
2641, 2640, 1399
2644, 2641, 2196
1399, 2602, 2641
2634, 2643, 2639
2647, 2634, 2639
2641, 2643, 2640
2195, 2644, 2196
2644, 2635, 2633
2768, 2649, 2642
2743, 2761, 2736
2629, 2646, 2632
2436, 2645, 2649
2645, 2647, 2648
2648, 2646, 2642
2646, 2648, 2647
2645, 2648, 2649
2642, 2649, 2648
1917, 2650, 961
2568, 2650, 2199
961, 2607, 2651
2665, 2666, 2607
2652, 2680, 2679
2664, 2663, 2455
2608, 2653, 2569
2609, 2610, 2653
2107, 2654, 2021
2108, 2110, 2655
2109, 2661, 2681
2654, 2655, 2667
3018, 3021, 2439
2681, 2655, 2109
2658, 1994, 2371
2691, 2686, 2744
2579, 2658, 2542
2659, 2554, 2620
2674, 2714, 2677
2703, 2688, 2675
2743, 2767, 2761
1094, 2661, 2109
961, 2661, 1400
2569, 2668, 2669
3021, 2565, 2439
2611, 2664, 2455
2652, 2522, 2663
2608, 2664, 2570
2665, 2521, 2683
2666, 2665, 2656
2666, 2656, 2667
2607, 2666, 2651
2668, 2667, 2656
2654, 2667, 2610
2667, 2668, 2610
2668, 2656, 2669
2683, 2656, 2665
2606, 2682, 2683
2670, 2684, 2685
1994, 2670, 2671
1994, 2671, 2580
2685, 2671, 2670
126, 2690, 2686
2671, 2673, 2541
2691, 2673, 2672
2657, 2541, 2673
2674, 2675, 2687
2677, 2675, 2674
2696, 2902, 2727
2676, 2675, 2688
2732, 2730, 2733
2687, 2675, 2676
2627, 2676, 2689
2909, 2917, 2756
2735, 2731, 3006
2706, 2703, 2695
2680, 2652, 2569
2662, 2682, 3020
2669, 2680, 2569
2662, 2679, 2680
2666, 2681, 2651
2655, 2681, 2667
2662, 2669, 2682
2683, 2682, 2669
2683, 2669, 2656
2606, 2683, 2521
3003, 2613, 2324
2671, 2685, 2672
3004, 2366, 2710
2583, 2685, 2684
2583, 2745, 3022
2693, 2623, 2601
2714, 2623, 2693
2706, 2688, 2703
2706, 2707, 2688
2736, 2626, 2618
2583, 3022, 2672
126, 2686, 2745
2686, 2690, 2744
2366, 2372, 2711
2713, 2624, 2625
2628, 2692, 2618
2900, 2895, 2916
2699, 2694, 2902
2701, 2783, 2677
2899, 2916, 2895
2696, 2693, 2601
2677, 2783, 2695
2601, 2715, 2698
2696, 2601, 2698
2750, 1520, 2751
2720, 2722, 2697
2715, 2601, 2554
2697, 2723, 2698
2723, 2699, 2698
2909, 2781, 2901
2901, 2920, 2909
2707, 2914, 2734
2701, 2693, 2727
2893, 1105, 2702
2906, 2893, 2896
2696, 2727, 2693
2701, 2714, 2693
2914, 2706, 2729
2756, 2917, 2921
2700, 2783, 2701
2660, 2738, 2729
2740, 2733, 2734
2742, 2732, 3006
2913, 2660, 2729
2688, 2707, 2730
2730, 2689, 2688
3006, 2708, 2742
2691, 2710, 3005
2686, 2691, 3022
2710, 2691, 2744
2712, 2711, 2375
2366, 2711, 2710
2983, 2712, 2375
3005, 2490, 2657
2618, 2713, 2627
2624, 2713, 2692
2623, 2714, 2674
2694, 2756, 2902
2554, 2659, 2716
2698, 2715, 2717
2600, 2616, 2718
2750, 2719, 2749
2716, 2721, 2715
2721, 2718, 2769
2438, 2746, 2718
2769, 2719, 2721
2720, 2717, 2721
2746, 2747, 2769
2717, 2715, 2721
2722, 2720, 2719
2718, 2721, 2716
2719, 2720, 2721
2751, 1516, 2754
2754, 2776, 2771
2725, 2722, 2773
2697, 2725, 2723
2751, 2754, 2771
2800, 2798, 2799
2722, 2725, 2697
2726, 2725, 2724
2771, 2774, 2773
2918, 2912, 2915
2909, 2756, 2694
2726, 2724, 2787
2701, 2677, 2714
2902, 2696, 2699
2695, 2915, 2729
2705, 2806, 2908
2733, 2707, 2734
2689, 2730, 2732
2757, 2738, 2660
2764, 2642, 2767
2733, 2730, 2707
2740, 2741, 2735
2706, 2695, 2729
2735, 2733, 2740
2757, 2705, 2908
2908, 2806, 2740
2806, 2804, 2740
2732, 2733, 2735
2736, 2708, 2743
2708, 2762, 2743
2766, 2759, 2760
2765, 2762, 2731
2738, 2757, 2908
2739, 2758, 2763
2795, 2801, 2802
2742, 2618, 2627
2759, 2731, 2735
2768, 2739, 2436
2774, 2787, 2724
2708, 2736, 2742
2708, 3006, 2762
2742, 2736, 2618
2743, 2764, 2767
2691, 2672, 3022
2744, 2709, 3004
126, 2709, 2690
2744, 2690, 2709
2986, 2746, 2438
2746, 2516, 2747
2748, 2747, 2516
2750, 2749, 1520
2752, 2516, 2010
1520, 2748, 1518
2719, 2747, 2749
2748, 2749, 2747
2751, 1520, 1516
2719, 2750, 2722
2754, 1516, 434
2722, 2750, 2751
2753, 2010, 1790
1518, 2748, 2752
1790, 1907, 2753
3007, 1907, 1402
2778, 2777, 2754
2751, 2771, 2722
2887, 2883, 2884
2900, 2901, 2782
2909, 2694, 2781
2756, 2793, 2902
2729, 2738, 2914
2920, 2901, 2900
2737, 2760, 2794
127, 2802, 2801
2735, 2741, 2759
2760, 2759, 2741
2795, 2785, 2794
2763, 2436, 2739
2636, 2761, 2637
2736, 2761, 2626
2758, 2760, 2737
2743, 2762, 2764
2760, 2758, 2766
2768, 2642, 2764
2765, 2764, 2762
2768, 2436, 2649
2766, 2765, 2731
2766, 2758, 2765
2759, 2766, 2731
2765, 2739, 2768
2646, 2767, 2642
2767, 2637, 2761
2765, 2768, 2764
2758, 2739, 2765
2746, 2769, 2718
2719, 2769, 2747
2777, 2778, 2770
2786, 2755, 2775
2772, 2776, 2777
2725, 2773, 2724
2797, 2796, 2792
2772, 2775, 2774
2722, 2771, 2773
2771, 2776, 2774
2772, 2786, 2775
2724, 2773, 2774
2788, 2787, 2775
2774, 2775, 2787
2777, 2776, 2754
2774, 2776, 2772
2778, 2754, 434
2777, 2770, 2796
2779, 434, 902
141, 2791, 2779
2780, 2779, 902
141, 1513, 2791
894, 2780, 902
141, 2780, 1097
2699, 2726, 2781
2726, 2789, 2781
2789, 2782, 2901
3008, 2782, 2789
2678, 2700, 2911
2336, 2893, 2906
2758, 2737, 2763
2786, 2796, 2797
2796, 2786, 2772
2803, 2804, 2795
2755, 2889, 3008
2775, 2755, 2788
2788, 3008, 2789
2726, 2787, 2789
2788, 2789, 2787
2800, 2755, 2786
2882, 2883, 2799
2792, 2791, 1102
2778, 2791, 2770
1102, 1800, 2792
2792, 1800, 2797
2911, 2704, 2678
2734, 2914, 2738
2803, 2760, 2741
2785, 2737, 2794
2794, 2803, 2795
2804, 2741, 2740
2777, 2796, 2772
2796, 2770, 2792
1800, 2798, 2797
2786, 2797, 2800
1822, 2798, 1800
2798, 1821, 2799
2880, 1821, 1814
2883, 2889, 2799
2798, 2800, 2797
2755, 2800, 2799
2785, 2795, 2802
2795, 2784, 2801
127, 2785, 2802
2760, 2803, 2794
2804, 2803, 2741
2740, 2734, 2908
2784, 2795, 2804
2806, 2705, 2805
2784, 2804, 2805
2804, 2806, 2805
3, 2807, 153
5, 2807, 4
2808, 226, 2812
16, 2808, 15
2807, 2809, 197
6, 2809, 5
111, 2810, 223
2811, 112, 113
114, 2811, 113
191, 2811, 224
1153, 2812, 226
13, 2812, 245
7, 2813, 229
8, 249, 2813
21, 2814, 247
2815, 22, 23
24, 2815, 23
248, 2815, 257
278, 2816, 268
70, 2816, 69
29, 2817, 265
2818, 30, 31
32, 2818, 31
266, 2818, 272
2819, 283, 2823
58, 2819, 57
37, 2820, 280
2821, 38, 39
40, 2821, 39
281, 2821, 287
2822, 289, 2824
52, 2822, 51
2827, 2823, 283
55, 2823, 291
289, 294, 2824
49, 2824, 294
45, 2825, 293
47, 2825, 46
48, 2826, 47
559, 2826, 294
1026, 2827, 283
361, 291, 2827
1339, 2828, 709
2829, 2828, 1185
1185, 1332, 2829
2830, 1007, 1198
1332, 2833, 2829
2833, 2834, 2836
2831, 2830, 2833
2835, 2831, 2836
1179, 2832, 2174
2830, 2832, 1007
2829, 2833, 2830
1332, 1329, 2834
1713, 2834, 1329
2834, 1588, 2836
2837, 2835, 1476
2832, 2835, 2174
2836, 2831, 2833
1476, 2836, 1588
2838, 1476, 1717
2305, 2837, 2083
1980, 2838, 2307
1476, 2838, 2837
827, 2839, 805
834, 2839, 821
931, 2840, 88
1124, 2840, 234
665, 2841, 965
1194, 2841, 966
2842, 464, 639
1154, 2842, 970
452, 2843, 1037
1348, 2843, 1038
1122, 2844, 975
1167, 2844, 1172
948, 2845, 986
2845, 1183, 2055
1045, 2846, 1044
1383, 2846, 1207
1221, 2847, 1219
1232, 2847, 1233
1245, 2848, 1240
1260, 2848, 1246
389, 2849, 163
1286, 2849, 302
1503, 2850, 1073
1299, 2850, 1395
962, 2851, 1402
1409, 1410, 2851
513, 559, 2853
1425, 2852, 1423
294, 289, 2853
2854, 2853, 289
282, 2854, 289
1423, 2853, 2854
1215, 2855, 1027
1349, 2855, 935
1387, 2856, 206
1286, 2857, 1285
1491, 3009, 951
1285, 2857, 2856
1766, 2858, 1390
1293, 2879, 2859
1388, 2859, 1769
1492, 2858, 2859
1498, 2860, 1501
1306, 2861, 1400
2861, 1512, 2015
1104, 2862, 577
1417, 2862, 1101
1462, 2863, 1559
2041, 2863, 1561
1616, 2864, 1618
1771, 2864, 1617
1658, 2865, 1527
2061, 2865, 1131
1772, 2866, 1506
1775, 2866, 1774
1857, 2867, 1487
2868, 2867, 1859
1756, 2868, 1859
2868, 1883, 1745
2869, 1732, 2870
2872, 2869, 1866
2296, 2870, 1732
143, 2870, 2303
1868, 2872, 1866
2870, 2871, 2869
2872, 1867, 1864
1265, 2873, 1368
1877, 2873, 1878
2874, 1244, 2875
1243, 1248, 2874
1242, 2875, 1244
3000, 2875, 1048
1745, 2876, 1752
1875, 2876, 1883
1841, 2877, 1836
1538, 2877, 1842
2376, 2878, 0
1334, 2878, 1715
2859, 2879, 1769
1987, 2879, 1293
2881, 2880, 2886
2799, 1821, 2882
2702, 2203, 2893
2884, 2883, 2886
1821, 2880, 2882
1925, 2102, 2906
2884, 2894, 2891
2903, 2880, 2018
2880, 2881, 2882
2886, 2883, 2881
2891, 2890, 2884
2887, 2790, 2889
2882, 2881, 2883
2887, 2889, 2883
2905, 2891, 2894
2888, 2907, 2897
2892, 2790, 2887
2889, 2790, 3008
2799, 2889, 2755
2891, 2898, 2897
2894, 2884, 2886
2899, 2895, 2892
2897, 2892, 2890
2910, 2704, 2911
2893, 2904, 2896
2903, 1925, 2906
2896, 2894, 2886
2904, 2905, 2894
2903, 2896, 2886
2703, 2677, 2695
2904, 2893, 2203
2891, 2897, 2890
2899, 2907, 375
2897, 2899, 2892
2891, 2885, 2898
2902, 2793, 2727
2782, 2895, 2900
375, 2916, 2899
2793, 2756, 2910
2901, 2781, 2789
2678, 2918, 2700
2793, 2701, 2727
2880, 2903, 2886
1925, 2903, 2018
2905, 2885, 2891
2894, 2896, 2904
2897, 2907, 2899
2904, 2203, 2905
2793, 2700, 2701
2910, 2911, 2700
2738, 2908, 2734
2756, 2921, 2910
2728, 2917, 2919
2919, 2917, 2916
2678, 2912, 2918
2700, 2793, 2910
2706, 2914, 2707
2915, 2913, 2729
2695, 2783, 2918
2913, 2915, 2619
2917, 2728, 2921
2917, 2909, 2920
2695, 2918, 2915
2700, 2918, 2783
2900, 2916, 2920
2916, 375, 2919
2917, 2920, 2916
2728, 2704, 2921
2910, 2921, 2704
2144, 2922, 1115
2031, 1947, 2923
1947, 2928, 2923
2927, 2924, 2925
550, 2924, 1550
2925, 2924, 2923
2928, 2925, 2923
2925, 2059, 2926
2926, 2059, 2163
2927, 2926, 1548
1552, 2927, 1548
2927, 1549, 2924
2243, 2928, 1947
2925, 2928, 2059
1885, 2929, 1758
2935, 144, 2335
2931, 2930, 1248
1259, 2930, 2172
2526, 2931, 1248
2931, 2356, 2969
1887, 2932, 1767
2088, 2932, 1607
1924, 2017, 1920
2929, 144, 2935
2201, 2934, 2101
2201, 2935, 2934
2939, 2936, 2942
2941, 2940, 2938
2937, 2936, 2939
2950, 2942, 2936
2139, 2938, 2940
2524, 2939, 2465
2139, 2940, 2937
2941, 2938, 2224
2941, 2224, 2945
2941, 2947, 2951
2469, 2942, 2273
2351, 2467, 2944
2961, 2952, 2273
2964, 2963, 1679
2939, 2944, 2465
2351, 2944, 2942
2946, 2471, 2268
2958, 2959, 2269
2952, 2954, 2953
2948, 2960, 2956
2273, 2942, 2950
2946, 2268, 2224
2274, 2273, 2953
2472, 2948, 2952
2352, 2272, 2943
2951, 2950, 2936
2951, 2947, 2950
2940, 2951, 2936
2941, 2945, 2947
2272, 2267, 2257
2943, 2962, 2949
2960, 2948, 2958
2943, 2272, 2953
2943, 2953, 2954
2943, 2949, 2352
2955, 2949, 2962
2946, 128, 2959
2948, 2954, 2952
2956, 2271, 2957
2958, 2269, 2960
2269, 2959, 2965
2269, 2271, 2960
2960, 2271, 2956
2950, 2961, 2273
2472, 2961, 2947
2956, 2962, 2954
2955, 2962, 2957
2964, 1679, 2968
2949, 2955, 2963
2258, 2949, 2964
1685, 2966, 1568
2959, 128, 2965
1688, 2966, 2286
2350, 2967, 2264
2259, 2967, 2265
2354, 2969, 2293
2964, 2968, 2350
2172, 2969, 2355
2971, 2978, 2976
2972, 2975, 2970
2980, 2979, 2414
2973, 2972, 2419
2976, 2972, 2970
2420, 2392, 2974
2420, 2975, 2973
2975, 2972, 2973
2970, 2975, 2974
2970, 125, 2976
2971, 2976, 125
2978, 2977, 2972
2977, 2979, 2980
2976, 2978, 2972
2979, 2978, 2971
2981, 2414, 2590
2978, 2979, 2977
2982, 2980, 2421
2981, 2590, 2589
2421, 2980, 2981
2410, 2982, 2421
2419, 2977, 2982
2983, 2375, 2370
2491, 2490, 2983
2407, 2984, 2381
2545, 2984, 2312
2514, 2986, 2438
3010, 2381, 2984
2010, 2986, 2515
2535, 2987, 2533
2528, 2987, 2531
2006, 2988, 2489
2180, 2988, 2003
2180, 2539, 2989
2579, 2989, 2539
2878, 2990, 0
2544, 2990, 1979
3016, 3015, 2543
3017, 2991, 3014
2500, 2992, 2428
2591, 2992, 2178
1615, 1614, 2993
2993, 1614, 2995
2505, 2998, 1289
2997, 2507, 2508
2179, 2995, 1614
2996, 2995, 2593
529, 2592, 2996
2507, 2997, 2993
1289, 2998, 2508
1616, 2998, 2505
2999, 2998, 1618
1613, 2999, 1618
1615, 2997, 2999
2575, 3000, 1233
2875, 3000, 2573
2574, 3001, 1220
1233, 3001, 2575
2614, 3002, 2586
2596, 3002, 2615
2684, 2670, 3003
2613, 3003, 2670
2691, 3005, 2657
2744, 3004, 2710
2711, 3005, 2710
2735, 3006, 2732
2762, 3006, 2731
1519, 3007, 1402
2752, 3007, 1518
3008, 2788, 2755
2895, 3008, 2790
2856, 3009, 1492
3009, 2857, 951
3011, 3010, 2493
3013, 3010, 2985
3015, 3011, 2493
1710, 3012, 3017
3010, 3017, 2985
3010, 3011, 3017
2985, 1706, 3013
3013, 1706, 2408
3016, 3014, 2991
3014, 1855, 1978
2991, 3011, 3015
2544, 3016, 2543
3014, 3016, 1855
1710, 3017, 3014
3017, 3012, 2985
2522, 2679, 3019
2662, 3020, 3019
2682, 2564, 3020
3018, 2522, 3019
2564, 2565, 3021
3018, 3020, 3021
3021, 3020, 2564
2686, 3022, 2745
