3392,4883,4888,5615,5807
77,78,79,83
77,79,88,295,389,1722
66,73,88,389,1721,5475
66,68,73,660,5476
72,325,660,5476,5480
69,252,257,325,326,5480
69,257,267,449,452,5487
71,266,449,452,892,5488
62,71,91,266,297,385,689
27,62,65,385,1415
16,27,65,309,479
16,74,393,444,479,679,1714
19,74,90,324,393,5486
15,19,22,63,90,307
15,22,26,590,5478
17,18,21,26,650,5478
18,305,445,650
23,261,305,306,445,484
3,23,254,261,396,686
258,296,383,396,686,882
1,9,258,383,485,5489
1,11,485,486,1410,5490
7,11,1545,5490,5491
10,47,503,1545,1999,5491
4,10,47,49,505
49,321,447,505,520,1549
45,392,447,448,696,1549
8,28,45,53,56,696
28,56,265,521,1411,5495
51,265,521,522,607,5496
455,607,1720,5496,5497
59,317,455,487,533,5497
33,59,401,487,535
33,35,507,535,550,597
31,35,315,488,507,704
31,42,52,488,705,766
39,52,340,551,766,5501
263,339,340,551,552,5502
313,314,339,5502,5503
313,400,523,563,5503
129,274,400,523,565
129,138,537,565,576,627
138,316,537,538,591,716
34,37,133,524,591,716
34,130,133,407,577,5511
338,407,408,577,5512
135,408,580,765,5512,5513
43,135,154,345,567,5513
154,276,553,567,666,5510
36,124,141,144,276,553
124,143,144,1421,5506
143,152,253,409,540,5506
147,344,409,540,571
131,147,150,351,558,571,710
131,134,150,279,670,5508
134,142,145,168,278,279
145,157,168,1424,5500
151,157,350,526,672,5500
163,166,526,559,672,788
162,166,559,675,789
156,185,281,358,675,789
156,171,358,425,561,1712
158,161,349,425,561,961
161,167,349,674,777,1709
164,167,177,674,1710,2084
164,545,548,676,2084
169,423,465,545,676
169,170,175,182,423,424
175,182,184,466,5494
172,356,466,494,916,5494
224,355,356,494,529,782
228,355,529,783,1566
173,179,228,417,461,783
179,226,422,461,531,1664
187,226,231,250,415,531
218,225,231,250,616,1655
218,222,225,227,463,1656
220,227,229,369,463,1661
223,289,369,370,515,1661
223,242,370,517,620,1660
219,221,238,240,242,517
221,230,238,291,1426,1617
230,249,291,292,368,1618
241,243,654,815,1823
194,247,639,814,877,952
208,640,641,855,1021,1124
149,983,1119,1123,1125,1127
361,966,1121,1848,5541
209,667,906,1146,1747,1849
870,965,987,1009,1187,1743
864,897,1026,1296,2201,2202
108,865,903,931,1744,1904
111,728,730,799,989,1024
106,801,802,936,940,1032
119,725,1403,1418,1768,1780
94,630,826,1131,1393,1394
82,86,87,269,655,1395,1400
78,80,83,645,646,1541
236,239,249,292,1621
232,236,245,499,954,1621
245,282,501,954,1620,1824
233,246,282,363,501,953
198,216,237,246,363,1603
188,193,198,201,237,1604
188,193,195,359,1611
196,197,213,359,473,1611
192,197,213,429,475,1610
190,191,199,211,429,475
191,211,286,294,606,1569
57,114,189,606,1569,1717
57,272,285,437,1717,5481
272,333,366,437,438,5482
112,333,651,5482,5483
112,118,203,217,405,5483
117,217,329,405,439,1572
103,116,122,329,330,439
102,122,270,330,602,1537
97,98,113,120,270,1537
97,105,120,377,1419,1985
105,268,377,1417,1986
92,104,328,378,1417,1986
92,93,104,121,1396,1539
86,93,101,1395,1396,1540
82,86,101,381,646,1541
5781,5782
5215,5250,5356
5383,5467
5750,5765
3168,3340,3342,3345
3150,3372,3662
77,80,83,295,298,1542,1543
70,78,79,645,1219,1398,1722,1961
5,25,259,301,1409,1972
29,308,818,1038,2065,2239
397,403,775,1820,2163
255,320,608,1046,1287,1412,1558
64,300,678,819,891,1416,2066
85,92,121,328,630,797,1393
100,107,332,939,1224,1420
205,599,726,727,873,1723
1008,1022,3005,5423,5425,5427
754,764,1094,1729,1749,2073,2076
4512,4515,5601
3465,5703,5711
360,603,1020,1838,1851,2234
214,364,583,584,642,644
605,652,742,808,860,866,1718
234,235,287,639,811,814,815,1823
290,354,367,1200,1425,1782,2792
232,236,241,243,244,292,368
99,375,1380,1439,1441,1538,1984
95,96,293,379,1320,1976,1978
14,88,295,1405,1543,1996,5475
299,390,828,889,890,2610
304,881,1413,1551,1553,2382
7,11,303,1410,1548,1998
5,9,25,258,821,882
21,26,29,125,308,590
394,588,589,763,816,2240
395,626,648,649,661,748
138,316,454,595,627,2113,2117
3196,3504,3519
834,1264,1265,2171,2756,5559
51,255,265,320,1411,1719
45,53,322,392,1244,1412,1558
27,64,309,587,1415,1713,2066
91,266,300,831,892,1416
105,268,271,840,938,1419
98,107,109,270,602,1420
331,406,600,635,722
112,118,205,599,651
37,316,591,595,663
593,767,769,772,834,1265
129,274,454,627,664
410,668,756,1001,1724,1787
143,152,833,885,1421
141,276,343,346,666
174,347,349,460,777,961,1725,2466
157,160,350,753,758,1424
186,278,279,352,670
248,416,617,738,3266,3272
178,348,613,631,632,680,1565
206,667,870,987,1088,1146
192,196,213,586,603,1851
362,604,950,951,2235,2236
198,201,216,364,584
272,285,365,366,605,652
244,291,367,368,741,1425,1426
240,242,290,354,420,620
200,435,1390,1476,1567,1570,1992
376,440,1376,1428,2002,2004,2005,5484
99,102,116,122,375,1571
113,120,380,1441,1538,1985
96,104,293,378,1539,1987
95,101,381,1320,1540,1994
443,446,493,685,2294
14,442,1996,2281,2819,5479
451,658,659,677,760,888
68,73,75,81,299,390,1721
4,49,304,321,391,1550,1551
19,307,324,394,588
3,261,306,395,649,883
41,274,313,314,335,400,664,2104
136,592,665,752,2145,2153
35,315,597,2553,2555
1819,2563,2726,2758,2962,5573
103,117,329,406,600
135,336,345,765,1741
147,344,351,410,668
89,256,958,1083,1403,1780
177,412,492,674,777,1725
218,222,248,616,617
462,614,615,3276,3280,3546
464,618,637,732,733
228,417,421,613,1565,1566
178,224,348,356,845,916
180,411,914,1726,1738,2089,2431
160,180,758,914,1423
190,211,286,362,604
372,434,471,1502,1573,1606,1607
436,476,1515,1568,1605,1612
191,199,200,294,435,1609
57,189,374,1390,1570,5481
203,217,1428,1572,5484
482,489,688,1322,2285,2604
481,1926,2293,5477,5485
13,17,18,24,445,446,484,685
384,483,504,687,918,970,1010
69,252,442,480,1805,2290,2341,2819,5487
257,267,326,451,659,893
335,454,594,664,2070,2117
59,317,318,401,456
357,457,753,758,914,2431,2435
209,867,1747,1837,1846,5542
226,415,422,462,614
220,289,369,464,618
182,184,424,426,917,2100
432,470,497,1592,1598,1601,1615
472,500,502,1574,1580,1602,1622
233,246,434,471,1603,1619
193,195,372,474,1604,1606
197,473,1568,1610,1612
207,440,477,1613,2002
65,297,385,479,482,489,679
74,444,681,2291,2292,5486
13,23,254,384,483,484
48,296,383,504,687,5489
506,692,695,778,846,1276,5492
71,450,480,490,689,2290,5488
1058,2095,2102,2103,2429,2957
468,496,513,1524,1627,1629,1658
498,518,1600,1616,1657,1662
219,221,470,497,1617,1659
239,249,432,500,502,1601,1618
245,499,1574,1620,1622
2,6,506,692,693
10,54,503,505,520,695,5492
58,519,534,697,920,972,1012
181,512,530,539,1673,2011,2015
511,514,532,699,1583,1624
187,250,496,513,1655,1663
227,229,468,516,1656,1658
223,515,1616,1660,1662
54,58,447,448,519,520
8,28,38,534,697,5495
536,700,703,848,1304,5498
510,527,528,543,1342,1669,1671
530,547,1685,2015,5493
172,181,494,512,698,782
173,176,179,699,1624,1664
44,46,536,700,779
30,487,533,535,550,703,5498
50,508,549,564,922,974,1014
148,542,557,560,712,1678,2039
544,562,707,786,1369,1666
158,161,528,543,1709,1711
164,510,527,546,548,1710
169,170,545,546,547,548,5493
30,50,507,549,550,704
52,126,508,564,705,5501
566,708,715,791,853,1210,5504
128,572,574,579,1668,2826,5569
560,2039,5499,5507,5515
148,151,526,542,706,788
155,156,185,707,1666,1712
32,61,566,708,785
523,556,563,565,576,715,5504
40,569,575,717,790,924,976
572,5505,5509,5567,5568,5569
128,253,540,571,574,710
131,558,573,711,5508,5516
40,537,538,556,575,576
34,524,569,582,717,5511
43,567,1109,5509,5510,5514,5567
570,578,1072,1108
216,288,363,583,584,953,955
188,196,201,359,364,586,644,1852
67,323,324,393,588,816,1714
15,29,307,394,590,763,2239
130,136,338,407,592
37,130,133,592,663,752,2138
31,42,315,908,2553,5560
33,318,401,597,2555,2556,2557
117,118,405,599,600,722,726
103,109,330,406,601,602,635
190,192,360,429,603,604,2236
114,286,362,606,808,950,1718
317,455,456,596,836,1720,2108
427,458,671,2087,2432,2488
398,458,609,610,671,1736,1750
417,418,421,422,461,614,3546
231,248,415,462,615,616,3272
220,222,463,617,618,732,738
289,370,420,464,619,620,637
171,281,358,609,1736
527,546,547,1671,1683,1685,2014
194,208,247,625,634,640
263,314,339,593,628,767,2104
629,636,723,729,800,937
183,418,421,613,632,1059,3547
2214,2274,2595,3001,3282
107,109,332,601,629,636
290,420,619,653,896,1782
194,288,583,625,642,952
214,625,640,642,927,1124
641,981,1021,1119,1125,1126
82,87,645,646,1398
125,308,648,661,818
21,125,305,306,648,649,650
202,205,333,365,366,651,873
243,244,654,741,746,810
70,81,299,889,1876,1961,1967
75,390,658,677,828
68,75,325,326,658,659,660
260,311,662,749,820,1827
12,595,663,1816,2113,2138
154,277,336,345,346,666,2080
152,344,409,668,833,1724,1755
150,351,352,410,669,670,756
174,347,398,1750,2499
460,1766,2098,2466,2492,2508
423,424,465,755,844,917
84,387,761,830,963,1829
162,281,609,610,675,912
441,444,482,679,681,2604
441,681,1057,1251,1924,2286,2291
13,146,483,493,685,918
254,296,384,686,687
297,489,490,688,689
386,450,490,683,688,1322,2218
6,48,504,693,970,1060
54,519,695,701,778,920
8,58,448,696,697
176,512,532,539,698,699
38,44,534,779,972,1064,1152
30,549,703,784,793,848,922
50,488,508,704,705
155,542,562,706,707,712
32,126,564,785,974,1068,1156
554,558,574,710,711,1668
554,711,1345,2675,2939,5516
137,556,575,715,790,791
40,524,538,716,717
569,570,582,718,924,978,1072
1175,1887,2106,2181,2594,3260
115,331,334,601,629,635,723
115,273,334,762,796,930
331,334,722,726,727,762
115,273,723,800,856,934
327,332,636,729,803,939
619,637,638,653,733,739,1076
731,739,1076,2547,3264,3270
419,740,813,944,959
416,732,733,738,739,3270
5651,5656,5684
202,204,365,652,742,743
367,414,741,745,810,1200
287,744,747,811,1221,1907
311,312,395,626,749,883,1808
413,825,884,1764,1765,2410,2418
844,887,917,2095,2100,2101,2102
3750,3918,3950,4865
165,186,352,669,757,759
165,180,759,1423,1726,2088
387,388,451,761,888,893,1810
341,343,346,1729,1749,2080
136,338,408,665,750,765,1741
39,263,340,767,769
39,42,766,769,834,908,5559
771,1000,2146,2560,2571,2577
835,901,1286,2105,2162
251,774,964,966,1844,1848,1850
412,492,969,2085,2094
692,693,1060,1148,1275,1276
532,539,555,624,787,1583,2011
173,176,529,698,782,783
700,779,1064,1279,1304,1891
541,562,712,1132,1369,1678
155,185,559,706,788,789
708,785,1068,1182,1210
714,719,1211,1878,2297,2298
247,634,795,854,877,1056
108,728,730,857,931,988
94,271,630,797,840,1401,1818
111,799,801,935,990,1032
106,119,725,940,941,943
949,1140,1771,2207,2216,2228,2342
798,1261,1314,1332,3610,3611
283,861,868,871,1737,1757
287,654,744,746,815
744,745,746,810,876,1221,1739
260,311,647,794,1808,3029
647,794,997,1138,1807,3030
661,748,818,1038,1138,1807,1855
25,259,312,749,820,821
1162,2192,2217,2838,3606,3632
357,428,457,610,671,912,2087
656,1129,1748,2395,2397,2817,2866
657,677,760,828,2610,2621,2622
300,388,678,761,830,831
1758,1762,2074,2144,2379,2538,2749
593,628,772,835,1286
318,456,768,775,2108,2163,2557
1859,2576,2766,2969,2977,3233
805,1906,2155,2590,2601,2784,3261
987,1009,1028,1088,1753
348,631,845,915,1775,2427
371,431,684,690,850,919
694,849,921,1061,1062,1150,1257
702,1065,1066,1271,1291,1292
137,791,853,925,1213,2262
208,212,634,854,855,980
858,1158,1238,1783,2782
1752,2176,3007,5368,5420,5422
283,742,743,866,868
430,863,867,1837,2233
869,872,874,886,1889,2585
283,430,860,863,866,871
204,743,861,868,869,1889
206,209,863,867,871,1146,1757
202,204,724,869,872,873,1723
724,796,872,874,875,930,2205
747,811,814,877,1056,1761
807,879,1169,1911,2183,2801,3532,3535
259,301,662,820,1407,1974
3,312,396,821,882,883
751,1724,1734,1755,1769,1787
884,1867,2082,2407,2418,2419
76,387,1810,1829,1858,2620,2623
310,678,830,891,963,2348
267,388,452,831,892,893
804,1708,2061,2232,2328,5547
264,598,770,904,1096,1560,2110
2273,2278,2777,3002,3256
740,812,878,944,1910,2791
621,902,1225,1792,2147
397,1007,1820,2960,3698
275,320,596,836,1046,1556,1719
598,1560,2761,2768,3489,3709
319,838,904,1096,2164
41,335,612,907,2070,2109
631,680,1775,2091,2704,2951
184,426,466,845,915,916
146,371,443,493,682,684,5545
153,694,701,778,846,1257,1277
132,702,784,793,1291,1305,1890
137,790,925,976,977
795,854,980,1116,1763,2794
284,721,926,929,1118,1863
273,865,930,931,934,988,2205
1070,1184,1307,1329,1343,1934
799,800,856,935,937,989
729,801,803,935,936,937
110,327,725,939,941,1224,1418
327,803,936,940,941
1079,1080,1082,1135,1188,2346
280,737,824,859,2598
945,947,1731,1735,2797,2799,3008
734,945,1037,1735,2773,2796
430,808,860,950,951,2233
235,288,639,952,955
234,235,282,953,955,1824
4072,4255,4257,4258
162,163,166,428,912
809,897,965,1187,1296,2586
827,1959,2363,2375,2617,2882,3091
110,1401,1418,1768,1818
1097,1099,1859,2168,2986,3231,3233
1740,2804,3281,3974,3975
146,682,918,971,1010
153,701,920,973,1012
132,793,922,975,1014
714,719,925,977,1112,2262
568,718,924,976,977,1017,1112
212,284,855,926,981,1021
858,1238,1773,1781,1908,2795
1084,1192,1312,1895,1901
1027,1086,1168,1194,1894,1896
728,856,934,988,989
985,1030,1033,1035,1078,1137
1760,1789,2210,2269,2816,3043
949,1746,1795,2251,2342,2837
260,880,1827,2933,3029,3154
734,843,947,1735,1908,2795
171,174,398,425,961,1736
1140,1854,2216,2219,2613
839,1731,1752,2799,2800,3007
319,838,967,1047,1414,2256
621,1055,1144,1225,1861,1884
682,684,713,850,971,1102
153,694,849,851,973,1104
132,702,852,975,1066,1106
581,1073,1114,2211,2834,5565
212,926,929,980,1019,1116,2793
214,585,643,644,927,1852
419,928,944,946,1910,2196
111,990,1024,1025,1027,1034,1194
730,857,1024,1027,1086
1422,1842,1843,1847,2591,2593
119,256,943,1030,1031,1033,1403
106,802,943,1033,1035
802,985,990,1025,1032,1035,1085
1297,1793,1949,2224,2316
2381,2470,2566,3190,3711,3720
880,1828,1865,2263,2388,2933
2349,2363,2366,2872,2882,2888
1830,1869,2068,2377,2629,2898
1097,1099,1563,2132,2151
4755,4900,5075,5819
910,1097,1563,1859,2583,2766
673,900,1144,1201,1225,1792,2587
809,1026,1048,1052,1296,2170
747,1029,1161,1177,1761,1907
163,350,428,457,672,753
970,971,1010,1060,1102,1148,1274
1011,1178,1202,1209,1236
972,973,1012,1104,1152,1290
923,1013,1180,1207,1252,1270
974,975,1014,1015,1106,1156
1183,1232,1293,1306,1928,2295
568,581,718,978,1114
611,1117,1159,1164,1278,2276,2539
280,419,813,876,928,1739,2598
1030,1031,1078,1082,1135
89,656,1043,1083,1957,2866
89,256,1031,1043,1079,1082
1025,1034,1084,1085,1136,1895
1089,1134,1222,1242,1795,2251
984,991,1084,1089,1136,1192,1222
1101,2603,3067,3069,3073,3077,5692
1872,2389,2390,2403,2414
817,1701,2037,2040,2416
100,110,840,938,1224,1818
2106,2160,2161,2181,2596,3003
1053,2209,2220,2267,3612,3834
431,713,850,1011,1103,1178
849,851,1013,1062,1105,1180
852,1066,1107,1157,1183,1292,1293
581,978,1072,1108,1109,5514,5565
1113,1115,1931,2299,2831,2833
719,1017,1112,1113,1115,2297
568,1017,1073,1114,1115,2833
929,1019,1118,1159,1164
210,284,981,983,1119,1863
215,1075,1165,1185,1835,1841,1864
210,983,1122,1123,1165,1833,1835
585,641,927,1124,1126
149,585,643,1020,1125,1126,1838,2237
656,1043,1079,1129,2346,2612
94,958,1131,1401,1768,1780
1197,1822,1912,1932,2213,3042
991,1078,1089,1134,1135,1137,1188
985,991,1085,1136,1137
1016,1110,2043,2373,2412,2667
1803,1933,2229,2344,2350,2358,2820
403,596,775,1054,1556,2108
127,900,1145,1201,1909,3033,5584
720,806,1190,2277,2777,3256
713,1011,1102,1236,1237,1256,1274
1063,1230,1235,1249,1288
851,1013,1104,1153,1199,1270,1290
1154,1155,1181,1208,1233,1892
852,1015,1069,1106,1157
1019,1159,1814,2172,2276,2793
737,824,1018,1160,1161,1177
878,1163,1258,1910,2196,2754,2789
721,1117,1118,1164,1185,1864
1039,2360,2628,2889,2891
1075,1190,1422,1836,1841,1842,2277
1167,1857,2036,2037,2042,2416
957,1095,2337,2339,2345,2639
1026,1052,1098,1227,1898,2202,2203
1053,1090,1760,1905,2267,2812,3043
431,690,1063,1103,1179,1230
1062,1105,1150,1154,1181
1015,1068,1069,1156,1182,1212
414,740,812,959,1200,2792
215,1117,1185,1186,1220,1278
1128,1880,1968,1971,2282,2392,2614
4785,4797,5021
1064,1152,1199,1279,1290
720,806,1120,1186,1220,1259,3257
108,857,1086,1896,1899,1904,2204
467,932,1195,1198,1267,1283,1289
673,898,1201,2588,2813,3033,3034
847,1063,1103,1178,1202,1203,1235
467,1204,1267,1268,1923
1105,1154,1180,1207,1233,1294
921,1150,1181,1202,1203,1208,1209
853,1182,1210,1212,1213,2261
709,1069,1157,1183,1212,1306,2261
633,737,859,982,1160,2602
792,1239,1333,1350,1357,1942
1170,1450,1458,1459,2266
1349,1350,1357,1358,1944,1946
1195,1250,1260,1262,1267,1923
842,898,1048,1886,2170,2588
3004,3543,3561,3568,3596
1239,1248,1254,1266,1300,1311,1893,1941,1942
690,919,1179,1204,1231,1268
1067,1228,1243,1272,1282
847,1155,1203,1208,1254,1311
921,1061,1209,1236,1237
159,2141,2231,2273,2278,3772
829,1002,1173,1240,1966,2609,2611
691,1036,1260,1262,1298,1914
771,901,1000,2124,2162,2568
948,1022,1226,2189,2750,2788,3005
467,932,1179,1204,1230,1249
140,1269,1922,1925,1927
1067,1206,1207,1228,1252,1253,1294
847,1235,1248,1254,1255,1288
1061,1149,1237,1256,1257,1277
215,806,1075,1220,2277
123,986,1223,1307,1308,1329
1070,1243,1282,1307,1308,1339
2975,2976,2981
509,792,1301,1315,1333,1353
371,919,1231,1269,1922,5545
923,1065,1206,1252,1271
123,781,986,1295,1309,1940
1148,1149,1256,1274,1275
846,1149,1275,1276,1277
879,1120,1169,1186,1278,2539
1111,1273,1297,1330,1948,2316
1229,1302,1319,1335,1337,1955
984,998,1222,1242,1281,1798,1832
275,608,838,967,1046,2164
509,932,1249,1255,1288,1289,1301
923,1065,1153,1270,1291,1305
1067,1107,1206,1271,1272,1292
1233,1234,1253,1294,1295,1309,1892
984,1192,1281,1312,1900
373,509,1198,1216,1289,1315
792,1239,1248,1255,1301
373,1151,1198,1283,1317,1321
1153,1199,1279,1305,1890,1891
1107,1217,1232,1243,1272,1293,1339
986,1228,1253,1282,1308,1309
781,1234,1266,1295,1893
1280,1314,1331,1332,1796,1897,2208
1281,1796,1798,1853,1897,1900
373,1216,1302,1321,1335
20,691,1151,1195,1260,1283
1323,1336,1875,1916,1983,2662,5543
20,1151,1316,1317,1323,1324,1336
20,691,1318,1324,1914,1917,2287
1205,1250,1262,1298,1326,1767
1327,1340,1341,1929,1936
123,1111,1223,1310,1330,1940
1790,1822,1912,3615,3618,3626
1133,1216,1229,1302,1315,1353
1316,1317,1321,1335,1337,1954
525,1316,1336,1367,1368,1954,2662
1070,1184,1217,1339,1340,1929
1184,1340,1343,1935,1936,2302,2329,2607
1111,1223,1273,1329,1347,1934
1348,1694,1938,2310,2323,2325,2326
1273,1297,1347,1348,1694,2224,2309
1300,1310,1330,1941,1943,1948
1351,1363,1373,1945,1951
1133,1229,1319,1334,1338,1363,1373
433,942,1071,1285,1372,1444,1460
1133,1333,1334,1353,1357,1358
525,942,1362,1367,1372,2663
469,1354,1361,1364,1371,1377
1319,1338,1354,1359,1361,1955
469,1338,1351,1361,1363,1381
1354,1359,1362,1364,1367,1368
1826,1939,2313,2336,2847,2849
433,1362,1364,1372,1377
1351,1381,1385,1387,1388,1951,1953,2333
1191,1355,1375,1378,1379,1497
433,1071,1191,1371,1377,1378
1071,1378,1444,1455,1489,1497,1988
469,1191,1371,1374,1379,1381,1385
1382,1386,1391,1527,1529,2850,2854
1374,1375,1379,1382,1391
1374,1382,1385,1388,1527
1392,1490,1498,1519,1521,1525
1355,1375,1386,1391,1392,1525
85,269,655,826,1241,1393
85,121,269,1395,1396
1128,1130,1402,2255,2614,2615,2865
655,1241,1400,1402,1960,1964,2255
826,1130,1241,1394,1402
958,1083,1130,1131,1394,1957,2865
1980,1982,1997,2245,2340
1546,1555,1973,2347,5517
1,5,9,303,1409,1410
53,56,255,1411,1412
1041,1552,1554,1557,2258,2361
62,64,91,1415,1416
268,271,328,797,1417
97,98,100,938,1419,1420
141,144,341,343,885,1421
160,165,168,186,278,1423,1424
238,240,354,1425,1426
375,376,1376,1380,1430,1571
1352,1434,1436,1452,1454,1462
1376,1430,1437,1464,1468,2003,2005
1380,1427,1430,1437,1438,1439
1433,1440,1445,1447,1449,1457
1434,1436,1437,1438,1464
1360,1427,1433,1436,1438,1440,1452
1427,1433,1439,1445,1446,1984
139,1443,1448,1451,1453,1990
293,379,1442,1445,1446,1449,1987
1360,1440,1443,1448,1457
1170,1435,1458,1977,1981
1356,1360,1448,1451,1452,1454
1356,1429,1451,1455,1988,1989,1990
1352,1356,1429,1454,1465
139,1443,1447,1457,1458,1977,2266
139,1450,1453,1877,1991,2266,2364
1429,1431,1455,1456,1465,1484,1489
1466,1467,1477,1479,1483
1352,1431,1462,1465,1466,1483
1432,1434,1462,1464,1466,1467,1468
1384,1461,1474,1614,1993,2259
478,1432,1468,1472,1474,2003,2259
1432,1461,1467,1473,1474,1477
1469,1475,1487,1493,1503,1517
1384,1461,1469,1473,1478,1487
1463,1469,1473,1475,1477,1479
1366,1389,1488,1494,1495,1516
1431,1463,1479,1483,1484,1491
1480,1485,1490,1492,1518,1519
1384,1389,1470,1478,1488,1993
1456,1480,1484,1490,1491,1498
1463,1475,1480,1491,1492,1517
1366,1370,1389,1478,1487,1493,1505
1470,1476,1488,1496,1516,1567
1355,1392,1456,1489,1497,1498
1383,1481,1499,1507,1508,1534
1501,1504,1506,1513,1577,1578
1481,1493,1503,1505,1507
1366,1370,1494,1504,1513
1370,1501,1504,1505,1507,1508
1482,1510,1514,1575,1576
1346,1501,1508,1534,1577,1579,1581
1482,1494,1495,1506,1513,1575
1482,1495,1496,1510,1515,1516,1605,1608
1481,1492,1499,1503,1517,1518
1383,1485,1499,1511,1518,1520,1532
1485,1519,1520,1521,1522
1531,1533,1646,1873,3064,3312
1386,1521,1522,1525,1526,1529
1500,1530,2846,2852,2853,3313
1500,1520,1522,1526,1532,2853
1500,1511,1530,1531,1532,3312
1346,1383,1511,1531,1533,1534
1346,1533,1579,1646,1654,2024,2028
99,102,113,1537,1538
93,95,96,1539,1540
80,381,382,1541,1542,1994
298,382,1542,1544,1979,1995,2376
4,47,304,881,1547,1999
881,1413,1546,1547,1548,1973,1998
321,322,392,1549,1550
322,391,1244,1550,1552,1554
391,1245,1551,1553,1554,2258
1245,1553,1883,2343,2382,2647
1244,1287,1552,1557,1558,1561
909,1041,1047,1049,1557,1561,2256
608,967,1047,1287,1561
264,319,904,1143,1414,2565
178,224,355,1565,1566
435,436,1496,1515,1567,1609
189,200,294,1569,1570
116,376,439,1428,1571,1572
471,472,1502,1580,1585,1619
495,1502,1509,1514,1573,1576,1585
495,1486,1506,1575,1576,1578,1587
1577,1578,1581,1587,1589,1595
780,1512,1582,1584,1586,1588
1579,1581,1589,1596,1639,1640,1654
1509,1580,1585,1586,1588,1602
495,780,1486,1509,1588
780,1486,1512,1587,1593,1595
1594,1597,1631,1643,2021,2023
1512,1584,1590,1593,1594,2021
1589,1590,1593,1595,1639
1582,1584,1592,1594,1597,1598
1536,1592,1597,1615,1643,5539
500,1582,1586,1598,1601,1602
237,372,434,1603,1604
474,476,1605,1606,1607,1608
1510,1514,1573,1607,1608
199,436,475,1568,1609,1610
195,473,474,476,1611,1612
207,374,1093,1390,1471,1613,1992
497,498,1536,1600,1615,1659
230,432,470,1617,1618
233,472,501,1574,1619,1620
239,499,502,1621,1622
511,513,514,1623,1627,1663
1625,1630,1638,1648,1650,1695
511,555,1583,1623,1628,1633,2006
1524,1623,1627,1632,1633,1634
1524,1599,1629,1634,1637,1641,5540
1628,1630,1632,1633,1638
1628,1630,1695,2006,2007,2008,2368
1591,1599,1625,1632,1634,1638
1635,1642,1644,1651,1653,2020
1591,1599,1637,1642,1644
1631,1637,1641,1643,1644,2020,5539
1591,1625,1626,1635,1642,1648
1141,1652,1703,2026,3307
1626,1648,1650,1687,2018,2050
1626,1635,1645,1651,1652,1687,2026
1596,1640,1645,1651,1653,2022,2027
225,468,496,1655,1656
516,518,1629,1657,1658,5540
219,498,517,1616,1659,1660
229,515,516,518,1661,1662
187,514,531,1624,1663,1664
543,544,786,1665,1669,1711
1328,1535,1636,1649,1672,1677
786,1132,1369,1665,1670,1675,2030
1342,1665,1669,1674,1675,1676
1342,1671,1676,1679,1681,1683
1636,1670,1672,1674,1675
1167,1328,1670,1672,2030,2034,2036
1535,1636,1674,1676,1679,1689
1667,1684,1691,2009,2010,2012
1679,1680,1681,1684,1686,1689,2012
1681,1683,1686,2013,2014
1692,1697,1700,1705,2046
1535,1677,1680,1689,1690,1692,1697
1667,1680,1682,1684,1692,2046
817,1688,1693,1698,1937,2040,2372
1667,1682,1691,1696,2019,2047
1649,1677,1690,1693,1698
1523,1688,1690,1693,1697,1700
817,1328,1649,1698,2036,2416
1704,1706,2053,2055,2057,3059,3061
1523,1700,1705,1706,1707,2045,2053
1523,1688,1707,2059,2372,2676,2678
167,510,528,1709,1710
158,544,561,1666,1711,1712
16,309,323,1713,1714
1715,2067,2069,2241,2415,2947
114,285,605,1717,1718
51,607,836,1719,1720
70,81,389,1721,1722
669,756,757,822,1001,1754
969,1766,2094,2096,2097,2492,2506,2516
824,876,1161,1221,1907,2598
795,1029,1056,1761,1763
809,1009,1048,1187,1753,1886,1902
206,870,1737,1743,1757
342,413,757,759,822,1765,2088
832,1734,1751,1769,1785,2079
665,750,894,1733,1758,2144,2153
724,727,762,796,1723
460,492,969,1725,1766
277,336,750,1727,1733,1741
895,1800,2603,2879,3067,3068
751,1001,1754,1776,1787
751,884,1734,1764,1776,2079,2407
337,843,968,1773,1778,1908
341,754,832,833,885,1729,1755,1769
858,1018,1029,1158,1177,1763,1781,2794
667,902,1028,1088,1811,1849,2147
589,763,1777,1788,2065,2239
1727,1733,1758,1762,2081
902,1028,1753,1792,1902,2587
895,1140,1800,1854,2207
864,874,875,2201,2206,2585
841,956,1100,2380,2945,2950,3028
337,982,1018,1160,1773,1781
2270,3625,3815,3824,3829,3989
337,353,982,1778,2600,2602,5426
2839,3050,3305,3629,3630,3995
1770,1804,2306,2835,2836,2861,2863
822,1754,1764,1765,1776
764,1094,1762,2081,2401,2749
839,843,947,968,1731
913,1779,1789,2269,2606
2213,2307,2815,3042,3605,3609
839,968,1752,1778,5422,5424,5426
3045,3074,3607,3843,3997,4216
589,1788,2240,2243,2380,2950
895,1404,1854,2613,2818,2876,2879,2880
1101,1176,1800,2207,2228,2603
1341,1772,1802,1936,2607
1803,1805,1921,2341,2820
1822,1932,3626,3645,3805,4155
626,647,748,1807,1808
657,760,888,1810,2620
842,898,1885,2188,2811,2813
842,1052,1098,1745,1885,2170
611,1169,2183,2539
127,1812,1815,1903,1909,2166
403,770,1054,1820,2110,3698
632,680,1059,2091,2717,2803
232,234,241,954,1823,1824
1647,1825,2016,2222,2332,2843
662,880,1407,1827,1828
84,310,963,1830,2068
1162,1796,1853,2208,2839,3050,3632
361,1121,1123,1127,1833,1834,1839
964,1121,1122,1193,1833,1848
399,862,1834,1839,1840,2238
149,1127,1839,1840,2237
1122,1193,1835,1836,1841
964,1193,1836,1842,1843,1844
251,774,1050,2165,2589,2592
774,1843,1844,1847,2589
906,966,1747,1846,1850,5541
586,643,1020,1851,1852
1080,1134,1188,1771,2251,2342
996,997,1138,1716,1855,2807,3021
1091,1701,1937,2040,2378,5572
772,901,1000,1264,1265,1286,2560
1055,1175,1813,1845,1884,2106,2161
210,721,1165,1863,1864
310,1139,1830,2064,2348,2377
909,1143,1218,1414,2256,2937
1039,1913,1962,2260,2374,2405,2889
1139,1866,2371,2377,2637,2898,2902
1871,1872,2075,2264,2403,2411,2695
1406,1875,1877,1918,1983,2364
1809,1874,1969,2253,2393,2394,2626
709,1211,1306,1878,1928,2296
1172,1880,1956,1963,1968
1081,1882,2246,2387,5551
621,1050,1811,1861,2147,2165
900,1144,1145,1813,1884
397,768,1007,2163,2558,5575,5844
784,848,1304,1890,1891
1155,1234,1311,1892,1893
1034,1194,1263,1894,1895,1901
1168,1263,1280,1331,1894,2271
913,1168,1779,1896,1899,2271
1263,1280,1312,1897,1900,1901
1090,1098,1227,1745,1760,2210
913,1227,1899,2203,2204,2210,2269
638,653,878,896,1023,2789,2791
899,3775,4149,4930,5173,5175,5195
1911,2781,2783,2798,2801,5563
1128,1880,1956,1960,2255
386,683,1036,1303,1318,1325,1914
1323,1324,2287,5543
1916,1918,1920,1983,5544
1915,1933,2288,2289,2358
1205,1231,1250,1268,1922,1923,1925
1205,1251,1326,1925,1927,2286
140,481,1251,1924,1926,1927,5546
1217,1232,1327,1879,1929,2295
1327,1341,1802,1879,1930,2305
1313,1786,2268,3601,3813,3818,4157
1343,1344,1347,1934,1935,2309
1344,1935,2227,2310,2325,2329,5549
1947,1950,2312,2315,2322,2334
781,1266,1310,1940,1941
1300,1350,1942,1943,1946
1334,1358,1373,1944,1945,1952
933,1349,1365,1944,1947,1952,2315
933,1349,1793,1943,1946,1948,2316
1365,1947,1953,2058,2333,2334
1365,1945,1951,1952,1953
1337,1359,1368,1954,1955
829,1003,1172,1173,1963,2249,2265
1809,2246,2252,2393,2396,5551
87,1219,1398,1400,1964,2284
4248,4471,4473
1003,1219,1876,1961,2249,2284
1748,2250,2397,2616,2818,2875,2876
829,1876,1967,2249,2609
1003,1956,1960,1963,1964,2284
303,1409,1548,1555,1972,1973
301,1555,1972,1974,2000,2347,2660
379,1435,1447,1449,1976,1977
1435,1544,1976,1978,1981,1995
1170,1459,1544,1979,1980,1981,1997
1450,1459,1877,1918,1920,1980,1982
380,1441,1442,1446,1984
377,378,380,1442,1985,1986,1987
1285,1444,1988,1989
1285,1453,1460,1989,1990,1991
1470,1471,1476,1614,1992,1993
382,1320,1978,1994,1995
298,1044,1405,1543,1919,2376
7,1545,1547,1998,1999
1397,1559,2664,5520,5526
478,1093,1472,1613,2002,2004
478,2003,2004,2005
555,624,2006,2007
624,787,1691,2007,2008,2009,2019
623,787,1673,2009,2010,2011
623,1686,2010,2012,2013
623,1673,1685,2013,2014,2015
2029,2044,2056,2367,2842
1650,1695,2048,2050,2365,2368
1631,1653,2020,2022,2023
1590,1596,1639,2021,2022,2023
1640,1654,2025,2027,2028
1645,1703,2025,2026,2027
1703,2024,2025,2028,2029,2367,3307
541,1132,2030,2031,2034
2032,2033,2035,2038,2043,2373
541,557,1678,2031,2032,2035
1167,2031,2032,2033,2034,2042
557,1702,2035,2038,2039,5515
1166,2409,2666,2668,3065,5571
1166,1857,2033,2042,2373,2409,2412
2051,2052,2353,3308,3309,3311
1682,1696,1705,2045,2046,2054
1696,1699,2047,2048,2049,2054,2365
2018,2048,2049,2050,2051,2353
1699,2049,2051,2052,2055,3061
1699,2045,2053,2054,2055
1706,1707,2057,2678
1825,2061,2063,2222,2328,2841,3057
1704,2060,2328,3057,3059,5547
804,1708,2677,2679,5548
67,816,2067,2240,2243,2946,2947
67,323,587,1713,2067,2415
819,891,1715,2064,2241,2348,2370
2137,2149,2532,2533,2982,3216
754,832,1004,1785,2073
2077,2408,2751,2755,2996,5553
1004,2072,2073,2076,2077,2078,5553
1004,1751,1785,1872,2075,2078,2414
277,764,1727,1749,2080,2081
2448,2455,2461,2471,5610
177,412,465,676,755,2084,2085
2086,2362,2437,2438,2441,2443,2446
342,411,1726,2088,2362,2437
459,2706,2710,2954,2955
427,776,1005,2092,2432,2458
755,844,887,2085,2094,2096
887,1058,2095,2096,2097
1058,2097,2099,2506,2518,2716,2957
426,622,915,2100,2101,2427
459,622,2101,2102,2103,2955
41,628,835,907,2104,2105
907,2105,2107,2109,2162,2568
302,910,1563,2111,2114,2132,2140
302,1247,1888,2111,2112,2567
612,2107,2109,2112,2122,2128,2567
2111,2112,2114,2116,2122
594,612,2070,2118,2128,2131
594,1816,2113,2117,2118,2119
2120,2121,2125,2134,2148,2156
2123,2126,2129,2130,2135,2531
2114,2115,2116,2120,2125,2140
12,1816,2119,2126,2127,2129,2139
2118,2119,2129,2130,2131
2115,2116,2122,2128,2130,2131,2135
1099,2150,2151,2158,2168,5561
2115,2123,2125,2134,2135
2071,2123,2134,2137,2148,2531,3216
12,262,752,2127,2138,2145
2120,2121,2132,2140,2151,2157,2158
1906,2278,2784,3002,3540,3772
262,1774,2127,2139,2152,2532,2533
275,1054,1096,1556,2110,2164
2143,2540,2692,2693,2753
960,1246,2582,2584,2751,2755,2997
262,894,2145,2152,2153
251,906,1050,1811,1849,1850
2071,2148,2156,2537,2983,3217
2121,2156,2157,2534,2537
1812,1815,2160,2279,2535,3003
302,837,905,910,1247,2583
414,745,813,959,1739
1145,1812,1813,1909,2160,2161
771,905,1247,1888,2124,2571,2575
861,886,965,1737,1743,1889,2586
1077,1887,2594,2601,2780,2785,3261
1815,1903,2174,2199,2279,4147,4151,5194
1037,1783,1814,2172,2782,2796,2802
2173,2177,2182,2193,3036,3295
353,1022,1226,2600,5427
1903,2166,2174,2177,2193
2142,2179,2214,2786,3001,3567
2173,2174,2177,2198,4145,4151
2194,2814,3035,3294,5585
2184,2570,2778,3469,5445,5447
1801,3296,3304,3605,3609,3977,4143
127,2166,2182,2193,2194,3294,5584
4331,4334,5272
1023,1174,1258,2775,2789
2173,2187,3295,3296,3299,4143,4145
903,1744,1898,2201,2202,2206
903,1898,1904,2203,2204
865,875,1744,2205,2206
949,1176,1284,1728,2228,2837
841,2942,2945,2949,3025,3160,3163
1804,2227,2302,2306,2329
1242,1746,1795,1832,3049
1101,1176,1284,3073,3075,5688
1036,1298,1325,1767
1708,2232,2327,2679,2680,2856
2779,3548,3571,3587,3777,3794,3973
450,1921,2218,2290,2341
999,1825,2063,2331,2332
994,1772,1802,2041,2300,2304,2305
1770,1804,2212,2227,2859,5549
1080,1771,2216,2219,2346,2612
399,862,951,1837,2233,2235,5542
360,862,2234,2235,2236,2238
1838,1840,2234,2237,2238
1038,1716,1777,1855,2065,2242
1100,1777,1788,2242,2380
996,1100,1716,2242,3028,3286
3138,3141,4238
3019,3291,4055,4057,4059,5591
1240,1966,1969,2226,2253,2624
1189,1965,1971,2282,2385,2386,2867,2870
1002,1042,1399,1966,1969,2384,2394
1044,1919,2245,2340,2344,2350
1797,2904,3090,3097,3323,3331,3337
1919,1979,1997,2340,2376
709,714,1211,1213,2261,2262
2008,2019,2047,2365,2368
827,1874,1959,2384,2394
1147,2840,3054,3623,3646,3988
798,1789,2272,2606,2816,3610
798,1331,1332,1779,2271,2606
280,633,859,928,946,948,2750
879,1074,1120,1259,3532,3534
805,1190,1422,1906,2591,2777,3002
1077,2601,2784,3540,3771,3962
1172,1965,1968,2265,2282,2338
1799,1801,2579,3304,3985,4783,4792
386,1057,1322,1325,1326,1767,2285,2286
1303,1318,1915,1917,2288
683,1303,1803,1921,1933,2218,2288
481,1924,2291,2292,5485
24,446,1926,2293,2294,5546
1879,1928,1930,2295,2296
1878,1930,2296,2298,2300,2305
1113,1931,2041,2297,2298,2300
1806,1831,2669,2670,2828,2835,2863
1831,1868,1931,2041,2299,2304,2669
994,1772,2302,2306,2607,2836
998,1162,1798,1853,2192
1344,1694,2309,2310
1348,1938,1949,1950,2224,2312,2314
999,2062,2311,2318,2321,2331
933,1793,1949,2312,2315
1938,2311,2314,2317,2318,2323
2230,2319,2320,2324,2327,2680,5550
1950,2314,2318,2321,2322,2335
2062,2311,2317,2319,2324
2317,2319,2320,2323,2326
2061,2062,2063,2232,2324,2327,2331
2212,2230,2855,2857,2859,5550
999,1647,1826,2321,2332,2335,2336
1387,1939,2058,2313,2333
2058,2313,2322,2334,2335,2336
1189,1399,1959,2384,2617,2867
1975,2000,2337,2339,2356,2660
1958,2349,2366,2903,3095,3851
909,1049,1218,1397,2664,2938,4084,4520,5525
1042,1189,1399,1965,2338
942,1406,1460,1991,2364,2663
2638,2642,2644,2648,2654,3157
1081,1882,1958,3851,4044,5552
1646,1873,2024,2367,2842
957,1975,2339,2653,2661,5518,5519
1408,1865,2337,2356,2388,2639,3398
1041,1049,1397,1559,2361
1044,1405,1996,2229,2281,2344
1809,1913,2257,2260,2396,2626
1093,1471,1472,1614,2259
1143,1870,2381,2565,2566,2935,2937
1139,1866,2064,2370,2686,2687,2690
1141,1652,1687,2018,2353,3309
1920,1982,2245,2289,2350,2358,5544
2352,2366,2872,2878,2903,3090,3331
1110,1345,1702,2038,2043,2675
587,819,1715,2066,2415
1245,1559,2258,2343,2361,5520
2252,2260,2374,2396,2630,3103
827,1874,2246,2375,2387,2393
1913,1962,2254,2257,2625,2627
2390,2403,2406,2413,2421,2425,2695
1081,1958,2349,2363,2375,2387
1002,1042,1173,2265,2338
84,1829,1858,1869,2068,2890,2895
1407,1828,1865,1974,2000,2356
1094,2072,2076,2401,5554
1871,2411,2573,2694,2700,3240
1751,2079,2082,2389,2407,2414
1756,2417,2420,2445,2447
960,2399,2548,2584,2748
2082,2389,2390,2406,2419
2371,2682,2902,2914,2919,3105,3107
2075,2077,2078,2264,2408
1166,1701,1857,2037,2378,5571
342,413,2086,2362,2410
825,2086,2410,2417,2420,2443
825,1867,2402,2418,2420,2447
1867,2402,2406,2419,2421,5555
2503,3946,4118,4122,5025,5828
2400,2413,2421,2422,2449,5030,5555
459,622,1775,2427,2704,2706
2090,2099,2712,2716,2956
357,2087,2092,2432,2435
1738,2089,2093,2434,2436,2440
1738,2092,2431,2435,2440,2458
411,2089,2434,2437,2441
2433,2439,2442,2452,2457,2463,2473
2093,2433,2434,2438,2441,2457
2433,2438,2444,2446,2452
2369,2417,2443,2444,2445,2446
1756,2369,2445,2448,2450,2455,5556
2422,2450,5030,5556,5826,5829
2369,2439,2444,2448,2451,2452,2461
2453,2459,2465,2476,2484,2505
2456,2474,2481,2495,2501,4266
2093,2436,2442,2453,2457,2459,2483
1005,2436,2440,2458,2477,2483
2439,2451,2456,2464,2468,2473,2474
2083,2442,2453,2463,2476,5557
2460,2478,2482,2487,2511,2521
2451,2461,2468,2471,5609
2467,4938,4939,4941,5023,5024,5026,5608
2424,2456,2468,2495,5607,5609
2462,2463,2464,2473,5557
2462,2464,2474,2475,2481,5558
776,1005,2460,2477,2478
2424,2495,4266,4938,5608,5704,5706
2083,2465,2476,2504,2728,2729
2459,2460,2477,2482,2483,2484
2482,2484,2505,2510,2521,2522,2738
427,776,2478,2487,2488,2493
3473,3697
2454,2494,2498,2500,2507,2517
458,1750,2488,2493,2498,2499,2500
2490,2496,2502,4089,4497
2454,2487,2493,2497,2498,2511
347,2098,2466,2494,2499,2500
2475,2481,2501,2502,4096,4497,5705
2475,2485,2496,2502,2504,2728,5558
2430,2491,2523,2737,2741,3413
2098,2486,2494,2508,2515,2517
2485,2490,2496,2730,2733,4092
2454,2491,2497,2507,2523
2090,2709,2712,2740,3404,3700,3704,5605
2492,2508,2515,2516,2746
2486,2513,2515,2740,2746,3700
491,2524,2705,2713,2744,2745,3427
2491,2497,2511,2521,2737,2738
2486,2507,2513,2517,2523,2708,3413
2509,2530,2731,3425,3706,4080,4088
2090,2707,2956,3176,3404
2530,2730,3705,3706,4092
2126,2137,2139,2531,2532
894,1774,2144,2152,2379,2536
1774,2149,2533,2536,2545,2752
2136,2379,2536,2538,2542,2752
805,2551,2590,2591,2593
2074,2399,2538,2542,2548,2692,2693
911,2143,2540,2764,3242,3245,3524
3254,3509,3741,3742
3221,3224,3244,3246,3248,3250,3529
2544,2552,2572,2998,3221,3225,3244
55,2184,2570,2790,3555
60,402,2757,5574,5576
402,1564,2553,2555,2556,5560,5574
768,1564,2556,2557,2558
1264,1819,2146,2171,2528,2560,2563
2154,4282,5815,5821
1006,2146,2528,2559,2577,2765,3494
264,1560,1870,2565,2569,2761
1888,2107,2124,2567,2568
2763,3491,3725,5578,5618
773,837,905,2575,2966
404,453,773,2001,2966,2967,3192
453,2967,2968,2974,2978,3499,3501
773,2571,2575,2577,3192,3494
2150,2168,2562,2770,2985,2986
2534,2537,2574,2983,3218,3516,5562
911,1246,2543,2546,2549,2582,3242
864,886,897,2585,2586
673,1886,1902,2587,2588
1055,1196,1845,1861,2165,2592
1196,1847,2551,2589,2592,2593
1175,1196,1845,2155,2551,2590,3260
1862,2535,2596,3003,5582
735,2142,2175,2786,2790,3555
946,948,1163,1215,2196,2788
1174,1258,2185,2595,2754,3282
441,1057,2285,2604
2244,2808,2809,3020,3031,3290
2303,2821,2823,2825,2829,2832
890,1240,2610,2611,2622,2624
889,890,1967,2609,2611
1129,1404,2219,2612,2613,2817
2250,2392,2395,2397,2614,2615
1971,2250,2385,2392,2873,2875
1759,2386,2398,2619,2868,2870
76,1970,2254,2623,2625,2893
657,1970,2620,2621,2623
1970,2226,2621,2622,2624,2625,2627
2226,2253,2257,2626,2627
2404,2892,2896,2897,2925,2926,3093
1039,2360,2374,2630,2631,2632
962,1045,2635,2916,3096,3110,3114,3115
962,2357,2631,2632,2635,2900
2360,2628,2631,2899,2900,2906,2924
1408,2345,2639,2642,2654
2640,2641,2643,2645,2652,5528,5529
1095,2345,2638,2640,2642,2652
2638,2640,2644,2645,2650,2656
2643,2646,2653,5519,5521,5528
2651,2927,3357,3365,3366,3371
2930,2931,3152,3389,4078,5616
957,1095,2643,2652,2653
2644,2648,2655,2656,2927,3365,3369
2641,2645,2650,2928,2930,3152,3373
1732,2658,2934,3288,3400,3890
1975,2347,2660,2661,5517
525,1406,1875,2662,2663
2354,2391,2936,2938,4091,4520
2409,2412,2666,2667,2672
1806,2215,2666,2668,2672,2828,2864
2671,2673,2674,2824,2827
1016,2215,2667,2672,2673,2827
1016,1110,2671,2673,2675,2939,2940
1040,1091,1937,2372,2676
1040,2059,2676,2677,5548
1040,1091,2330,2677,2679,2681,2856,2860,5572
1866,2371,2682,2686,2943
2684,2689,2805,2920,3158,3159,3164
1784,2683,2687,2690,2691,3172
2682,2684,2689,2943,2944,3107
2069,2241,2370,2683,2690,2948
2264,2408,2411,2573,2995,2996
1871,2425,2694,2695,2698
2469,2696,2699,2701,3952,4121
2400,2413,2425,2698,2699,2701
2694,2696,2698,2700,2701,2989
2696,2772,2989,3941,3952,3953,4123
993,2221,2428,2711,2714,2952
2428,2704,2706,2714,2723,2951,2954
3405,3419,3672,3674,3677,3699
2429,2518,2705,2722,2744,2957
2720,2724,3182,3184,3185,3428,3432
2569,2760,2761,2768,3486,4103
2727,3181,3186,3434,3480,3484
2709,3177,3405,3699,3702,5605
1821,2713,2722,2744,2958,3183
2711,2714,2720,2723,2953,3182,3431
1821,2710,2723,2953,2954,3183
2221,2711,2721,2725,3181,3431,3480
2465,2505,2510,2520,2729
2485,2520,2728,2729,2733,2736,2739
2530,2730,2731,2733,2736,2742
2509,2512,2526,2731,2742,3178,3408
2510,2520,2522,2735,2739,2743
2430,2522,2527,2735,2737,2738
2512,2526,2527,2735,2743,2747
2526,2736,2739,2742,2743
491,2518,2705,2707,2716,2956
2099,2506,2516,2712,2740,2746
2074,2399,2401,2748,2749,5554
2136,2541,2544,2545,2552,2752,3222
2136,2541,2542,2693,2753
353,633,1226,2602,2750
60,1819,2171,2756,2757,5573
1006,2559,2578,2726,2758,3194,3723,5579
1870,2470,2566,2569,2760,3492
2514,2554,2961,3488,5577
911,1246,2143,2548,2584,2692
2543,2549,2988,2994,3522,3530
2540,2541,2544,2572,2753,2764
2355,3505,3510,3512
2133,2159,2984,3220,3506,3516,5562
611,807,2172,2183,2276,2802
638,1023,1076,2195,2547,2775
1730,1911,2275,2781,3258,3535
5084,5156,5158
899,2199,2279,2535,5195,5582
159,1074,1087,1259,2231,3257,3758
2275,2774,2781,3012,5373,5563,5839
1142,2197,2581,3000,3283,3284,3558
735,1163,1215,2142,2214,2595,2754
55,735,1215,2189,2788,2790
812,896,1782,2791,2792
1116,1158,1783,1814,2793,2794
734,1238,2782,2795,2796
945,2773,2783,2797,2798,5564
1214,1742,2774,2797,3008,3012,5564
807,1037,2773,2798,2801,2802
183,1059,2803,2804,3483,3975
2806,3026,3027,4069,4070,4260
997,2248,2808,3020,3021,3030
1171,2248,2808,2809,3155,3289
1090,1745,1885,2811,2812,3037
1817,2188,2811,2814,3037,3038,5585
823,1905,2220,2267,3046,3836
1404,1748,2817,2818
1805,2229,2281,2819,2820
1868,2669,2670,2821,2822,2832
2674,2821,2822,2824,2829
579,979,2826,2830,5566,5570
2215,2670,2822,2824,2827,2828
2671,2674,2823,2829,2830,2940,5566
1868,2299,2303,2831,2832
1073,2303,2825,2831,2833,2834
994,1831,2304,2835,2836
1284,1728,3075,3607,3997,4214
3644,3806,3984,3986,4156,4339,4586
2845,3058,3060,3062,3063,3306
1647,1826,2016,2847,2848,2851
1528,2016,2843,2845,2851,2852,3058,3313
2844,2847,2848,2849,2850,2854
1387,1388,1527,1939,2849,2850
2844,2846,2848,2851,2852
1526,1529,2844,2846,2853,2854
2230,2680,2681,2855,2856
2301,2330,2858,2860,2862,3066
2681,2855,2857,2860,2862
1770,2301,2857,2859,2861,2862
1806,2301,2861,2863,2864,3066
1957,2395,2615,2865,2866
2386,2617,2619,2867,3091
1759,2385,2618,2870,2873
2869,2871,2874,2883,3315
1759,2383,2398,2618,2869,2874
2616,2618,2869,2871,2873,2875
2881,2884,2887,3318,3336
1791,2616,2871,2876,2877,2880,3315
2383,2398,2868,2881,2884,3092
1299,2383,2874,2883,2884,3314,3318
1299,2608,3082,3314,3319
2872,2878,2881,2887,2888,3092
1962,2254,2405,2893,2894,3094
2405,2889,2891,2892,2894,2926
76,1858,2893,2895,3094
1869,2629,2890,2896,3093
2404,2629,2637,2896,2898
1881,2897,2901,2908,2923,2925
2404,2637,2897,2901,2902,2919
2351,2634,3104,3860,3861,4043,5586
2635,2636,2900,2906,3110
2910,2914,2921,3105,3112,3128
3134,3352,3659
2633,2909,3111,3117,3133,3350,3353
2636,2899,2906,2915,2922,3102
2688,2910,2912,3128,3129,3136
1881,2688,2908,2912,2913
2688,2913,2918,2922,3102,3106,3136
2901,2908,2910,2912,2919,3105
1881,2899,2913,2923,2924,3102
2628,2891,2923,2924,2925,2926
2650,2655,2656,2928,3148
1092,2651,2655,2927,3148,3149
1856,2932,3395,5531,5534,5535,5538
2263,2388,2659,2810,2934,3288,3398
2354,2381,2935,2936,3720
1218,2354,2935,2937,2938
554,579,1668,2830,2939,2940
1784,2689,2805,2941,2944,3172,3173
1784,2686,2687,2943,2944
2605,2683,2691,2942,2948,2949
2069,2605,2946,2947,2948
2243,2605,2945,2946,2949,2950
993,2091,2428,2717,2951
2519,2524,2745,3174,3429,5594
3671,3691,3900
1821,2103,2429,2710,2722,2955
2528,2559,2563,2726
1007,2762,2960,2961,3488,5575
2758,2962,2963,3194,5580,5843
3210,3214,3495,3500,3721,3907
404,837,2583,2766,2966,2969
404,2169,2576,2967,2968,2969
2970,2973,2979,2987,3197,3520
2169,2968,2970,2972,2973,2978
3193,3199,3208,3498,4904,5581
2169,2576,2973,2977,3197,3232
2970,2972,3498,3520,4904
2979,2980,3201,3520,4904,5581
2149,2545,2564,2982,3222,3223
2133,2150,2770,2984,3227,5561
2562,2769,2985,3226,3236,3518
2573,2702,2988,2994,2995,3240,3241
2133,2159,2990,3227,5592
3743,3744,3749,3752
2549,2582,2702,2994,2997
2702,2755,2995,2996,2997
2767,3245,3247,3524,3526,3527
1174,2185,2195,2581,2775,3265,3283
1862,1887,2181,2596,2780,5583
55,2189,2570,2778,3005,5425
2197,2550,3000,3279,3471
1742,2776,2799,2800,3008
2776,2800,3007,3013,5311,5366,5368
1214,1742,2776,3013,3015
3011,3016,5363,5371,5840
1214,3011,3012,3015,3016,5839
3011,3013,3015,4921,5263,5361,5363,5366
992,3022,3027,3287,4067,4069
2244,2807,3020,3021,3022,3287
2244,3019,3022,3023,3169,3290,4059,4067
841,956,2806,3026,3160
956,992,3026,3027,3028,3286
794,1171,2248,3029,3030,3154
1732,2658,2809,3031,3032,3155,5590
1817,2188,2813,3034
2209,2814,3035,3038,3297,3612,3800
1053,2209,2812,3037,3038
1261,1314,2208,2839,3055,3995
4207,4212,4335,4782
823,1905,2272,2816,3043
2217,2838,3045,3047,3074,3627
1728,1746,2837,3047,3049,3074,3607
998,1832,2192,2217,3047,3049
1197,1790,1912,2283,3298,3835
3603,3638,3639,3839,3841,5614
3305,3616,3630,3636,3638,3839
2222,2841,2843,3058,3060
2017,2060,2841,3057,3060,3306
2017,2052,2060,3059,3061,3308
1528,1873,2056,2842,2845,3063,3064
2668,2858,2864,3065,3066
1791,2879,2880,3068,3071
2885,3067,3068,3069,3071,3072
1791,2877,2885,3070,3071,3080
3085,3864,3872,4051,5697,5698
3076,3078,3079,3316,5699
3069,3072,3078,3316,5692
2885,3072,3076,3078,3080,3083
3076,3079,3083,3084,3085,3086,3087,5698
2608,3070,3080,3082,3083,3087
3084,3086,3088,3089,3320,3321
2608,2886,3084,3087,3088,3319
1797,2886,3081,3088,3089,3337
2619,2868,2882,2888,3091,3092
2890,2892,2894,2895,3093,3094
962,1045,2357,3104,5586
4025,4029,4039,4408
2351,3101,3858,3860,5587
3096,3114,3130,3140,4022,4032
2357,2630,2632,2634,3103,3104
2905,2917,2921,3108,3112,3122
2684,2905,2914,2920,2921,3107
2685,2905,2920,3108,3164
2633,2636,2915,2916,3110,3111
2907,3109,3171,3344,5764
2633,2909,2911,2916,3115
2915,2918,2922,3111,3117,3119
3117,3119,3132,3134,3145,3352,3353
2918,3106,3119,3137,3145,3338
2685,2907,3108,3109,3122
2907,2917,3118,3120,3122,3125,3135,3344
3343,4066,4494
2917,3112,3120,3128,3129,3144
2911,3114,3115,3131,3140
3100,3143,3355
3121,3124,3125,3135,3339,3341
3106,3129,3136,3137,3144
3098,4016,4017,4019,4041
2909,2911,3131,3142,3350,3351
3116,3141,3142,3351,4034,4238
3120,3124,3125,3137,3144,3338
3356,3368,3377,3385,3386,3388
1092,2928,2930,3148,3151,4078
1092,3149,3151,3356,3386,3896,4079
3390,3391,3393,3395,5530,5534
1171,2263,2810,2933,3154,3289
2247,3370,3399,3401,3888
3161,3162,3165,3167,4261,4479,4482
2806,3160,3161,3162,3163,4260
2941,3025,3162,3163,3165,3173
2805,2941,3158,3165,3167
3024,3158,3159,3166,3167,4479
2685,3109,3159,3164,3166,3171,3349,4489
3349,4483,4485,4489,4490
2691,2942,3025,3172,3173
3406,3410,3412,3417,3419,3674
491,2519,2524,2707,3176,3407
3179,3403,3406,3409,3412,3421
2719,3184,3428,3430,3449,3460
2724,2953,2958,3182,3183
2725,3181,3185,3186,3432,3433,3452
3187,3450,3481,3482,3485,3795
1860,3188,3487,3910,3914,4101
2359,3191,3912,4107,4670,5709
453,2001,2974,3195,3210,3721
1006,2765,3214,3495,3722,3723
2976,3198,3238,3519
2980,2981,3201,4282
2975,2979,2980,2981,2987,3234
2965,3200,3202,3211,3913,4903,4984,5824
3915,4748,4754,5078,5813,5814,5817
3200,3205,4754,4903,5813,5825
2759,3193,3199,3206,3212,5588,5822
3193,3208,3212,3499,3501,5589
2759,2965,5588,5823,5824
2964,3202,3211,3213,3906
2071,2564,2982,3216,3217
1051,2564,2983,3217,3218,3219,3223
1051,2574,2991,3218,3224,3250
2552,3219,3222,3223,3225
1051,3219,3221,3224,3225
2355,3228,3502,3504
2770,2985,2990,3226,3227,3503
3220,3252,3506,3508,3517,3528
2562,2971,2986,3231,3235,3236
2971,2977,3231,3232,3233
2975,2976,3234,3238,3521
3198,3235,3236,3238,3518,3521
2772,3523,3738,3932,3937,3941
2700,2772,2989,3240,3241,3523
2543,2546,2993,2999,3237,3243,3530
2572,2764,2767,2998,3245
2767,2771,2998,3244,3246,3247
3251,3253,3511,3515,3728,3732
2771,3246,3248,3251,3253
2580,3248,3253,3508,3511,3528,3529
2771,3247,3249,3251,3514,3527,3728
159,720,2273,3256,3257
2280,3533,3538,3757,3760,3765,3954
2155,2594,3260,3261
3263,3536,3541,3959,3964,4132
731,2195,2547,3265,3268,3269
3271,3273,3275,3549,3551,3776
2581,3265,3269,3284,3544
731,3264,3268,3271,3273
416,3264,3266,3270,3273,3277,3551
3267,3268,3269,3271,3275,3467,3544
615,3266,3272,3274,3276,3277
3267,3275,3548,3549,3571,3778
183,736,1740,2804,3274,3276,3280,3547
1142,2185,2274,3282,3283
2197,2550,3459,3545,3558,3569
992,996,2807,3286,3287
1732,2810,3155,3288,3289
3019,3031,3290,3291,5590
2658,3032,3293,3364,3658,3890,4053
2178,2182,3035,3036,3294,3800
2178,2187,3036,3039,3295,3602,3801
1932,2307,3042,3052,3805,3986,4156
3051,3300,3303,3305,3629,3636
2225,3624,3628,3634,3831,4221
1313,1786,2308,2840,3621,3646,3650
2044,2056,3062,3063,3310
2017,3062,3306,3308,3310,3311
1141,2029,2044,3307,3309,3310,3311
1528,1530,3064,3312,3313
2877,2883,3070,3082,3314,3315
3085,3086,3320,3322,3332,3864
1299,2886,3081,3318,3319,3336
1797,3089,3317,3321,3323,3326
3320,3321,3326,3328,3332,3334,3862
3324,3327,3329,3330,3652,3844
3097,3317,3323,3327,3329
3317,3324,3326,3329,3334
2904,3097,3327,3330,3654,3848,4009
5727,5761
3324,3334,3844,3862,4003,4005,4379
2878,2887,3081,3090,3336,3337
3121,3340,3341
3124,3134,3145,3338,3339,3659
3118,3135,3340,3341,3342
3118,3168,3342,3344,5764
3123,3347,4481,4483,4485,4491
3024,3166,3347,3349,4483
3170,4493,5766
3100,3116,3141
3100,3116,3133,3143,3350,3351
3132,3133,3143,3353,3355
3132,3352,3355
2651,2929,3149,3356,3368,3371
2649,3156,3357,3366,3367,3882
3382,3885,4076
2929,3359,3368,3376,3377
3358,3361,3381
2247,2648,3157,3369,3399,3886
3156,3360,3374,3880,3882,3887
2649,3365,3366,3369,3886,3889
3156,3354,3367,3374,3378,3379
2929,3354,3357,3367,3371,3376
3360,3374,3379,3382,3384,3660,3885
3150,3359,3362,3372,3377,3385
3354,3359,3361,3362,3376,3378,3381
4730,5851,5852
3362,3372,3381
3358,3361,3378,3379,3384
3358,3382,3384
3892,5848,5858
3146,3150,3383,3385,3388,3662,3664
3146,3383,3895
2641,3373,3390,3391,5529
2657,2931,3152,3373,3391,3393
2657,2931,3394,4654,4655,5616
2657,2932,3393,3394,3395
2932,3394,4098,4525,4528,4654,5535
1408,2654,2659,3157,3398,3399,3401
2659,2934,3400,3401,3888
2509,3175,3408,3416,3425,3426
2709,2715,3176,3177,3404,3407
2715,3177,3405,3666,3668,3672
2512,2747,3178,3403,3409
3178,3403,3408,3414,3416,3421,3424
2430,2527,2741,2747,3179,3409,3701
2732,3411,3423,3680,3684,3685
2734,3410,3417,3422,3676,3678
2734,3406,3414,3417,3421
3418,3686,3687
2734,3414,3423,3424,3678,3680
2732,3175,3416,3423,3424
2732,3175,3426,3684,4506,5598,5600
2713,2724,2958,3427,3428,3430
2745,3427,3429,3430,3460
2720,2725,3431,3432
3184,3185,3433,3449,3451
3443,3448,3456,3463,3466
3445,3475,3715
3435,3441,3446,3453,3454
2727,3450,3457,3458,3484,3589,3795,3796
3180,3186,3434,3440,3444,3452
2479,3473,3478
3180,3441,3444,3446,3463,3466,3479
2718,3433,3440,3451,3452
3437,3439,3462,3716,5597,5611
3453,3454,3458,3552,3796,3797
2718,2719,3438,3439,3449,3451,3462
2727,3434,3441,3444,3453,3458
3968,4140,4580,4581
2719,3174,3429,3439,3442,3460,3716
2718,3180,3438,3440,3448,3463
3438,3443,3448,3455,3462,5611
3435,3454,3552,3573,3585,4323
3279,3447,3471,3474,3565,3779
3552,3556,3573,3797,3798,4134,4326
3464,3472,3671,3694,3713,3900,5596
2479,3443,3455,3456,3477,3478
3435,3445,3446,3479,3585,3715,5702
3475,3477,3478
3445,3456,3466,3475,3477,3479
2221,2721,2952,3482,3485,3976
993,2717,2803,2952,3483,3976
2721,3450,3480,3484,3485
1860,2768,3486,3489,4101
1860,2514,2762,3487,3488,3489,3709
2514,3487,3491,3725,3910,5577
2489,2959,3714,4277,4278,5708
2001,2765,3192,3195,3494,3722
2578,3496,3724,3726,5579,5617
2972,2978,3208,3498,3499
2974,3210,3213,3500,3501,3906,5589
2990,3228,3229,3502,3503,5592
2769,3196,3226,3228,3503,3504
2355,3229,3502,3505,5593
2580,3230,3252,3505,3508,3510,5593
3507,3509,3512,3513
2580,3230,3507,3511,3513,3515
3230,3510,3512,3513
3254,3507,3509,3515,3732
2574,2991,3220,3516,3517
2769,3196,3198,3518,3519
2971,2987,3197,3232,3234,3235,3521
2988,3241,3522,3523,3738
2546,2999,3242,3524,3526
2999,3243,3514,3526,3527,3531
2991,3250,3517,3528,3529
3255,3525,3727,3730,3734,3747
1074,2280,3533,3534,3758
1730,2280,3532,3534,3535,3757
3755,3756,3764,3768,4125,5370,5372
3539,3759,3960,4129,4290
1077,2785,3259,3536,3541,3771,3966
1142,2274,3001,3558,3567,3569,3570
3000,3284,3467,3471,3474,3544
418,3280,3546,3547
736,1740,3281,3550,3777,3973
736,3274,3277,3550,3551,3776
2175,2184,3469,3543,3555,3568,3584
2550,3279,3447,3545,3562,3563
3469,3584,5447,5448,5457,5459
3553,3557,3565,3779,3792,3793
3554,3574,3575,3583,3594,3791,4141
3285,3560,3566,3572,3579,3781,3784
3459,3545,3554,3562,3575,3593,3782
3285,3447,3553,3563,3565,3566,3581
2175,2179,2786,3561,3568
2179,3278,3561,3564,3567,3570,3596
3285,3542,3553,3557,3579,3580
3566,3572,3581,3582,3783,3787
3459,3564,3569,3570,3591,3593
2779,3557,3577,3578,3580,3587,3792
2180,3006,3542,3579,3781,3789
3562,3563,3581,3582,3782
3592,3595,3597,3790,4142,5461
3572,3780,3784,3785,3787
3006,3542,3578,3580,3588
3457,3577,3578,3588,3589,3799
3278,3564,3576,3591,3592,3597
3575,3576,3591,3593,4141
3004,3278,3592,3595,3596,3599
3595,3599,3600,5460,5461,5620,5623
3004,3543,3584,3599,3600,5459
2187,2815,3296,3602,3609
3601,3648,3813,3814,3842,4186,4200
1799,1801,2307,3052,3605
823,2223,2272,3046,3610,3611,3826
1197,2213,2815,3039,3298,3602
2283,3039,3297,3298,3612,3801,3834
2191,2838,3606,3608,3613,3627
3618,3626,3631,3645,3804,3982
1313,3621,3807,3810,4157,4159
2191,3045,3627,3628,3634,4216
2200,3615,3618,3631,3838,3840
3050,3300,3606,3608,3629,3632
1790,2200,3044,3615,3835,3837
2308,2840,3054,3637,3640,5613
2200,2223,3622,3826,3832,3837,3838,3996
3051,3300,3302,3608,3613,3619,3633
2191,3613,3619,3624,3634
3619,3624,3633,3831,3999,4001
3051,3302,3303,3614,3637,5613
3303,3614,3636,3638,5614
3302,3633,3635,3637,3640,3641,4001
2270,3625,3645,3804,3981,3983,4155
4169,4189,4808,4809
2308,3640,3641,3650,3803
3648,3651,4002,4198,4200
3635,3641,3648,3651,3803,3814
3847,4004,4020,4037,4396,4397
2352,2904,3325,3331,3654,3850
3056,3656,3863,3865,3871,3878
3121,3339,3659
3363,4054,4064,4075,4252,4264
3146,3662
3387,3663,3893,4973,5854,5857
1794,3386,3388,3664,3893,3896,4973
2519,2715,3407,3461,3666,3667,5594
3670,3673,3675,3683,3693,3696
3461,3472,3667,3673,3696,5595,5596
3461,3666,3668,3673,3675
3415,3668,3672,3675,3677,3683
3410,3415,3420,3674,3676,3677
3418,3420,3422,3676,3679,3681,3687,3692
3422,3678,3680,3681,3685,5604
3415,3420,3679,3683,3689,3693
3402,5599,5602
3418,3681,3686,3688,5604
3686,3688,5602
3682,3690,3695
3679,3682,3689,3690,3692
3682,3687,3692
3669,3670,3689,3690,3693,3695
3669,3691,3695
3472,3669,3670,3671,3691,3696
3694,3697,3713,5612
3179,3412,3419,3699,3701,3702,3703
2708,2741,3413,3701,3703,5606
2513,2708,3700,3704,5606
3425,3426,4085,4088,4506
3921,3945,4558,4638
2470,2489,2959,3492,3711,3717
2760,2959,3492,3714,4103
3437,3464,3713,5597,5612
598,770,2762,2960,3698,3709
3465,3715,5702
3396,3903,3904,4527,4546
2359,2480,2489,3191,3717,4094,5708
2480,3190,3397,3711,3717,3719
3195,3495,3721,3722
2578,3214,3497,3723,3724,3907
3215,3497,3724,3726,3916,4109
2993,3243,3525,3531,3734
3249,3255,3514,3525,3531,3729,3739
3239,3736,3737,3746,3935
3249,3254,3728,3732,3739,3741
3735,3740,3742,3743
2993,3237,3727,3734,3736,3746
3237,3522,3530,3736,3737,3738,3937
3255,3729,3730,3733,3735,3740
3729,3735,3739,3741,3742
3733,3740,3743,3744
2992,3730,3733,3744,3747,3748,3749
3750,3751,3752,3753
2992,3727,3745,3746,3747,3935
2992,3731,3745,3748,3751,3753,3919
3748,3749,3752,3753
2275,3258,3754,3755,5372,5373
1730,3258,3538,3755,3756,3757
1087,2141,2231,3262,3539,3759,3761
1087,3533,3758,3761,3954
3537,3760,3762,3763,3765,3955
3538,3756,3762,3765,3768
3766,4127,4297,4570,4571,4769,4916
3762,3763,3766,3768,4125,4127,4287
3262,3759,3770,3773,3960,3963
2141,3262,3540,3772,3773,3962
2186,3775,3965,3967,4322,5173
3548,3549,3550,3776,3777
3267,3467,3474,3778,3779,3793
2180,3560,3586,3781,3969,5710
3554,3574,3582,3782,3783
3560,3780,3784,3788,3969
3436,3574,3583,3783,3785,3787,4136
2180,3476,3789,3798,4326,4328,5710
3436,3583,3791,5624,5644,5662
2779,3571,3778,3792,3793
3187,3457,3577,3587,3794,3795
3556,3589,3796,3797,3799
3006,3556,3588,3789,3798,3799
2178,3297,3800,3801
2597,4305,4310,4313,4314,4995,5003
2268,3053,3601,3992,4153,4186
3604,3631,3808,3840,3982,3987
3621,3623,3646,3809,3810
1147,3623,3808,3809,3811,3812,3987,3990
3807,3809,3810,3812,3816,3821
1786,3650,3803,3813,3814
3811,3812,3815,3821,3825,3989
4169,4187,4190,4341
3824,3829,3830,3984,4337,4338,4339
3041,3807,3816,3819,3994,4159,4166
3040,3642,3815,3824,3825,4174,4337
4589,4789,4794,4804
3617,3642,3819,4166,4168,4174
3642,3816,3819,3821,3825
1261,3055,3611,3826,3996
4223,4225,4237,4403,5689,5690,5700
2220,2283,3044,3834,3835,3836
2223,3044,3046,3836,3837
3616,3622,3832,3839,3841
3603,3604,3622,3838,3840,3841
3620,3833,3868,4000,4220,4226
3330,3335,3652,3848,4011,4012
4050,4399,4605,4826,4827,4833,4937
3653,3849,3852,3853,3856,4010
2352,2903,3095,3325,3854,4038
3325,3850,3852,3854,4010,4042
3095,3099,3851,3855,4038,4044
3655,3852,3856,3857,4015,4042
3101,3655,3858,3859,4015
3099,3855,3858,3859,3860,3861
3301,3328,3862,3865,3878,4005
3322,3328,3332,3656,3865
3056,3322,3656,3864,3872,3874
3866,4045,4049,4402,4590
995,3657,3867,3869,3873,4046
3056,3863,3867,3869,3874
3643,3867,3872,3874,4046,4051,4250
4006,4389,4416,4602,4603
3301,3871,3878,4249,4411
3360,3363,3660,3880,4064
3293,3363,3364,3880,3887,3891,4054
3660,3885,4064,4075,4076,4259,4267
2649,3882,3883,3887,3889,3891
2247,3370,3883,3886,3889
3293,3370,3400,3883,3888,3890,3891
3383,3387,3664,3893,3895
3387,3892,3895,5854
3147,3665,3894,4077,5808
3902,4081,4099,4522,4524,5537
3694,3900
3712,3905,4662,4680,4703,4704
2936,3190,3397,3720,4083,4087,4091
2480,3719,3903,3904,3905,4094,4680
2964,3215,3497,3500,3906,3907
3490,3496,3726,3909,4109,4111
3490,3725,3908,3909,3910,3914,5618
3493,4108,4113,4114,4281,4554
3189,3493,3908,3909,3911,4111,4113
1562,3913,3917,4110,4112,4984
3731,3750,3751,3918,3922,3926
2423,3928,3939,4857,4872,4898
2703,3927,3931,3934,3936
3920,5040,5105,5187,5212,5213
3731,3919,3922,3927,3931
3918,3926,3950,4119,4867
3922,3926,3931,3936,4119,4649,4886
4644,4647,4650,4866,4870
3239,3745,3919,3927,3934,3935
2703,3239,3737,3923,3932,3934,3937
2423,3940,4116,4124,4872
3923,3932,3940,3941,4116,4123
4645,4865,5804
4115,4119,4845,4867,4886
2472,3947,3951,4117,4285,4942
3950,4115,4645,4865,4867,5803
2697,3939,3947,4124,4285,4872
2469,2697,3947,3951,3952,3953
3539,3760,3761,3954,3955,4290
3764,3956,4126,4918,5362,5370,5800
3014,3958,4291,4292,4560,4562,4566,4757
3259,3536,3770,3959,3961,3963,4301
3259,3771,3773,3962,3963
3541,3964,3965,3966,4322
2780,2785,3965,3966,3967,5583
4333,4583,4584
3586,3968,4133,4328,4580,5710
3594,3790,3791,4142,5626,5662
3187,3281,3481,3794,3973,3974
3481,3482,3483,3974,3975,3976
4144,4146,4787,5097,5099,5181
4047,4154,4184,4374,4595,4810
3804,3808,3981,3982,3990
2270,3644,3829,3983,3984
1799,3052,3985,3986,4586
1147,3603,3604,3639,3987,3988
3625,3811,3981,3989,3990
3053,3827,3992,4162,4163,4170,4172
3822,4341,4342,4343
3055,3616,3630,3832,3995,3996
3048,3998,4215,4219,4223,5689
2225,3620,3831,3999,4000
3620,3635,3651,3833,3999,4001,4002
3335,3652,3844,4003,4007
4003,4007,4048,4362,4379,4383
3335,3847,4004,4007,4011,4030,4362
3654,3849,3850,4009,4010
3653,3845,3848,3849,4009,4012
3139,3845,4004,4011,4012,4020
4013,4014,4018,4021,4024,4241
3101,3130,3857,4015,4017,4019,4032,5587
3853,3856,3857,4016,4018,4019,4021
3139,3653,3845,3853,4014,4021,4036
3131,3140,3142,4022,4034,4035,4040
3098,4016,4018,4024,4239
4024,4025,4027,4029,4239,4241
4028,4031,4039
3139,4020,4026,4036,4037,4243
4017,4022,4032,4033,4040,4041
3138,4240,4408,4409
4013,4014,4036,4242,4243
4026,4037,4244,4248,4393,4396,4473
4023,4033,4035,4040,4240,4409
3655,3854,3855,3859,4038,4042
3099,3861,4043,4044,5552
3643,3657,3866,4046,4049,4588
3847,4030,4367,4397,4472,4478
3657,3873,3876,4384,4398,4588
4251,4406,4407,5695,5696,5701
3364,3658,4054,4056,4252
3658,4053,4055,4056,4253,5591
3346,4060,4063,4256,4492
3292,3346,4055,4057,4060,4062,4253
3169,4057,4058,4059,4062
3292,3881,3884,4060,4063,4265
3127,4065,4068,4071,4488
3023,3127,3169,4058,4061,4068,4073
3023,4061,4067,4069,4070
3348,4068,4071,4073,4074,4495,4611
3346,4058,4062,4073,4074,4256
3375,4258,4259,4267
1794,3147,3665,3896,4079
3147,3151,3389,4077,4078,4079
3897,3898,4082,4086,4093,4507,4508
4509,4622,4624
2525,3902,4081,4083,4087
2490,2529,3705,3710,4089,4092
3718,3898,4080,4085,4086,4088
3191,3712,3905,4094,4670
3705,3706,3710,4080,4086,4093
2525,3396,3397,3719,3903,4087
2529,3710,4093,4097,4508,4613
2391,2665,3902,4083,4091,4524,5536
2525,3396,3708,4081,4099,4527,4658
3188,3908,3911,3914,4102,4105
3188,3486,3714,4101,4103,4105,4277
3493,3911,4102,4106,4108
3912,4104,4106,4108,4281,4668,5709
2964,3202,3215,3916,4112,4984
3189,3916,3917,4109,4111,4112
1562,3189,3917,4113,4114,4899
2423,2703,3923,3936,4116,4649,4857
2469,3946,3951,4117,4121,4122
2503,3946,4117,4286,4942,4954
2400,2449,2699,4118,4121,4122
2697,3940,3953,4123,4124
3764,3766,4125,4126,4916
3769,3958,4288,4289,4291,4294
3770,3960,4128,4129,4301,4303,4564
3774,4130,4302,4304,4307,4318,4561,4768
3476,4133,4325,4328,5712
3436,3970,4136,4139,4582,5624
3780,3785,3788,4136,4138,4332,4582
4137,4138,4332,4333,4583
3576,3594,3597,4141,4142
3304,3977,4146,4783,4787
2190,3299,3977,4143,4146,5181
2190,2198,3299,4145,4148,5182
4147,4152,5183,5186,5194
2198,4147,4151,4152,5182
3980,4179,4185,4194,4199,4201
3644,3805,3983,4155,4156
2268,3818,3992,4163,4171
3041,3818,4157,4158,4159,4171
3827,4172,4175,4176,4336,4781
3993,4173,4178,4182,4204,4209
3827,3828,4170,4175,4188,4344
3041,3994,4158,4165,4167
3991,3994,4161,4165,4166,4168
4158,4163,4167,4170,4171,4188
3053,3647,3993,4153,4162,4173
3617,3991,4168,4189,4340,4809
3993,4162,4172,4176,4205,4209
3647,3817,4173,4178,4179,4194
3040,3617,3820,4174,4340,4807
4164,4176,4205,4207,4335,4781
3817,3979,4047,4178,4182,4184
3647,3842,4153,4179,4185,4186
4160,4161,4165,4167,4187,4188,4190,4344
3991,4161,4169,4189,4190
4210,4349,4350,4358
3817,3980,4154,4184,4193,4194
4202,4229,4233,4234,4372,4376
3980,4193,4199,4228,4229,4234
3842,4185,4198,4200,4201
3833,4002,4198,4199,4201,4226,4228
3979,4047,4183,4810,4812,4814,4817
4164,4207,4208,4211,4212,4213
4191,4357,5718,5720
3979,4182,4183,4203,4204
4164,4203,4204,4205,4208,4209
4212,4213,4347,4349
4177,4183,4203,4206,4208,4211,4814
3048,3075,4214,4215,5688
3048,3843,3997,4214,4217,4219
3628,3843,4216,4217,4218,4221,4231
2225,3868,4000,4218,4221,4222
4217,4219,4223,4225,4231
4196,4197,4224,4227,4230,4404
3868,4197,4220,4222,4227
4197,4202,4220,4224,4226,4228,4229
4218,4222,4225,4227,4231,4237,4404
4196,4202,4224,4232,4233
3870,4236,4365,4371,4373,4385,4591
3649,3870,4196,4230,4232,4373,4405
3098,4023,4027,4033,4041,4239
3138,4034,4035,4238,4240
4013,4029,4031,4039,4241,4242
4026,4028,4031,4242,4243,4244
4393,4396,4397,4474,4478
4028,4244,4248
995,3873,4247,4398,4401,4425
3643,3866,4250,4251,4402,5696
3292,3884,4056,4252,4253,4264
3881,4063,4255,4257,4492,4612
4072,4254,4257,4263,4612
3375,3881,4255,4258,4265
3127,3161,4061,4065,4070,4260,4261
3113,3348,4484,4486,4487,4495
3375,3884,4075,4259,4264,4265
4076,4267
4096,4498,4499,4615,5705,5771
4082,4503,4504,4507,4510,4614,4838
4084,4272,4521,5525,5532
3707,4095,4529,4530,4532,4536
4280,4679,4681,4687,4690,4894
4102,4104,4105,4106,4277,4278
4552,4671,4674,4688,4884,4981,5812
0,3915,4677,4747,5064,5077,5817
4887,4964,5804,5805
2426,3943,4120,4618,5029,5032
3537,3763,3769,4287,4288
3537,3955,4128,4129,4288,4289,4290
4128,4289,4291,4292,4303,4565
3769,4127,4287,4294,4568,4769
4293,4295,4312,4749,4906,4908,4911
3014,3958,4294,4298,4568,4572
3014,4293,4298,4562,4563,4749,4759,4777
3263,3959,3961,4302,4304
3961,4301,4304,4561,4564
2597,4305,4317,4574,4756,4762
3263,4132,4302,4577,4768,4779
3774,3802,4131,4307,4315,4567,4780
4305,4310,4311,4756,4773,4774
2597,4313,4317,5138,5162
4313,5003,5004,5155,5157,5162
4296,4997,5002
4309,4314,4927,4995,4996
2186,3964,4132,4300,4322,4779,5174
3573,3971,4134,4323,4324
3476,3971,4134,4326,5712,5713
4133,4325,4327,4580,4581
5621,5649,5666
3586,3788,3968,3969,4137,4140,4332
4137,4140,4333
4135,4331,4584
3822,4585,4782
3040,4181,4337,4338,4807
3830,4180,4181,4338,4589,4794,4796
4160,4187,4341,4342
3828,4160,4342,4343,4344
4154,4193,4234,4372,4374,4593,4597
4177,4211,4213,4347,4355
4347,4348,4349,4350,4355
4192,4353,4354,4356,4363,4815
4210,4348,4350,4353,4356,4361,4816
4177,4206,4348,4355,4816
4357,4358,4359,4360
4351,4353,4359,4360,4361,4363
4210,4358,4360,4361
4191,4351,4357,4359,4607,4822
4351,4363,4607,4815,4821,4934
3301,3877,4005,4249,4379,4383
4460,5721,5722,5735
4236,4370,4385,4592,4601
4232,4233,4346,4371,4373,4376
4345,4377,4380,4382,4386,4594
4195,4346,4365,4371,4377,4594
4246,4375,4378,4381,4604
4195,4377,4378,4381,4386
4369,4395,4600,4819,4936
4195,4235,4365,4375,4381,4385,4601
4246,4378,4380,4386,4388,4395,4600
995,3863,3869,3871,4411,4424,4425
4030,4048,4245,4362,4367,4427
3879,4050,4246,4388,4604,4827
4437,4467,4469
3333,3877,4249,4390,4411,4424,4426
4006,4384,4398,4401,4413,4419,4602
3879,4050,4389,4399,4410,4416,4829
3870,4251,4402,4405,4406,4590,4591
3649,4230,4237,4403,4404
3649,4403,4405,4406,4407,5700
4023,4025,4027,4408,4409
3333,3846,4008,4366,4390,4414,4431
4392,4417,4422,4428,4828
3846,4247,4366,4401,4412,4419
4008,4245,4390,4400,4426,4427,4455
4006,4410,4413,4416,4417,4828
4412,4413,4417,4418,4419,4422
4420,4423,4429,4430,4436,4447
4366,4412,4414,4418,4420,4423
3333,3846,4247,4424,4425
3877,4048,4383,4426,4427
4392,4418,4420,4422,4429,4434,4444
4414,4423,4430,4431,4438,4439
4451,4452,4606,4830,4832,5743
4443,4446,4448,4457,4837,5763
4394,4437,5768
4008,4400,4421,4431,4439
4415,4421,4438,4439,4440,4450
4392,4428,4442,4444,4452,4606
4429,4434,4436,4443,4446
4430,4438,4440,4447,5767
4445,4449,5768
4394,4415,4437,4441,4450,4467
4434,4435,4443,4444,4452,4457,5743
4460,4464,5730,5735
5731,5753,5754,5755
4454,4469,4470,4471
5752,5755,5756
4435,4451,4836,5738,5743,5746
4432,4459,5724,5726,5734,5736,5757
4432,4451,4458,4830,4836,5736
4400,4415,4421,4441,4455,4468,4475
4441,4467,4468,4469,4470
4454,4468,4470,4475,4476,4477
4393,4454,4471,4473,4474,4477
4245,4367,4455,4472,4475,4476
4472,4474,4476,4477,4478
4065,4261,4262,4480,4482,4488
3024,3347,4479,4480,4481,4482
3123,4262,4480,4481,4484,4486
3113,3123,3126,3343,4066,4486,4491
3348,4071,4262,4484,4488
3345,5766
3126,3170,4485,4490,4491,4493
3126,3343,4493
4072,4254,4494,4496
4254,4263,4487,4495,4496,4611
3113,4066,4487,4494,4496
2529,4089,4096,4497,4498,4613
4614,4634,4636,4838,4842,5769
3718,3897,3898,4502,4505,4514
4090,4500,4503,4504,4518,4620
3718,4085,4270,4506,4514,4517,5600
4511,4513,4516
3897,4090,4502,4503,4507
4090,4501,4502,4505,4511,4513,4518
4501,4509,4513
4269,4505,4511,4514,4516,4517
4269,4512,4516
4269,4270,4512,4517,5601
4501,4509,4518,4620,4624
2391,4084,4272,4520,5536
3707,3708,4099,4522,4523,4530
3707,4095,4098,4522,4525,5537
4275,4526,4531,4661,4676,4678
4095,4525,4528,4536,4656,4891
3708,3899,4523,4526,4531,4658
4275,4523,4526,4530,4532,4533
4273,4537,4545,4550,4657,4714,5797
4529,4532,4533,4534,4537,4538,4657
4275,4533,4538,4539,4544,4661
3899,4100,4531,4540,4659,4673,4676
4537,4538,4544,4545,4548
4728,5048,5063,5107
4684,4692,4706,4707,4713,4718,4719,4736
4535,4539,4543,4544,4548,4549,4663
4545,4548,4549,4708,4710,4714
3901,4669,4746,4750,4752,4895
4114,4553,4554,4747,4899,4902,5077
2503,4286,4881,4951,5025,5029,5032
5046,5101,5103,5239
4130,4292,4318,4565,4566
4315,4560,4567,4757,4758,4764
4130,4303,4561,4564,4565
4307,4315,4318,4560,4566
4293,4295,4298,4569,4572
4295,4297,4569,4571,4908,4989,4990
4753,4767,4775,4778,4985,5136,5153
3018,3802,4131,4311,4578,4774
3802,4321,4578,4763,4780
4306,4321,4579,4763,5085,5088
3470,3590,5703
3970,4135,4139,4331,4334,5433
4135,4138,4139,4582,4583,4584
3822,3828,4175,4336,4343,4585
3806,3823,3830,4339,4790,4796
4804,4805,4806,4808
3876,4045,4049,4370,4588,4592
4045,4236,4590,4591,4592
4346,4372,4376,4382,4594,4597
4598,4599,4811,4813,4820,4929
4345,4382,4593,4597,4598,4811
4345,4380,4598,4600,4819,4820
3876,4235,4370,4384,4601,4602,4603
3879,4235,4375,4389,4603,4604
4399,4442,4606,4829,4832,4833
4436,4445,4446,4447,4448,4449,5767,5770
4465,4605,4826,4831,5725,5729
4435,4457,4837,5738,5748
4074,4256,4263,4492,4611,4612
4082,4097,4508,4614,4616,5769
4097,4498,4613,4616,5771
4268,4626,4843,4849,5707
4559,4621,4623,4630,4839,4840
3945,4519,4625
4500,4620,4621,4622,4624,4839,4841
4519,4621,4623,4625,4628,4841
4629,4631,4637,4648,4848,4856
3921,3945,4625,4628,4629,4631
4559,4619,4623,4628,4631,4856
3921,4558,4629,4637,4639
4559,4619,4630,4636,4640,4842,4846
4627,5241,5252,5290
4627,4632,4638,4643
4558,4632,4633,4638,4639
4633,4637,4639,4642,4648,4652,4862
4632,4633,4643,4646,4652,5794
3920,3925,4283,4897,4957,5043,5187
4627,4635,4643,4646,5252
3925,4556,4641,4947,4957,5036
4644,4650,4861,4882,5042,5045
4635,4646,5289,5291,5794
3392,4528,4654,4655,4891,5615
4529,4534,4536,4656,4893,4896
3899,4527,4546,4658,4659
5055,5070,5072,5106
3948,4274,4660,4672,4697,4701
4542,4665,4711,5796,5799
4549,4663,4686,4691,4695,4708
3901,4281,4553,4554,4668,4669
3901,3912,4107,4668,4671,4884,4895
3712,4107,4662,4670,4671,4674
4535,4543,4660,4667,4672
4535,4539,4547,4661,4667,4678
4547,4673,4676,4678,4683,4689
3380,4274,4543,4663,4672,4695
4547,4660,4667,4689,4694,4701,4745
4685,4693,4706,4721,4736
4724,4737,5777
4662,4674,4681,4688,4690,4703
4280,4540,4673,4683,4687
3904,4100,4546,4659,4680,4704
4666,4693,4699,4720,4721,4742
3380,4274,4666,4685,4693,4697
4280,4683,4689,4694,4698,4894
4702,4732,4739,4741,4744,4977,5052
3944,4694,4698,4741,4745,4877,4977
4100,4540,4687,4690,4703,4704
3380,4541,4685,4691,4695,4706,4713
4692,4707,4715,4717,4724,4737
4541,4686,4691,4709,4722
4551,4686,4708,4709,4710,4712,4725
4541,4707,4713,4715,4722,4726
4542,4550,4710,4712,4714,5796
4542,4711,4712,4725,4729,4730,5852
4716,4731,4735
4696,4699,4720,4738,4740,5792
4684,4699,4721,4733,4736,4738
4705,4715,4716,4717,4726,4735
4551,4705,4709,4722,4726
5058,5774,5787
4729,4730,4731
4551,4705,4716,4725,4729,4731
4696,4723,4732,4740,5052,5054,5060
4717,4724,4735
4684,4719,4733,4734,5775,5793
4692,4718,4727,4737,5777,5778
4696,5054,5789,5791,5792
4720,4732,4740,4742,4743,4744
3948,4666,4675,4697,4742,4743
4675,4741,4743,4744,4877
0,4553,4669,4747,4750
3200,3913,4110,4748,4754
0,4276,4677,4746,4750,4901,5065
3924,4276,4746,4752,5811
3207,4755,4901,4905,5065,5075,5076
4562,4757,4758,4759
4563,4760,4761,4766,4777,4907
4299,4563,4758,4759,4760,4764
4299,4756,4760,4761,4762,4773
4131,4299,4311,4567,4764,4773
4574,4761,4762,4766,4987,4988
5167,5348,5387,5395
4317,4574,4575,4987,5138,5144
4279,4910,4917,5303,5358,5798
5007,5011,5185,5197
4297,4568,4569,4572,4769
4765,4766,4767,4770,4775,4907,4988
3774,4321,4577,4579,4768,4780
4300,4306,4577,4579,4779,5017
4335,4336,4585,4781,4782
3806,3985,4586,4790,4792,4793
4576,4784,4788,4802,5095,5098
2579,4144,4783,4787,4788,5095
4587,4789,4797,4800
2579,4784,4788,4792,4793,4795
3823,4786,4790,4791,4793,4795
3823,4587,4786,4789,4794,4796
4587,4786,4791,4800,4801
4576,4784,4791,4795,4801,4803
4785,4797,4800,4801,4803
5178,5198
4180,4589,4804,4805
3820,4180,4181,4805,4806,4807
3820,4340,4806,4808,4809
4374,4593,4595,4811,4813
4595,4596,4810,4812,4813,4929
4192,4354,4596,4812,4817,4933
4206,4354,4356,4814,4816,4817
4192,4352,4815,4821,4824,4933
4352,4369,4599,4818,4819,4820,4824
4823,4825,4935,5719,5728
4369,4608,4818,4823,4935,4936
4608,4823,4825,4826,4937,5725
4410,4428,4442,4828,4829
4432,4458,4465,4831,5724
4458,4465,4605,4830,4832,4833
4433,4453,4463,4464,4834,5730
4391,4453,4456,4463,4835,5737,5758
4500,4504,4510,4839,4840
4519,4622,4841
4510,4630,4838,4840,4842
4268,4626,4634,4636,4640,4844,4851
4853,4854,4876,4880,4940,5022
4847,4850,4852,4855,4859,4860
4617,4626,4843,4851,4853,5022
4640,4844,4846,4850,4852
4844,4847,4850,4851,4853,4854,4879
4619,4846,4848,4852,4855,4856
4284,4847,4858,4859,4874,4879
4648,4848,4855,4860,4862,4873
4647,4858,4859,4860,4870,4873
3928,3942,4649,4845,4857,4886
2472,3939,4285,4871,4898,4950,4960
3925,3933,4641,4882,5042,5043
3942,4115,4653,4845,4890,5803
4650,4651,4866,4892,5045,5047,5292,5795
4642,4647,4862,4866,4873,5795
4869,4952,4956,4963,4971
3661,4878,4976,5845,5847
4854,4874,4876,4879,4885,4944
3943,4618,4875,4876,4880,4944,4945
3392,4656,4883,4891,4893
3933,4284,4641,4874,4885,4947,5034
3933,4284,4644,4858,4870,4882
4273,4534,4657,4664,4896
4552,4752,4884,4895,5811
4664,4864,4883,4888,4893,4896,4966,4975
3948,4675,4701,4745,4877
3928,3942,4653,4898,4959,4960,4961
4679,4681,4688,4981,5057,5061
2154,3206,5815,5822
1562,4110,4748,4899,4902,5078
3203,3209,5816,5820
4983,5816,5821
4749,4765,4777,4906,4907
4765,4767,4778,4906,4911
4312,4908,4912,4923,4980,4989
4753,4776,4992,5115,5133,5153
4573,4986,5129,5145,5146,5147
4570,4571,4909,4917,4919,4990,5798
4126,4570,4916,4919,5800
3767,4918,4920,5359,5360,5362
4909,4910,4912,4917,4923,4993,5080
3018,4308,4310,4314,4774,4927
4316,4924,4928,4999,5000,5014
3018,4308,4578,4763,4924,5014,5088
3978,4931,5018,5090,5201,5238
5010,5199,5860,5863
4352,4596,4599,4929,4933
4818,4821,4824,4934,4935,5719
4388,4395,4608,4827,4936,4937
4617,4843,4849,4938,5023,5706
4120,4618,4880,4939,4940,4941
4881,4946,4951,4953,5033,5802
4875,4885,4943,4944,5034
4875,4943,4945,4946,5033,5035
3930,4556,4946,4949,5035,5036,5802
2472,4871,4942,4948,4954,4955
4869,4871,4950,4952,4955,5801
4286,4948,4951,4953,4954
3930,4949,4952,4971,5037,5801
4653,4887,4890,4961,4962,4964,4967
4869,4950,4959,4960,4963
4863,4956,4959,4961,4962,4963
5038,5101,5805,5806
4863,4962,4967,4968,4970
3929,3949,5041,5044,5216,5218
4863,4889,4956,4968,4971,5037,5189
4864,4966,4974,5809,5856
1794,3663,3665,4973,4974,5808,5856
4273,4664,4878,4975,4976,5797
3944,4679,4698,4894,4982,5057
3207,3924,4276,4901,4979,5067,5068
4979,5051,5056,5059,5067,5069
4700,4751,4900,5070
4312,4753,4776,4778,4911,4980
4573,4770,4775,5129,5136
4573,4575,4770,4986,4987,4988
4909,4912,4989,4990
5081,5110,5116,5190,5265,5297
4776,4913,4923,4980,5080,5115,5118
4308,4924,4925,4927,4996,5000
4296,4320,5001,5084
4997,4998,5005,5007
4925,4997,4998,4999,5000,5002
4296,4309,4925,4996,5001,5002
4309,4320,4995,5001,5003,5004
4316,4926,4998,4999,5005,5006
5005,5006,5007,5011
5015,5092,5862,5864,5866
4926,5006,5011,5012,5015,5197,5864
5016,5086,5087,5089,5091
4316,4926,4928,5012,5016,5091
4150,4300,5013,5017,5018,5090,5174
5093,5096,5179,5196,5229,5231
4576,4785,4802,4803,5021,5102,5200
4617,4939,4940,5022,5023
2426,4120,4557,4941,5024
2467,4557,5024,5027,5028,5827
2426,4557,5025,5027,5029,5031,5828
5027,5028,5031,5826,5829
3943,4881,4945,5032,5033
4556,4943,4947,5034,5035
3930,4283,4889,4957,5036,5037
4965,4968,4970,5038,5039,5189,5806
3920,3929,4897,5044,5213
3929,4861,4897,5041,5042,5043
3949,4651,4861,5041,5045
4958,5242,5243,5249
3944,4702,4977,4982,5049
5050,5055,5107
4702,4739,4978,5049,5053,5830
4723,4739,4978,5048,5052,5063
4982,5049,5053,5056,5057,5061,5069,5108
4723,4728,5060,5063,5790
4728,5787,5790
4981,5056,5059,5061,5812
3203,4555,5066,5819
4677,4905,5064,5065,5818
3207,4700,4751,5068,5073,5076
5051,5067,5068,5073,5074
5051,5069,5072,5074,5106,5108,5831
4751,5070,5072,5073,5074
4700,4900,5075,5076
3915,4902,5077,5078
4771,5079,5109,5112,5130,5299
5116,5244,5259,5261,5262,5265
4320,5004,5084,5155,5158
4306,5013,5017,5085,5086,5087
4928,5014,5016,5085,5087,5088
3978,5013,5086,5089,5090
3978,5012,5015,5089,5091,5092,5210,5238
4150,4930,4931,5018,5175,5176,5204
4799,4802,4932,5096,5098,5179,5200
4144,4932,5095,5097,5098,5180
5019,5097,5099,5180,5206,5207
5021,5102,5198
5038,5039,5101,5103
4965,5039,5040,5103,5105,5239,5833
4978,5048,5050,5071,5107,5830
5050,5055,5071,5106,5831
4279,4910,4993,5109,5299
4913,4993,5080,5109,5112,5113
5114,5150,5248,5254,5293,5346,5352
5123,5678
4994,5081,5117,5120,5124,5128,5190
5111,5115,5118,5131,5133
5112,5113,5119,5120,5128,5130
5081,5116,5117,5244,5245,5295
4913,5113,5118,5119,5131,5253,5294
4991,4994,5119,5126,5127,5128,5253
5132,5148,5150,5248,5389
5082,5126,5127,5225,5293,5346
4914,4992,5111,5132,5133,5150,5254
4915,5134,5135,5140,5149,5152,5166
4985,5129,5134,5136,5146,5152
4772,4915,5134,5146,5147
4772,4915,5137,5142,5151,5166
4772,5139,5143,5145,5147,5151,5163
4319,5154,5159,5160
4575,4986,5144,5145,5163
4914,5132,5135,5148,5149,5388
5135,5140,5141,5388,5401
4914,4985,4992,5149,5152,5153
5137,5143,5151,5159,5160
5154,5156,5161
5083,5155,5156,5157,5158,5161
5164,5169,5172,5330,5393,5400
5083,5139,5143,5154,5159,5161
5083,5138,5139,5144,5157,5162,5163
4319,5167,5168,5171
5140,5141,5142,5166,5169,5170,5400
4319,5137,5142,5160,5168,5170
5168,5169,5170,5171,5172
5164,5167,5171,5172,5395
2186,4150,4930,5173,5174
4149,5094,5175,5204,5233
4798,4799,5010,5096,5177,5199,5229
4932,5019,5093,5179,5180
2190,4148,5099,5181,5184,5206
4148,4152,5182,5184,5186,5234
5202,5203,5205,5208,5209,5237
3938,3949,4651,5218,5292,5834
4283,4889,4965,5105,5187,5189
4771,5120,5130,5190,5297
5279,5282,5329
2199,4149,5094,5183,5194,5195
5008,5020,5230,5232,5235,5861
4798,5178,5199
4798,4799,5102,5178,5198,5200
4931,5176,5201,5202,5209
5100,5176,5202,5203,5204,5233
5100,5184,5203,5205,5206,5207,5234
5019,5093,5196,5205,5207,5208
5020,5196,5208,5231,5235,5236,5237
5040,5211,5212,5214,5832,5833
5044,5104,5212,5213,5214,5216,5240
4958,5104,5217,5240,5249,5354
3938,5104,5216,5217,5218
5117,5124,5191,5219,5220,5295
5122,5192,5219,5220,5222,5224
3010,4991,5126,5222,5224,5225
5122,5191,5220,5257,5260,5323,5648
5432,5449,5659,5673
5008,5010,5177,5232,5860
5020,5177,5229,5231,5232
5094,5100,5183,5186,5233,5234
5092,5210,5230,5235,5236,5862
5201,5209,5210,5236,5237,5238
5046,5211,5242,5832
4958,5211,5214,5240,5242
5188,5215,5250,5251,5287,5867
4991,4994,5124,5219,5224
3010,5192,5222,5246,5247,5283,5284
3010,5082,5125,5225,5284,5328
5215,5251,5356,5357
3938,5188,5217,5286,5287,5288,5354,5834
5111,5114,5131,5254,5294
5244,5245,5259,5271,5274,5275
3598,5256,5296,5321,5378
5228,5260,5325,5333,5648,5677,5681
3957,5221,5259,5262,5274,5324
4922,5121,5264,5266,5314,5317
3957,5121,5261,5262,5266,5267,5298
3559,3598,3957,5256,5267,5324,5428
5278,5432,5659,5667,5668,5674,5682
5257,5271,5275,5278,5323,5660,5667
5272,5621
5122,5192,5228,5246,5648
5449,5642,5686,5687
5326,5335,5472
5228,5246,5247,5276,5333,5675
5247,5270,5283,5327,5331,5675
5285,5339,5340,5350,5351
5355,5356,5357
5241,5286,5288,5290,5835,5836
4635,4969,5252,5289,5290,5836
4892,4969,5047,5289,5291
5114,5127,5253,5293,5294
5191,5245,5275,5295,5323
5110,5261,5265,5298,5301,5307
4771,5079,5110,5297,5301,5309
4922,5121,5298,5305,5307
4279,5079,5299,5302,5303,5309,5404
5300,5304,5308,5310,5364,5367,5405
4922,5264,5305,5308,5310
5301,5302,5304,5305,5307,5309,5310
5264,5308,5313,5317,5367,5369,5375,5412
3017,3559,5266,5267,5314
5318,5322,5349,5409,5415
3017,5313,5314,5317,5318,5409
3017,3559,5318,5322,5428,5429,5441
5221,5271,5274,5654,5660
5671,5679,5686
5276,5279,5282,5325,5333,5380,5676
5223,5283,5284,5328,5331
5227,5342,5347,5396,5398,5838
5125,5223,5281,5328,5338,5837
5223,5280,5327,5331,5334,5338
5270,5280,5327,5450,5470,5669
5227,5332,5334,5338,5347,5384,5837
5165,5248,5339,5350,5352,5389
5382,5390,5434,5452
5279,5329,5343,5380,5450,5669
5344,5348,5387,5399,5403
5280,5332,5334,5336,5337,5454,5470
5332,5384,5385,5451,5454,5469
5082,5125,5281,5285,5346,5350,5352
5165,5193,5339,5340,5353,5391
5188,5251,5288,5355,5357,5835
5243,5250,5867
3767,5303,5306,5358,5359,5404
5306,5359,5360,5364,5365,5405
4920,4921,5360,5363,5365,5371
4921,5300,5361,5364,5365
5263,5300,5361,5367,5369
5263,5311,5315,5366,5369,5375
2167,3956,4920,5362,5371,5840
2167,3754,3956,5370,5372
5311,5312,5315,5368,5374,5418,5420
5407,5438,5439,5443,5464,5637,5841
5226,5277,5296,5321,5379,5657,5670
5329,5335,5343
5344,5390,5392,5397,5403,5434
5341,5347,5384,5385,5398
5341,5382,5385,5390,5392,5451,5468
5148,5165,5193,5388,5389,5401
5340,5342,5351,5391,5394,5838
5344,5387,5434
5330,5353,5391,5393,5394,5402
5342,5394,5396,5397,5399,5402,5403
5341,5392,5396,5397,5398
5141,5193,5330,5353,5400,5401
5164,5348,5393,5395,5399,5402
5302,5304,5306,5404,5405
2599,5406,5421,5446,5456
5312,5315,5319,5375,5412,5413
5408,5411,5414,5419,5436,5455
5313,5319,5409,5412,5415
5319,5349,5411,5413,5415,5417,5419
5407,5411,5414,5416,5417,5439
5312,5408,5413,5418,5419
5374,5406,5408,5418,5421,5455
2176,2787,5374,5406,5420,5446
1008,2176,2787,5422,5423,5424
1008,2600,5424,5426,5427
3598,5268,5378,5428,5429,5658
3009,5377,5430,5431,5655
5257,5260,5278,5677,5682
5466,5471,5473
5386,5452,5465,5467
5407,5414,5435,5436,5443,5458
5322,5349,5416,5417,5441,5442
5416,5439,5440,5442,5841
5429,5430,5431,5440,5441,5442,5658
4330,5630,5635,5636,5842
2599,2778,2787,5423,5425,5445,5446
2599,5410,5445,5447,5448,5456
5379,5654,5657,5660,5667,5674
5382,5386,5452,5453,5468
5345,5386,5437,5453,5465,5466,5471
5410,5421,5435,5436,5455,5456
5410,5435,5448,5457,5458,5463
3600,5316,5457,5459,5460,5463
5316,5444,5460,5462,5464,5620,5637
5316,5443,5458,5463,5464
5345,5383,5466
5345,5383,5465,5467
5437,5451,5453,5468,5469
5337,5437,5454,5469,5471,5473,5474
5472,5473,5474
5326,5336,5337,5472,5474
14,66,72,5475,5476,5479
17,22,24,63,2293,5477,5478
72,252,442,5479,5480
207,374,437,438,477,5481
203,438,440,477,5482,5483,5484
63,90,2292,5477,5485,5486
449,480,5487,5488
2,6,48,485,486,5489
2,486,503,506,5490,5491,5492
170,172,175,181,530,5493,5494
38,44,46,521,522,5495
46,522,533,536,5496,5497,5498
142,145,148,151,560,5499,5500
32,61,126,551,552,5501
61,552,563,566,5502,5503,5504
36,124,128,253,572,5505,5506
134,142,573,5499,5507,5508
36,553,5505,5509,5510
570,577,578,580,582,5511,5512
43,578,580,1108,5513,5514
573,1345,1702,5507,5515,5516
1413,1546,1883,2382,2661,5517,5518
1883,2647,5518,5519,5521,5527
2343,2647,4271,5520,5523,5526,5527
3153,4271,5523,5524,5533
2664,3153,4271,5525,5526,5532
2646,5521,5522,5523,5527,5533
2646,3390,5522,5528,5529,5530
1856,3153,4521,5524,5531,5532
1856,5522,5524,5530,5533,5534
2665,4272,4521,5531,5536,5538
2665,4098,4524,5535,5537,5538
1536,1600,1641,1657,5539,5540
361,399,1834,1846,5541,5542
1915,1916,1917,2287,2289,5543,5544
140,443,1269,2294,5545,5546
804,1704,2057,2059,2678,5547,5548
2212,2320,2325,2326,5549,5550
1882,2252,2634,3103,4043,5551,5552
960,2072,2748,2751,5553,5554
1756,2402,2422,2447,5555,5556
2083,2462,2504,5557,5558
60,402,908,2756,5559,5560
2157,2158,2534,2984,5561,5562
2774,2783,5563,5564
979,2211,2823,2825,2834,5566
979,1109,2211,5565,5567,5568,5570
2826,5568,5569,5570
2330,2378,2858,3065,5571,5572
2561,2757,2962,5573,5576,5843
1564,2558,2561,5574,5576,5844
2554,2763,2963,3491,5577,5580
2763,3194,5578,5579,5580,5617
2154,3199,3201,3206,4282,5581
899,1862,3775,3967,5582,5583
1817,2194,3033,3034,5584,5585
1045,2351,3096,3130,5586,5587
2965,3211,3212,3213,5588,5589
3032,3291,4053,5590,5591
2159,3229,3252,3506,5592,5593
3174,3442,3667,5594,5595
3442,3464,3716,5595,5596,5597
3402,3411,3684,5598,5599,5603
4270,4515,5598,5600,5601,5603
3402,4515,5603
3411,3685,3688,5599,5602,5604
3702,3703,3704,5605,5606
2424,5026,5607,5608
2467,2471,5026,5607,5609,5610,5827
2479,3437,3455,3473,3697,5611,5612
3054,3614,3639,3988,5613,5614
3389,3894,4077,4655,5615,5616,5807
3490,3496,5578,5617,5618
3790,5461,5619,5623,5626,5627,5661
5619,5627,5628,5631
5444,5620,5623,5627,5631
5376,5444,5462,5622,5628,5631,5632
3972,5376,5622,5625,5629,5639
5653,5663
5619,5622,5628,5639,5645,5647,5661
3972,4329,5376,5630,5632,5635
3786,5634
5438,5462,5630,5632,5636,5637
3972,4329,5629,5641,5650
5625,5629,5633,5638,5650,5653,5663
4329,4330,5635,5640,5641,5652
4334,5272,5273,5433,5621,5643,5649
5625,5633,5639,5645,5646,5664
3009,4330,5255,5258,5640,5655,5842
3468,5273,5643,5645,5647,5664
3786,5634,5638,5641,5650,5652,5665
3786,5638,5653
5258,5640,5651,5652,5656,5665
5255,5377,5381,5655,5683
5268,5269,5377,5381,5430,5658
5221,5256,5296,5324,5379,5654
3468,5626,5644,5647,5661,5662
5643,5646,5649,5664,5666
5633,5646,5663,5666
3468,3970,5273,5433,5624,5644
5634,5651,5665
5326,5335,5336,5343,5470,5669
5226,5268,5269,5321,5378,5680
5642,5657,5668,5670,5674,5687
5432,5449,5642,5668
5123,5320,5673
5282,5676,5678
5270,5276,5380,5450,5675
5123,5320,5325,5676,5678,5681
5255,5258,5656,5672,5683,5684,5685
5226,5277,5671,5672,5679,5680,5685
5320,5659,5673,5677,5681,5682
5671,5672,5684
5269,5381,5680,5683,5685
5277,5670,5679,5686,5687
3073,3077,3998,4052,4215,5688
3998,4052,5689,5690,5693,5694
3077,3316,4052,5691,5692,5693,5699
3875,5691,5693,5694,5695,5701
3875,4051,4250,5695,5696,5697
3079,3875,5691,5697,5698,5699
4407,5690,5694,5700,5701
3465,3585,4323,4324,5702,5711
2501,4266,4499,5704,5705
4499,4615,4849,5704,5706,5707
2359,4104,4278,5708,5709
3470,4327,4581
3470,3590,4325,4327,5712,5713
3590,3971,4324,5703,5711,5713
4364,5714,5716,5717,5739,5741
4191,4364,4822,5716,5720
5715,5718,5721
4387,4607,4822,4934,5714,5716,5719,5728
4364,4609,5715,5718,5720,5741
4609,5715,5721,5722,5723,5742
4387,4831,5714,5717,5724,5729,5734
4462,5738,5744,5746,5747,5748
4387,4825,5725,5728,5729
4391,4460,4463,4464,5722,5742
4834,5730,5735,5750
4391,4466,5723,5740,5742,5758
4368,4835,5733,5737,5745,5751
4461,4837,5744,5748,5749,5762,5763
4466,5717,5734,5739,5740,5757
4609,5723,5739,5740,5741
4456,4459,5726,5732,5737,5751
4459,4836,5732,5736,5746,5747
4368,4462,5732,5747,5751,5759
5749,5760,5762
4368,4610,5733,5752,5756,5759
4610,5752,5760
4433,4453,4835,5731,5745,5753
4433,4834,5731,5750,5754,5765
5733,5745,5753,5755,5756
4456,4466,5726,5757,5758
4462,4610,5744,5749,5759,5760
4461,5727,5762
4448,4461,5727,5761,5763,5770
5754,5765
3168,3170,3171,3345,4489,4490,5764,5766
4394,4440,4449,4450,5767,5768
4445,5761,5770
4268,4615,4616,4634,5707,5769,5771
5773,5776,5780,5781
5772,5782,5786
4734,5773,5775,5776,5779,5783,5785
4718,4719,5775,5778,5779
4727,5777,5780
4727,5773,5778,5779,5780
5772,5776,5781,5782,5785
4682,4734,5783,5784,5788,5793
5772,5783,5785,5786,5788
5774,5784,5786,5788
4682,5058,5774,5784,5789,5791
5054,5058,5060,5787,5790,5791
4682,4733,4738,5789,5792,5793
4642,4652,4892,5291,5794,5795
3661,4550,4976,5796,5797,5799
5846,5849,5851,5859
3767,4918,4919,5358,5798,5800
4948,4949,4953,4955,5801,5802
4645,4887,4890,5803,5804
4964,4967,4970,5805,5806
3894,4888,4966,4974,5807,5808
4868,4972,5810,5853,5855
3924,4552,4979,5059,5811,5812
3205,3209,5062,5813,5814,5820
3203,3209,4555,5062
4555,5062,5064,5066,5814,5817,5818
4755,4905,5066,5818,5819
3204,3205,4983,5816,5820,5825
2759,3204,4983,5815,5821,5822,5823
3204,4903,5823,5824,5825
2450,2455,5028,5610,5826,5827
2449,4118,5030,5031,5828,5829
5053,5071,5108,5830,5831
5046,5239,5832,5833
5241,5355,5835
4969,5047,5286,5292,5834,5836
5227,5281,5285,5351,5837,5838
2167,3016,3754,5373,5839,5840
3009,5431,5438,5440,5636,5841,5842
2554,2561,2961,2963,5575,5843,5844
3661,4665,5799,5845,5846,5849,5850
4868,5845,5847,5850,5855
5848,5859
4665,4711,5846,5851,5852
3892,5810,5853,5854,5857,5858
4864,4878,4972,4975,5809,5847,5855
3663,4972,5809,5853,5856,5857
4868,5810,5848,5849,5850,5858,5859
5009,5185,5863,5865
5008,5009,5860,5861,5863
5009,5230,5861,5862,5865,5866
5185,5197,5864,5865,5866
5243,5249,5287,5354,5867
