-15.00000000, -10.00000000
-7.27010595, 6.86626241
-7.65023592, 6.44002254
-8.00541241, 5.99277667
-8.33447691, 5.52598359
-8.63635607, 5.04116591
-8.91006524, 4.53990500
-9.15471163, 4.02383585
-9.36949725, 3.49464180
-9.55372152, 2.95404894
-9.70678353, 2.40382059
-9.82818404, 1.84575148
-9.91752705, 1.28166192
-9.97452115, 0.71339183
-9.99898043, 0.14279481
-9.99082512, -0.42826797
-9.95008181, -0.99793384
-9.87688341, -1.56434465
-9.77146866, -2.12565290
-9.63418141, -2.68002770
-9.46546947, -3.22566082
-9.26588313, -3.76077250
-9.03607341, -4.28361732
-8.77678990, -4.79248987
-8.48887832, -5.28573031
-8.17327778, -5.76172980
-7.83101771, -6.21893573
-7.46321449, -6.65585678
-7.07106781, -7.07106781
-6.65585678, -7.46321449
-6.21893573, -7.83101771
-5.76172980, -8.17327778
-5.28573031, -8.48887832
-4.79248987, -8.77678990
-4.28361732, -9.03607341
-3.76077250, -9.26588313
-3.22566082, -9.46546947
-2.68002770, -9.63418141
-2.12565290, -9.77146866
-1.56434465, -9.87688341
-0.99793384, -9.95008181
-0.42826797, -9.99082512
0.14279481, -9.99898043
0.71339183, -9.97452115
1.28166192, -9.91752705
1.84575148, -9.82818404
2.40382059, -9.70678353
2.95404894, -9.55372152
3.49464180, -9.36949725
4.02383585, -9.15471163
4.53990500, -8.91006524
5.04116591, -8.63635607
5.52598359, -8.33447691
5.99277667, -8.00541241
6.44002254, -7.65023592
6.86626241, -7.27010595
7.27010595, -6.86626241
7.65023592, -6.44002254
8.00541241, -5.99277667
8.33447691, -5.52598359
8.63635607, -5.04116591
8.91006524, -4.53990500
9.15471163, -4.02383585
9.36949725, -3.49464180
9.55372152, -2.95404894
9.70678353, -2.40382059
9.82818404, -1.84575148
9.91752705, -1.28166192
9.97452115, -0.71339183
9.99898043, -0.14279481
9.99082512, 0.42826797
9.95008181, 0.99793384
9.87688341, 1.56434465
9.77146866, 2.12565290
9.63418141, 2.68002770
9.46546947, 3.22566082
9.26588313, 3.76077250
9.03607341, 4.28361732
8.77678990, 4.79248987
8.48887832, 5.28573031
8.17327778, 5.76172980
7.83101771, 6.21893573
7.46321449, 6.65585678
7.07106781, 7.07106781
6.91654801, 8.54122548
6.45974188, 9.94713020
5.72061403, 11.22733719
4.73146789, 12.32589527
3.53553391, 13.19479217
2.18508012, 13.79605293
0.73912785, 14.10339957
-0.73912785, 14.10339957
-2.18508012, 13.79605293
-3.53553391, 13.19479217
-4.73146789, 12.32589527
-5.72061403, 11.22733719
-6.45974188, 9.94713020
-6.91654801, 8.54122548
-7.07106781, 7.07106781
6.65585678, 7.46321449
6.21893573, 7.83101771
5.76172980, 8.17327778
5.28573031, 8.48887832
4.79248987, 8.77678990
4.28361732, 9.03607341
3.76077250, 9.26588313
3.22566082, 9.46546947
2.68002770, 9.63418141
2.12565290, 9.77146866
1.56434465, 9.87688341
0.99793384, 9.95008181
0.42826797, 9.99082512
-0.14279481, 9.99898043
-0.71339183, 9.97452115
-1.28166192, 9.91752705
-1.84575148, 9.82818404
-2.40382059, 9.70678353
-2.95404894, 9.55372152
-3.49464180, 9.36949725
-4.02383585, 9.15471163
-4.53990500, 8.91006524
-5.04116591, 8.63635607
-5.52598359, 8.33447691
-5.99277667, 8.00541241
-6.44002254, 7.65023592
-18.00000000, -18.00000000
18.00000000, -18.00000000
18.00000000, 24.00000000
-18.00000000, 24.00000000
-18.00000000, 3.00000000
-18.00000000, -7.50000000
-6.61887003, 6.43248445
-7.72230373, 7.50484577
-10.55944843, -4.64126986
-11.50505290, -0.82285762
-6.48761711, -10.25065516
-7.91985010, -8.38566106
-11.11249004, 3.09126223
-5.77147847, 9.26898944
-4.31981357, 10.64326218
-1.15106093, 11.47686350
11.25680497, 10.68657450
5.59388320, -11.20665117
18.00000000, -7.50000000
18.00000000, 3.00000000
3.40733042, 11.01968404
5.12222763, 10.05293775
0.82285762, 11.50505290
6.68814495, 9.24417784
8.82411975, 7.42820623
6.99380791, 7.80614664
-2.72807119, 8.00532853
-4.87292682, 6.91247001
-7.14015128, 5.67029007
-9.42741931, 6.64583344
-9.61335350, -6.37391336
-9.68667339, -4.93560661
-10.18614985, -3.79923747
-10.71131964, -0.76608870
-11.28006337, 0.48353262
-11.09643473, -2.08393135
0.47235857, -10.93750236
0.00000000, -18.00000000
-3.55645939, -11.46215912
-7.00133987, -8.31703638
-7.90377399, -7.46473113
-10.62315740, 2.31092644
-10.29048708, 3.50681190
-4.64782057, 9.80434170
-3.49991411, 10.27024603
-2.39995186, 11.03240067
-1.07164927, 10.68507502
1.05753191, -10.54431528
-2.71880778, -10.97872221
-0.15121899, -10.58886977
7.17319494, -9.03264144
5.74643864, -9.22877549
4.65698070, -9.82366453
10.43161959, -3.56008027
8.51357525, -6.76098296
7.68738753, -7.68738753
10.55944843, 4.64126986
11.43931340, 1.47832542
1.46210399, 13.94972625
3.17225880, 10.25943636
2.08393135, 11.09643473
4.81575535, 9.45145205
0.15524092, 10.87049927
7.90377399, 7.46473113
8.70317032, 6.51511170
1.08395307, 8.38765182
-1.33965594, 8.45825472
-2.45783837, 8.83545371
-3.44898335, 8.49768942
-4.84751361, 7.78510266
-5.70335106, 7.18178239
-8.38765182, -1.08395307
-7.63535233, 4.75426926
-9.90936635, 5.41092340
-8.77702193, 6.18733759
-8.70317032, -6.51511170
-10.60193934, 0.45446407
-10.44915674, -2.58766440
-1.05445400, -10.90555460
2.42013333, -11.12517335
-4.26996401, -9.71468285
-4.30953175, -12.06899806
-2.25567386, 10.36916539
3.46393411, -10.16466531
6.67831643, -8.40947977
-6.63883811, 11.14690790
10.27549902, -2.85842884
9.83095239, 4.32106879
10.78655496, 3.33524598
9.75081064, 5.69168916
10.68481613, 2.00662861
10.84390809, 0.77557161
9.34349236, -7.76152343
8.80499851, -7.36372187
1.95865157, 10.42934991
3.83958040, 7.53560082
2.52975533, 8.18150896
1.69272833, 9.01337242
0.65424765, 9.14757737
-1.45613465, 9.19367234
-8.26412436, 1.79775021
-8.93216620, -0.12755971
-9.17684972, -1.18594270
-8.18150896, -2.52975533
-8.14016266, 3.85890421
-9.72715082, 4.61122767
-0.16063060, -11.24790312
-5.33917304, -9.14689187
9.57647390, -6.88276875
2.43669697, 12.88186733
10.13809919, 3.13474086
9.16462076, 5.34952165
10.75492178, -0.46102184
6.14862124, 5.80707450
5.13202692, 6.85558536
4.62322497, 7.92035369
3.69023728, 8.39573466
2.74970929, 8.89286445
-0.38467076, 8.97376997
-9.04169951, 1.96690133
-8.96431290, 0.89906710
-8.94808118, -2.21593299
-8.63715790, -3.22149334
-7.04880260, -4.67354676
-8.52633046, 2.90561922
12.46217722, -1.24319237
7.74250812, 3.40311995
7.13738593, 4.73227990
7.01598843, 5.90610853
6.29701072, 6.66737337
5.57823990, 7.45165612
-7.98934616, -4.07077519
-7.71202757, -5.11328285
-6.22589186, -5.88005285
8.43585402, 0.60334419
8.31258649, 2.05855694
8.59271335, 3.20491638
8.17137083, 4.16352139
7.75795832, 5.14373618
-7.05227760, -5.93665701
-6.32958109, -6.70185938
-4.26351693, -7.30411396
8.14801501, -2.26660730
8.92488099, -0.38257508
9.22958729, 0.66011311
9.03533874, 2.23754174
-5.37351477, -7.17817537
-4.66467314, -7.99136130
-2.99270218, -8.02374505
6.91247001, -4.87292682
7.73821128, -3.66835619
8.68072893, -2.95823543
8.96135907, -1.94942434
9.32756708, -0.93549932
-3.70932449, -8.43916037
-2.72315435, -8.80698281
-0.60334419, -8.43585402
4.87292682, -6.91247001
6.66694696, -5.94572810
7.56286739, -5.33142267
8.41102348, -3.98730778
-1.65502127, -8.81259140
-0.66011311, -9.22958729
0.85459940, -8.52093955
4.28116809, -7.84037398
5.33142267, -7.56286739
5.99645148, -6.72382310
0.39479366, -9.20992149
1.44207223, -9.10488570
3.38818736, -8.34789877
2.41411062, -8.67826093
5.48628313, 9.48862164
4.14872118, 10.17014350
-10.90197651, 1.37938730
-10.96659386, -0.12803474
2.26622208, -10.41765475
1.69684682, -10.81469350
-3.85945378, -10.26582633
-4.97086880, -9.77731814
-1.74388811, 10.82780809
-2.89822529, 10.57669740
2.60860542, 10.65259365
1.32169005, 10.89427878
-6.28315648, -8.97808503
10.54567630, -5.38929233
10.07105499, -4.92962110
10.63433580, 2.67869814
10.28579861, 3.80590601
9.75896638, 5.00451286
9.16417807, 6.02348421
9.53786565, -4.53940045
8.41317815, -1.17833737
6.09017795, 10.58723369
-1.98848499, -10.58820574
-3.52163053, 11.75860072
11.52799178, 2.40789162
12.05945973, 7.96126079
-3.50013152, 11.01457863
9.41357393, 6.71930838
5.75050303, 10.05866606
5.43108252, 10.63521459
5.22604096, 11.77661623
-6.99380791, 7.80614664
-11.06648809, -1.37749001
-10.51625563, -1.75467023
-0.51309348, 11.14097133
7.67929436, 8.24979376
-8.60110759, 7.12743732
-9.43899724, 5.93885245
-9.25179918, 5.29855755
-11.66845045, -3.48668043
1.12395996, -11.20664832
4.16140050, -10.34733072
6.45490555, -9.09498221
7.39660581, -8.34713900
10.52683054, -4.27255710
11.31969555, -3.40224347
10.58462112, -1.27917784
-11.24014516, 4.68709004
9.45229113, -5.16134145
-8.74661825, 1.45156481
-7.91792440, 0.80590682
-8.33609479, -1.81419913
-9.05344803, -2.79936238
-8.55925418, 2.31286351
-7.54189522, 2.55364804
-7.81572677, -3.26663399
-6.68033542, -5.30612037
-6.88941229, -6.50671571
8.78025142, 1.36534447
-5.57251308, -6.37993578
-3.65375024, -7.70920904
-3.31164749, -8.87887053
7.66143803, -4.50103852
-2.18580219, -8.18405470
5.46248179, -6.98367123
5.28852667, -5.94764644
0.12259598, -8.53034378
0.94567778, -9.42905321
1.66530217, -8.29282410
3.53660253, 17.02748191
-2.95618327, 11.40261804
-2.08135614, 12.11403573
-1.90243312, 11.47359520
-2.86160871, 12.17991446
-4.15417647, 11.36800122
9.96646126, 6.33160540
10.82845366, 5.68482046
9.41104922, 8.52295097
10.28750436, 5.35442235
18.00000000, 13.50000000
0.07222232, 11.62632158
8.38700695, 8.02753103
7.75457515, 9.59068201
-11.18520947, -2.86573399
8.80807455, -9.75454970
11.51929272, -1.04692924
9.00000000, -18.00000000
8.15461321, -8.28727053
8.74308615, -8.01090454
-10.47298138, 4.86189297
5.25674283, -10.42620147
2.93913671, -10.64177110
-2.60729238, -10.30910895
-3.24235934, -10.54743915
-2.89956031, -12.87678199
-1.85239643, -11.72087453
3.38731233, 14.06490525
10.79500237, -2.34830903
-7.16965459, -3.82693861
7.92530183, 1.29292378
9.36856582, 1.24442496
-4.74551069, -6.59769159
6.95374278, -4.01590866
8.04033313, -4.96705770
-1.34757309, -8.01457752
0.46326402, -6.55372777
7.10743218, 10.74781003
-2.86030701, 13.49542255
-5.47745658, 10.03771895
-4.13350090, 12.76034372
-5.22604096, 11.77661623
-7.85342322, 13.90526352
-3.85583235, 16.33113268
0.64693388, 12.79990629
7.50299959, 8.93224874
8.43114191, 8.95490008
-11.93520805, -2.78057064
-12.53089413, -2.31698811
-11.89559172, -1.69619901
-10.91317136, -3.57595325
-6.26198784, 16.46168876
9.59395256, -5.97382174
-8.22074359, 11.77759564
-10.28258763, 6.21695947
-10.71196300, 4.13987918
3.97845954, -12.27795132
-2.14105211, -11.18104628
-5.96750750, -9.93677153
-1.70169539, -15.39324342
4.66457493, 16.54390434
1.20187998, 14.50297286
11.47857370, 0.35650634
-6.39469347, -1.31018872
-5.16050496, -3.99723500
-2.86736462, -5.86403609
-0.10886984, -7.47278593
6.50620245, 11.25416121
8.12115566, 12.16649004
11.49839112, 12.36480157
0.53801768, 12.12573099
1.70097680, 12.28373507
-0.51602524, 12.64190221
1.09547326, 12.38155703
-0.06748587, 12.22355294
1.53365493, 13.17093728
-0.70521297, 11.98943307
-1.34997564, 12.53004894
7.31421569, 10.10393041
7.94112356, 14.39383194
-11.38448456, -4.32382856
-10.40363008, -3.21211468
6.87360461, -9.74999630
8.75160292, -10.64790908
-10.99967703, 5.40257990
-11.55024054, 3.85926490
-10.08719154, 4.09899578
2.66035078, -0.41793396
-7.77882628, -10.47098355
5.66619258, 15.69427178
9.87922021, 7.92538092
1.94132296, 15.26116648
-6.69049186, -10.82326216
-7.12293315, -9.03878420
-7.74188990, -11.31569674
-8.16006022, -9.71628801
-0.90405339, -11.85087724
12.14149622, 0.94130318
10.88716725, 0.15096016
-7.41216815, -1.38202475
-6.04188956, -4.51063183
-3.43179626, -6.71364309
0.48053285, -7.89789358
7.25120392, 11.52864002
6.06918889, 12.53579004
-2.41320281, 12.83722545
-1.05837874, -3.49519550
-3.50330259, 12.45753400
-4.10381132, 12.09073982
-4.97210687, 11.05067563
-4.62794184, 11.73538268
-6.95300770, 12.83428675
9.29425388, 9.85250555
9.74873003, 12.99604907
8.76437548, 12.91591854
1.53955379, 11.58130348
6.10269953, 9.44253760
5.85384050, 8.82896187
-18.00000000, -2.25000000
8.99638767, -5.65942125
0.00000000, 14.10339957
-11.70607782, 9.75137926
-5.45915038, 10.66112049
-0.88119815, -15.66455927
12.52858388, 3.00912873
-7.66564158, -2.04383331
-5.97735232, -5.21637563
-3.06249159, -7.31850127
0.51769193, -7.22522236
1.23726216, -7.60233415
6.09333254, 11.82870111
8.95450366, 11.75156774
-4.91302360, 14.46200438
-3.64469777, 14.34858564
-3.02800740, 12.84764649
-5.79505720, 12.78625807
-2.27407388, 15.98281826
-7.32897400, 14.50104640
-12.37993184, -3.35202395
9.51247244, 12.27115057
9.86678893, -4.00466398
-7.98382351, 13.12232037
10.65601047, 12.66814290
-8.72766607, -9.36424176
2.23756629, 15.82048526
-6.85915127, -1.97327544
-5.28474081, -4.79721655
-2.62588493, -6.63675376
2.56064478, -7.25987674
6.80921053, 12.20710152
4.70027855, 10.64980138
10.04568744, 8.66603110
-4.35189471, 13.68967671
-3.39602286, 13.79005262
4.24575958, 15.07664668
-6.02007978, 11.99427468
-5.34070551, 12.37715797
-4.97081760, 13.12722495
-0.80945293, -1.74457351
-10.16534190, -11.37393266
-12.38776007, -4.35577751
-12.32818386, 10.43652724
-12.34714194, 4.46961778
-0.60291914, -14.87713821
-9.00000000, -18.00000000
-1.31513379, -14.62032807
1.46566230, 15.82909508
-0.36956393, 14.78394287
8.18680017, 10.16798651
9.02567092, -6.32884479
-7.20001425, -2.72159487
-5.41797864, -2.48853436
-5.26045638, -5.61915318
-3.76409165, -4.62373333
-2.24143634, -7.36364359
-1.10437227, -5.73717950
1.95224159, -7.63703054
6.97371724, 13.57487858
9.22161576, 9.14532751
-6.38581713, 12.52614895
-7.31184314, 11.49769288
-6.72550703, 11.90088029
-5.01516816, 13.79778618
-6.50668856, 14.36711770
-5.69964187, 14.24300874
-9.66509920, 14.58910843
7.74027268, -11.52236923
4.69366624, -2.81074133
-4.89368482, 10.38405491
2.78833843, 17.37949435
-1.56793675, 17.55193298
-6.06791209, -2.03328974
-4.54820444, -4.50196187
-1.97094621, -6.00798993
2.58545789, -7.97920156
1.65580583, -6.47953940
1.07975808, -6.84171104
1.64362464, -7.09936349
6.68119360, 12.91627990
5.40032839, 12.43084265
5.50635880, 13.93897560
4.93361488, 13.22144904
5.07602059, 11.16054888
4.21551518, 11.40001264
-7.38650382, 12.23420226
-6.09017795, 10.58723369
-1.77845345, 19.41158736
-6.21995845, 13.54558869
-5.56584441, 13.42461746
4.63872126, -4.77485847
-6.43015405, 4.04555283
-6.69410048, -9.67933952
1.30025199, 16.84794567
5.49936999, 15.04791894
-6.25786353, -2.99603890
-4.91294061, -1.07594943
-4.29388132, -5.44974204
-3.93413359, -3.13324839
-1.91236849, -6.72448973
7.33721888, 12.66855828
8.88434215, 10.35110975
10.71508387, 7.98726193
6.00348753, 13.32390748
-13.67691313, 6.36863703
4.98163925, 14.62479938
5.06971727, -3.29302059
-12.24050182, -6.04462968
-1.34453953, 14.87277995
-1.74669448, 16.68893180
-5.62169789, -1.39624864
-4.42884849, -3.73340307
-1.52986577, -7.32570804
9.24241558, 7.90865245
6.32278736, 14.09041770
-9.05806072, 10.06177596
0.00000000, 24.00000000
-4.75051136, -5.97556152
6.55630123, 14.90530992
-2.79352391, 14.39292755
-5.12290854, 0.40232455
0.74053160, 15.98069128
-4.99257474, -1.84405301
-5.85129072, 0.05611156
-3.66669363, -3.85767959
-4.74475968, -2.96901644
-0.83075448, -7.50925953
-1.05538344, -6.60155065
9.55434428, 10.48413078
-2.99067110, -0.52316320
-4.07472635, 5.06656819
-2.15155107, -0.58178216
-5.74421391, 0.77014939
-0.13776768, 15.39702573
13.21889826, 9.53064692
-3.40579453, -1.62038462
-5.93564352, -0.70155056
-2.19547529, -4.43395262
-4.17802870, -2.25439590
-5.47035280, -3.27379294
6.13429586, 16.17017206
-9.83285087, 7.89656044
-6.05417134, 1.42225511
-2.24121963, -12.42090938
10.70049355, 9.70513139
-5.24356383, -0.39507519
-7.06542947, -0.19224141
-3.00369632, -4.33119334
-4.32144233, -1.52545365
-6.07864128, -3.74317755
5.83065160, 14.46711969
-1.81946752, -3.39842873
-1.52105719, -4.09281193
-2.25000000, -18.00000000
-3.69550549, -0.06406941
-6.60349064, -0.67527624
-3.13836823, -5.11565519
-2.41258481, -2.91177504
-6.64722266, -3.48450273
-6.59593373, -4.15255668
7.03904589, 14.32607185
-1.27087167, -2.12505577
-3.26594831, 1.33771407
-5.96572869, 15.19877548
-7.85291867, -9.09194413
-4.42878726, -0.42014101
-3.59431073, -5.70401939
-2.32692193, -5.24507269
-3.14000496, -3.25165939
-5.43937615, 14.83038993
-4.34992976, 0.35054614
-3.75249051, -0.87980000
-4.71205942, 1.09630367
-4.15820370, -6.16593608
-1.50282615, -4.96241124
-2.51549428, -3.72117737
-3.09178207, -2.40651184
-4.32065444, 15.86860806
-5.29460739, 15.59745818
-3.95342540, 1.00388460
-5.36054016, 1.35223334
-4.34686139, 2.97118410
-4.70345620, 2.06763560
-5.62023846, 2.25022246
-6.71156583, 0.71006683
-0.37299849, -4.50373378
-1.72847680, -2.68276965
-2.48800591, 19.16771572
-3.32761111, 0.58990211
-4.26842179, 1.57807838
-3.95521325, 2.29447492
-0.88005707, -4.11116579
-0.02434433, -3.52964239
-1.03003522, -2.78925227
0.40508094, -1.89312009
-0.40813685, -2.18799138
-2.25588170, -1.78344326
-1.89829092, 0.84849203
-2.64751987, 0.91027167
-2.32807830, 3.68787434
-2.71349159, 0.16827362
-3.27095836, 3.14217873
-2.18333230, 2.24295921
-2.59956297, 1.64075204
-1.86910346, 1.58082428
-3.00003853, 2.36249856
0.08910254, 1.13603124
-2.49824562, 2.94112003
-0.93127888, 1.17669905
-1.30097925, 3.06105753
-1.91974488, 3.20205931
-1.40036027, 4.05312048
-1.35241571, 2.23165750
0.03568497, 2.56186736
-0.70862220, 2.60802666
-0.71236439, 1.87562680
-0.26684537, 3.70760420
-0.69414057, 3.24074340
-6.68814495, 9.24417784
-6.21479512, 8.70179465
-8.05843408, 10.07799427
-7.66941797, 9.17443026
-7.22119078, 9.80595744
-6.94744287, 10.45354727
-5.27311729, 4.95274005
-10.42860648, -5.69444996
-9.98884925, -4.39047033
-7.49188646, -7.93252648
-9.38397631, -7.89949743
-10.51200625, 2.92422021
-5.09992950, 9.30637277
-4.08651815, 10.06846323
5.22916076, -9.57649293
8.14323023, -7.26230959
8.34729224, 7.02680947
-2.03627134, 8.23917250
-1.75222862, 6.25863936
-1.36590967, 7.32467907
-2.15472916, 7.44938981
-3.42200305, 6.71605914
-1.83844105, 6.89289997
-2.63090772, 6.81061953
-3.09942689, 7.37382130
-2.87002286, 5.45461974
-4.01248853, 7.41362094
-2.95538411, 6.16875474
-4.09410658, 5.67047297
-2.32898577, 5.88145958
-1.99460041, 4.90129905
-1.69984235, 5.54897550
-3.44944496, 5.74753000
-3.64429929, 4.64252913
-1.10928663, 4.88930260
-0.54214285, 5.99120052
-1.18726362, 5.94357872
-0.91735102, 6.68059621
0.52353539, 7.01800559
-0.36024407, 7.54681851
-0.15050794, 6.65115303
0.85343091, 5.60920669
0.49474790, 6.26823956
0.10944220, 5.63141013
1.87217385, 6.59078854
-0.51075156, 5.27814089
0.44997499, 4.56610047
1.13910457, 6.61893496
-0.42274865, 4.48760004
0.04489345, 5.02369519
1.48152388, 5.97678151
1.54064853, 7.51667405
-0.79480117, 4.00765661
1.85193809, 4.62342284
2.75485832, 5.59792258
1.48503298, 5.25037144
2.17213822, 5.96866685
2.15455236, 5.29770666
3.05001085, 6.70515027
2.89955188, 4.55830804
2.47561763, 6.49837032
2.49700598, 7.34012235
0.91663523, 4.98518223
1.16551550, 4.23868547
0.52184521, 3.77758024
2.28025453, 3.05454618
0.17463260, 3.21136609
1.19178396, 2.65415439
0.82931532, 3.19946852
1.57206889, 3.30005159
2.16489796, 3.86595819
3.12050435, 3.58790855
-3.05190140, 8.95558498
-5.45135781, 7.73300088
-6.32867859, 7.01187404
-5.59162775, 6.11131901
-9.06127525, -5.81932367
-9.73941154, -5.69634224
-8.11067740, -6.82762543
-8.76251093, -7.34552395
-9.22813512, -6.89492447
-10.25361325, -7.25021466
-8.64044415, -8.10803915
-9.23273460, -8.79002326
-8.47278813, -8.74686813
-8.78112048, -10.03001618
10.82116911, 1.39844139
1.80795006, 8.29226634
1.21262154, 9.38329119
-2.04007011, 9.24689364
4.48941865, 7.20246379
3.84295825, 6.74181347
3.48004861, 5.99756245
3.46510117, 5.16689769
4.56420594, 5.92951464
3.83079887, 4.25999145
4.56188983, 6.56805007
4.03615312, 6.18700231
4.03627464, 5.51704527
5.10160716, 4.69758767
4.67438610, 5.24440007
4.13122042, 4.85620534
5.45434871, 5.41348115
6.12076896, 4.64026674
5.48053772, 6.17640745
4.29535008, 8.43009919
3.18810154, 7.86551798
3.29307800, 7.26462449
2.24916888, 9.19826980
3.33527531, 8.86244134
0.24304081, 8.41360467
6.64871724, 5.27493351
6.87848098, 6.49639162
5.20944002, 7.90750673
6.11952829, 7.22622318
8.03469506, 2.73386901
6.08573400, 2.28138409
7.35808393, 2.06061070
7.28896014, 2.80669821
6.70347005, 3.72259402
6.75839932, 2.38129676
6.57318918, 1.31390312
6.65886544, 3.04899398
5.45042469, 3.46729164
6.11187986, 3.42349124
5.82013173, 4.03404282
5.74242816, 2.86059612
4.23265840, 2.50756027
5.12355162, 2.10243392
4.96769024, 2.86133221
4.55381749, 3.68630546
8.66156700, 3.80708047
7.44701289, 4.07091678
7.56379456, 5.69701149
8.19201114, 4.74951381
9.03839453, 2.82388959
7.95056490, -2.96966028
6.15536446, -2.08623106
7.00059118, -3.06255427
7.41936226, -2.44122068
7.59217430, -1.55473435
6.73934864, -2.43469003
5.92029630, -3.14376354
6.81105301, -1.65093979
7.02170165, -0.14207670
7.11808822, -0.92466860
7.79335642, -0.90996375
5.67165815, -0.70558404
6.12112481, -1.32317067
6.42552854, -0.61273491
4.86964090, -1.76162500
6.12632105, 0.37917432
5.56131501, -1.73058856
5.18972342, -1.17214466
5.25205823, -2.56132994
4.17384233, 0.35939979
4.82391583, -0.31209494
4.27116624, -1.05501751
9.11520878, -2.53566037
8.78455457, -3.53532586
-10.42179833, 1.74316136
-11.75776564, 2.14302993
0.74480788, 10.57127772
-6.41036136, -8.39563180
-8.27325782, 6.57958039
7.90190221, -8.97332442
11.78203026, -2.51449922
8.68312550, 9.64476561
7.69871180, 10.75353363
0.37668409, 14.99089832
0.90137508, 13.43691708
8.54020086, -8.90042809
6.94082303, -10.52448584
3.30655793, -11.55656615
-1.50690837, 11.95503193
10.88600713, -2.96057746
3.64658027, -10.89016366
-9.13787499, 13.71686003
7.57784923, -9.49807492
7.84012402, -10.05627323
9.65712405, 11.52257099
6.11449965, -10.20604121
8.32258387, 11.25761377
2.04367285, 14.63656893
-11.55882545, -0.22513292
4.06510057, -11.52365467
1.32899521, 15.10100301
-8.46540325, 13.60485891
-1.03026802, 13.31117865
-12.91621348, 0.55265292
9.09527500, 11.04252874
-3.40649629, 21.32462914
10.08199906, 10.91792552
-5.22889546, 17.24618833
1.69960250, -3.95855656
8.21342934, -9.52813668
4.96297979, -12.00891234
10.07057650, 11.99073004
-2.91131913, 15.59420331
-1.27799394, 19.97058499
10.65591968, 11.77280993
-7.85563452, 16.47984380
-11.93106115, 0.58544356
-8.96224507, 12.69655697
-8.70311756, 14.25239792
0.22404376, -4.68372382
-7.08705799, 3.79084393
-2.35069898, 19.92238554
-11.66937076, -2.24737323
-10.45636072, 5.64707188
-0.31292811, 16.02862601
-0.86482036, 15.53548226
7.52322747, 13.91872865
1.51147572, 17.85829296
-7.13624730, -10.34308816
12.29222780, 1.86597239
6.31682618, 8.43258731
1.53243969, 0.73686454
-11.89596904, -4.03059173
-11.76057939, 4.41004778
-5.32790252, 16.35104265
4.13350090, 12.76034372
4.22862759, 13.52001409
3.23744840, 12.15577296
4.09254772, 12.07523679
4.80882891, 13.90840673
4.12689983, 14.29954425
3.14661173, 14.84712291
3.73907312, 14.75650447
2.86030701, 13.49542255
4.00683823, 10.79459749
-7.08556345, 13.70427696
-12.81828270, -1.38740867
4.11462903, -2.61395828
-2.66893189, -11.76237709
2.82194873, 16.61145082
5.49288901, 13.01854252
-12.26603869, 3.75009968
-9.36166548, -9.64837165
-12.98003132, 6.92762080
-13.24234347, 4.00438172
7.78576438, -12.16894231
-4.18359396, 3.82031421
-11.68521613, 8.30330620
-0.31028996, -6.12574815
-8.85019777, 9.21304281
-12.79321677, 8.94104114
2.53853982, 15.03834505
1.85820505, 16.41567683
-5.78899937, -10.82041832
-4.03020902, -6.75174031
-3.67081843, -2.58690581
-4.28579921, 14.32770374
-3.99023411, 15.10523579
-3.25113765, 14.98553355
-4.67634280, 15.26145466
-1.54319498, 15.83142768
-2.31244084, 15.23741162
10.18422099, 7.23022011
3.63949273, 19.57013529
8.80743365, 14.13336627
-8.26442143, 9.45378489
-6.60670998, 2.23953192
-5.04888823, 2.72610511
-5.04773925, 3.85082857
-6.00195424, 3.28944104
-6.49356191, 0.10402839
-7.34031719, 0.43610549
-8.06206122, -0.05522048
-0.79394855, -5.08768825
0.11219993, -5.29719494
-6.67621982, 20.96384681
-0.32977570, -2.89129472
0.62672278, -2.82588114
-0.53315006, -0.57440907
-2.50299379, -2.32417163
-2.61265093, -1.14710819
-1.98742033, 0.12671465
-1.34318111, -0.39578986
-1.57517229, -1.23718417
-0.76651098, 0.29334740
-1.40579802, 0.42128424
-3.44940455, 1.93220828
-9.06543601, 8.43851171
-12.67207582, 8.32472190
-7.72795398, 8.34065460
-18.00000000, 13.50000000
-8.42020003, 7.91805135
-9.16691799, 11.68168101
-8.93503750, 7.61985141
-8.36634368, 8.80441597
-10.24039131, -5.13634940
-11.27287655, -5.26462031
-4.16483385, 6.68595712
-4.73093308, 6.13632387
-4.75710889, 5.43233902
-4.49091204, 4.62854302
-3.53587851, 7.85436714
-4.15989511, 8.26618435
-2.01539365, 4.25447736
-2.79298862, 4.60321961
0.82230456, 7.69523438
-5.41001026, 6.67133619
-6.29844071, 5.65398094
-9.17331207, -5.23545837
-10.55121041, -8.55583957
-0.45889223, 8.25881464
-0.94971565, 7.82797830
7.25055435, 1.38776821
6.98885495, 0.64487664
7.70249205, 0.28050102
7.60708925, -0.32548085
8.26232147, -0.43858871
3.19117463, 2.54803714
5.73378787, 1.49751963
5.11444396, 4.03663024
4.53468589, 4.34067090
3.84420915, 3.53443794
4.30367498, 3.12133506
3.70482799, 2.91734638
6.49143039, -3.51536208
5.43886985, -4.50840522
6.19369571, -4.25412698
5.62247134, -3.80593616
6.06763466, -5.12740502
3.73930876, -3.68896972
4.66942317, -3.93206995
4.28082396, 1.43135609
5.48814576, 0.00899520
5.46932167, 0.77663225
5.01237019, 1.35322538
4.58966368, 0.85921722
4.92904451, 0.31801014
4.10696536, -0.35575892
2.21386721, 0.18197754
3.21032021, 0.08879578
3.26784000, -0.92171175
-11.80238052, 1.23168286
-11.15117234, 1.96147040
-12.07405716, 3.05193986
1.90661599, -13.30675490
6.30568694, -10.94125889
6.50989346, -12.57621146
6.21412065, -11.78292462
7.09582045, -11.45303260
4.77404653, -11.09776185
11.18642283, -10.35335599
10.43253101, -1.86437056
9.83743351, -8.96265053
9.29193546, -8.48485084
12.49111103, -0.12315938
10.53971899, -6.44664998
11.18922232, -1.71547053
11.88684877, -1.64414940
12.68925798, -2.18227233
11.44933092, -0.34665060
12.05703341, -0.63957179
-1.32999082, -11.43401812
-1.44914498, -12.30322325
-0.75189606, -14.11439881
-1.26860426, -13.27351829
-0.68964295, -12.66384827
-0.52765531, -13.39741140
-0.10591843, -12.07513911
0.54320926, -11.68930838
0.72036158, -14.18129361
0.79837752, -12.85757418
-0.00695145, -13.95382348
1.38921305, -12.11652673
0.47641360, -12.31589699
0.05591932, -12.93235541
-0.07480962, -15.44728368
0.53231848, -13.50605220
1.25739393, -13.66793526
1.81783850, -11.53054961
0.15593639, -14.70949633
5.42785674, 16.39686994
2.38162054, -12.39269218
-7.46492189, -9.68589202
4.77927780, -13.70783969
6.17769232, -13.25973914
2.40929176, -11.75918844
2.70719195, 14.28376408
1.38375931, -14.33770631
0.77263092, -14.80281461
2.29659034, 17.97042949
-1.41499711, -13.94266936
8.76229588, 8.47440519
2.03599435, 17.22138391
-2.13376461, -13.27939079
0.15240891, 13.36675550
4.37998483, 17.43740056
1.81197722, 18.55888235
7.96774676, 12.79001448
0.41318256, 18.74412146
10.64436940, 10.67513382
1.08659431, 18.45527719
12.55549451, 8.48443489
0.99545037, 19.17220261
0.29182265, 17.53176442
12.33159944, 10.34374832
-0.44887373, 20.52670935
0.86141199, 17.84532310
18.00000000, 8.25000000
10.88783650, 7.30147179
0.14758512, 19.71541740
-1.46210399, 13.94972625
-1.95290313, 14.48125036
-1.76093819, 13.18859074
-8.01673770, 14.72863726
-13.60759830, 1.25521067
0.74428443, -3.58768021
-6.75691062, 15.10671440
-8.70899625, 14.94216622
-6.71753875, 1.37508255
2.54097563, -1.41078913
13.20380927, 3.96135839
-7.60581055, 3.31408907
1.56105951, -0.14144289
1.00265290, -5.20149863
1.20703661, -3.12629714
-7.40346574, 13.21074638
2.45943516, 12.10235391
2.89004914, 11.52307965
3.61313435, 11.63120427
-12.18929369, -1.04087121
-12.13052172, -0.04256872
-12.89820027, -0.49825527
-18.00000000, 8.25000000
-15.17874423, -2.62638265
-10.77177190, 7.92918012
-9.92748331, 9.91594883
-10.75640176, 8.63745368
-5.99713882, 4.79891723
-13.49671692, 12.18144271
-5.67500757, 5.46532557
-0.38765584, -6.82589441
6.06133344, 0.98442519
-11.37127440, 8.88862185
-5.07371376, 19.83605467
-3.09198078, 16.26749142
-3.59623716, 15.72897080
9.89110432, 9.60673469
7.22598325, 14.94782642
5.02268349, 15.51679555
5.26239719, 17.12010661
-9.48092731, 9.15585085
-0.64959844, 21.40777149
-7.33180966, 1.62994100
-6.11794181, 2.65712423
-6.86741624, 3.12139870
-8.47635117, 0.45675059
-8.46364028, -0.49401247
-0.42271769, -5.54642671
0.30897508, -5.91952622
1.03233544, -6.07941521
2.30109615, -4.78824764
1.80167233, -5.56644593
0.75604473, -4.35840730
-5.91463149, 15.87696752
0.14599237, -2.44739817
-0.24689472, -1.36386516
0.95637672, -0.54778930
-0.89695910, -1.15295144
0.47782325, -1.13730712
1.69427430, -1.63578997
0.20927598, -0.43031141
1.16123099, -1.20308088
1.06901856, -1.86135081
1.98317459, -0.73522529
1.74466113, -2.75484891
0.72212457, 0.39681684
-0.43480257, 0.81226215
-0.06961207, 0.21334247
-10.87954067, 9.33511010
-11.87505095, -5.50779364
-13.03218148, 10.13341773
-10.03441621, -9.47490263
-10.20168576, 9.07810982
-3.24999017, 3.94402186
-13.48266655, -6.00291539
-13.39500122, 9.12098559
2.87332435, 3.04877295
-11.24575688, -6.32899355
-12.83549136, -5.24678257
-9.85002340, -8.43675406
-6.73485145, 4.85932159
-12.53015830, 7.69945069
0.20935738, 7.79371159
-9.57182078, -10.60042807
-12.93285696, 3.19126085
4.53110531, 1.98173736
-5.51883985, 4.32847706
-13.07438496, 11.20054082
5.35082479, -5.22668107
-11.57868406, 2.71483662
-10.00830631, -7.82868417
-13.57452377, 7.79115262
-12.16511455, 8.93755722
-12.12897318, 7.19929554
8.83812339, -11.77001336
-12.45014387, 9.63469912
-9.71363680, 8.54206446
-11.90499908, 5.30869426
-11.86960792, -4.85839573
5.57923272, -11.84433379
8.16863346, -13.08652643
7.69524816, -10.87576345
9.94167727, -10.27467230
5.52373250, -12.87256444
8.30885749, -11.15790701
-14.24487054, 3.89137802
6.80350250, -12.01495879
4.22013268, -3.25381669
9.17739586, -9.16965468
9.48559150, -9.77330732
9.32139725, -10.38080328
9.34232598, -11.16674880
10.71533427, -12.82663168
9.87478690, -12.12411045
12.08780700, 0.33402388
13.19820709, -2.61045711
9.95427076, -6.43539206
10.47795343, -7.59203744
10.23615674, -7.00463934
9.98451564, -8.17071502
11.34789972, -8.83355552
10.75208188, -8.32550225
10.60958174, -9.09601718
10.15872317, -9.61909783
10.57624798, -10.12104760
10.50666557, -11.22103549
11.11423067, -9.62548547
12.03037335, -7.42978841
13.11110720, -9.79494522
11.27518354, -7.71203646
10.97060931, -7.04263467
12.13092949, -9.49503696
11.90082377, -8.23458858
11.88808757, -5.92555128
11.67101763, -9.93777720
12.54823083, -11.45099657
12.43077470, -10.26675648
11.98813081, -8.86987801
12.81536702, -9.00980938
11.28243546, -6.36343103
13.29010922, -10.77947022
12.90022623, -7.98263656
11.61358246, -6.92664482
12.48642996, -6.62780205
11.22265941, -5.64295911
18.00000000, -0.28125000
12.07636101, -4.55747046
11.14476173, -4.82065566
13.90079619, -9.04922327
11.79670692, -5.21598022
11.22280644, -4.11028752
13.34983006, -9.25675783
13.38930784, -8.52643985
13.15056394, -5.40229620
11.90664672, -3.84321336
14.18402665, -8.26050181
12.49890064, -5.12554965
13.42791548, -3.33067943
11.95440259, -3.16853368
12.70785522, -3.56089533
14.37003445, -1.50327331
12.58626887, -5.82543980
12.89073949, -4.39291536
15.07845700, -7.50988743
13.85616796, -2.70771398
14.77553219, -8.05713067
1.47161055, -12.78828174
3.18089418, -12.34720875
2.82880686, -13.20553085
3.64266999, -13.03800602
4.36674283, 15.76885819
4.58723135, -13.00110729
5.23950347, -14.27752807
4.50000000, -18.00000000
3.26526661, -15.62643879
3.53078715, -14.78582520
12.03220696, 9.73113838
-4.49822444, -11.06414332
-4.56054120, -10.35956719
-5.24398254, -10.40549856
-3.50418846, -12.29771779
-4.50000000, -18.00000000
-3.74851860, -13.15802681
-8.57853609, -10.92911623
-1.70406146, -12.85259894
-6.23335466, -12.84775952
-2.15687462, -14.02552270
-2.89632289, -14.67500710
-3.30096735, -15.57215625
-2.89893432, -13.69082881
-0.15666678, -16.14677973
1.59095068, -15.24399491
6.09172120, -14.21265825
-0.44870851, 13.54706356
0.81278858, 15.39235806
3.14776525, 15.75937058
3.68626271, 15.40112243
3.87908866, 16.27480989
2.92953882, 17.99706683
12.11372581, 9.05417348
10.81070492, 8.89726613
11.38372821, 7.79104195
-7.85745249, 1.38335608
-13.88353213, -2.22595516
2.70406674, -6.17880106
-10.32952559, 7.12953992
-9.52337607, 7.30580360
-8.04073663, 12.43911437
-8.61028469, 10.90547653
-9.63496501, 10.83661823
-10.86796233, 10.38681368
-11.55122362, 6.30917245
-10.92857663, 6.10250010
-11.02675264, 6.84799107
-11.45276262, 7.56868212
-13.06346681, 5.38310752
-13.67780826, 7.08364413
-15.53209403, 7.71563223
-14.54630033, 7.57172271
-14.45065577, 6.72517247
-12.85687379, -5.88350682
-12.90540565, -7.32868452
-12.71794970, -6.61157591
-13.48733916, -6.79350876
-11.83700463, -7.22491485
-15.61474981, -6.38562470
-14.36993277, -8.33718978
-12.09303506, -6.65332928
-14.51319135, -6.39213521
-13.75264573, -7.66597100
-14.12414827, -4.04123534
-11.00902220, -5.79042956
-3.85011298, 3.31593252
-10.65156974, -10.38638218
4.06803859, -4.33211562
3.14304203, -4.39932275
3.68205410, -5.41880653
4.05421591, -4.93910076
4.49197075, -5.66293333
4.08055557, -1.82320734
3.72449541, -1.32711526
3.18378530, -2.09102268
-13.67878545, 3.37280695
-15.21776873, 2.26107632
-13.54058224, 2.31745823
-14.56303397, 2.97580108
-12.62872383, 2.34943333
7.31718606, -12.90312985
8.48168021, -12.41723564
9.38365791, -13.24697276
9.20403421, -12.39329324
8.80150826, -12.97468444
8.66195191, -14.03151366
13.21081884, 1.24161153
12.82114228, 0.57520308
15.32022272, -4.17284845
13.39037761, -1.51573782
14.37270344, 0.11507537
-8.48543270, -11.82625426
14.86933547, 1.78972989
14.45222548, -3.57615088
13.74104307, -0.72911659
13.65342537, 0.53566698
13.21564616, -0.04669641
14.10738469, 1.31200910
12.72661944, -7.29505139
13.69477152, -7.41631429
14.38522696, -7.48361524
14.76324656, -6.66809542
13.29093473, -6.71505991
13.20335721, -6.06053775
14.01412699, -6.28517389
14.09187341, -6.91777618
13.60716542, -2.11802020
12.58714484, -2.87308674
5.00833336, -12.59333417
3.39885238, -13.91420282
4.12870045, -13.37153381
10.22632355, 10.22742200
-4.13417098, -11.51592481
-4.63670366, -12.92655800
-9.29453340, -11.42765555
-6.23670832, -11.78465667
5.49737393, -13.59846409
6.89073280, -14.51607808
4.13946108, -14.14813530
2.25000000, -18.00000000
0.95525897, -15.92236305
7.92604843, 13.43077829
10.83848249, 6.59598205
8.54773836, 14.84052709
9.00000000, 24.00000000
2.81958296, 18.89490867
6.84182304, 15.70340016
9.50225045, 14.72684707
12.76364928, 6.81577417
11.54427054, 8.58008658
11.44800394, 9.37952264
9.55258192, 7.34630072
7.51429750, 12.08199209
8.71244841, 12.30974078
9.21148687, 13.50959059
10.13065096, 13.93338703
8.56488547, 13.53350331
12.15999179, 2.48932553
-14.17488701, 0.00547001
-13.18971389, -2.01145447
-13.27164175, -2.97580617
-1.00531252, 16.41197473
-0.28744721, 16.89159689
-2.50917215, 17.29688167
-8.73364317, 12.12237771
-7.13762184, 4.39979994
2.52041498, -5.47835634
3.11397084, -5.69702858
3.75157508, -6.65478283
3.14858372, -5.04862544
3.63480449, -6.04140757
2.10954911, -6.08382699
2.25105810, -6.70408652
1.62230972, -4.90197990
-8.12048687, 15.62119538
-1.75289915, 21.56024039
2.63371571, 1.39342752
0.87488726, 1.16828390
1.69957045, 1.70841614
0.45279465, 1.86357529
-0.13152877, 1.70099775
1.07352455, 1.76463742
0.62703626, 2.44137652
2.28938974, -2.16965809
2.76964892, -3.16283787
2.33646141, -2.75960251
2.03565174, -3.36843879
2.47338217, -4.00845173
-7.79987806, 10.84818274
-11.13136886, 9.86379803
-10.21596638, 10.51441135
-10.62515764, 11.93719478
-10.67911896, 11.15144231
-10.00453336, 11.49984446
-11.86505313, 11.62761512
-9.83281984, 12.40254069
-11.45373641, 10.93711864
-11.19496729, 11.58159717
-11.45897530, 12.63897396
-12.08630796, 11.02806214
-12.35011811, 6.42319701
-13.00742831, 6.24788535
-12.01569214, 5.91062375
-12.50088503, 5.08666074
-13.07280032, 4.68335177
-14.17277581, 5.04796362
-13.74696311, 4.49104149
-14.25892446, 8.56057812
-15.12177279, 7.07802678
-15.35128517, 3.98757131
-18.00000000, 5.62500000
-16.52629379, 6.62499948
-15.07644425, 6.34959200
-15.39106050, 4.68619774
-14.84125787, 5.06691342
-15.60946873, 5.58895828
-14.76352117, 4.36730073
-14.62381841, 5.69932740
-13.91846914, 5.70590663
-14.18253493, -7.05867664
-15.06807116, -7.08268515
-12.58940691, -9.35519851
-13.30227723, -4.45422669
-10.16455858, -10.76007280
-10.01752566, -10.12578754
4.72214610, -6.27559883
-14.37434923, 2.14570111
-13.95293800, 2.80018173
-13.06434040, 1.75417488
-12.35185265, 1.68979232
-12.75687406, 1.18218845
12.60631398, 1.34015269
15.32021852, -1.74208939
18.00000000, -2.25000000
12.88053249, -0.69360952
-4.08890654, -12.64436032
-6.23855981, -11.19773916
-5.31023840, -12.17840400
-4.58875042, -14.56234602
-2.03362785, -14.74410850
-2.51085494, -15.39757020
-2.63210443, -16.72401198
-2.78292285, -16.04146316
-3.77796831, -16.61926904
-1.94447783, -16.21413447
-3.18833969, -16.48898260
-3.18485110, -17.25645160
2.45887742, -14.08670094
0.43001756, -16.18678817
-0.36892326, -17.09795564
7.56281986, -13.83092375
0.95952932, -16.58471526
6.75000000, -18.00000000
6.71005900, -13.78810622
6.77994672, -13.18530765
4.57636641, -15.17449476
11.78066837, 6.88454066
3.56081258, 18.05023404
11.71466114, 10.26579218
13.40403215, 6.59364110
10.36794545, 13.29022439
11.39028033, 13.38589594
10.83333061, 13.82728413
10.64953174, 14.98989639
10.55736195, 14.37949052
11.56730347, 14.53915348
-13.84637042, -1.03164552
-13.68636381, -1.63435720
-14.77403077, -1.60051375
-13.65081737, 0.52120526
-13.50067965, -0.15549570
-12.70197986, -2.87046836
-14.19875025, -3.10775984
0.23380840, 16.44434417
-0.63538112, 17.78859902
-0.97103768, 17.13771120
-4.63512571, 16.64946918
-9.00000000, 24.00000000
-2.51134213, 16.61843109
-7.05822830, 16.52193166
-7.36185994, 15.56760783
-6.65011858, 15.83558297
-1.92560022, 18.68554688
-4.53162497, 18.93175389
-4.86462650, 18.08250388
2.20283064, 0.86428025
2.90414155, 0.73321086
3.57102858, 0.65512220
2.38869723, 2.20945621
3.08241965, -3.74300849
-9.58818887, 13.11407766
-9.92593128, 13.83598776
-10.56847141, 13.05328374
-11.82431605, 14.91519292
-10.77496946, 14.55176742
-10.21285628, 14.35708793
-10.72209355, 13.79558393
-11.51201217, 14.12028951
-11.22679046, 13.30408832
-12.41644240, 13.34630014
-11.82815442, 13.14093463
-12.41742767, 12.39819307
-11.71079393, 10.37210344
-12.61061890, 5.78796709
-14.95412525, 8.22642813
-18.00000000, 10.87500000
-15.04109613, 9.29763095
-15.87893856, 8.69047460
-14.12934931, 7.98673616
-15.85685431, 3.50377300
-15.18304593, 3.30570237
-15.69774033, 2.79992042
-15.76622705, 6.67229639
-16.84801515, 2.90979863
-16.18771454, 7.31482020
-16.11022222, 6.06951005
-17.04472862, 5.80311521
-16.38959102, 5.27721886
-16.25482022, 3.04389717
-16.75541168, 3.87923060
-18.00000000, 0.37500000
-16.07699598, 4.23987997
-16.17769909, 8.03505290
-18.00000000, 6.93750000
-17.31239042, 4.28348716
-15.97663289, 4.83589235
-16.11310207, 9.89527385
-16.70263505, 7.68216659
-17.25435816, 8.13775607
-16.68177734, 4.55912428
-16.48561742, -7.63151399
-14.60962194, -7.64906691
-15.55044140, -7.94186580
-12.97844279, -8.37796754
-12.90478292, -3.84983797
-14.16109799, -5.13904244
-14.95906217, 1.01179771
-14.33337992, 0.69066119
-14.35524845, 1.41814218
-14.95884427, 1.66326923
-15.70454182, 1.69526660
-16.27006688, 2.25109646
-16.92275551, 1.84401734
-13.86958499, 1.80497689
15.43534190, -4.80431064
14.66463634, -2.34080239
14.94014804, -5.39779630
15.07822027, -0.69526472
13.81676135, -0.12735866
14.91898244, 0.86403935
13.81576241, 2.62364322
-7.45019806, -12.53720024
-9.86613193, -13.60840326
-3.75639847, -14.82691278
-4.37377454, -13.73744710
-1.12500000, -18.00000000
-3.37500000, -18.00000000
-2.41319982, -17.35366538
-5.92890775, -15.85997628
-7.39141317, -16.51542486
-6.36356260, -16.52215344
-4.50632503, -16.70366327
-4.24493698, -15.77434377
-5.14708457, -16.35939278
-5.36119811, -15.30760938
1.85513062, -13.92870515
2.02757966, -14.66734703
2.43024434, -15.42586693
3.00576582, -14.41949958
2.95172696, -15.05634415
1.12500000, -18.00000000
0.31469087, -16.89151821
2.02210027, -16.42056349
-0.90113274, -16.47992156
-1.34994710, -16.06102378
-1.68750000, -17.27264842
-1.03508276, -17.13343891
7.94041559, -14.87352963
8.15556728, -13.69460636
6.16804942, -15.21540889
4.13716977, -14.75528232
3.92617411, -15.41600928
3.98940103, -16.75767851
3.77850090, -16.09529288
2.94393122, -16.49352546
4.76664410, -16.14544079
6.25583961, 15.46292069
7.96011342, 15.79653111
4.13566504, 16.86751063
5.44027233, 19.00045360
11.49552337, 6.13311425
11.86638127, 4.86081749
12.23250086, 6.28326763
11.47852167, 5.43795998
11.19940205, 4.83148326
12.23160163, 5.52515687
11.08071551, 4.05915591
12.78779340, 4.78683105
11.69772950, 3.38671150
12.30033176, 7.32443934
13.65150125, 7.20305769
-13.25229449, -0.97824966
-13.66502239, -3.53482389
-14.50836190, -2.49984042
-15.07198223, -3.64726604
-0.02886513, 18.17611879
-0.51671972, 19.01180428
-1.83695411, 20.44963066
-5.74934059, 17.86025049
-7.66270600, 17.61432577
-6.03797819, 20.26245151
2.97478409, 1.94063438
3.34377687, 1.33074936
3.69246112, 2.02720457
1.84109861, 2.56869058
-10.85660988, 12.50843428
-12.39212696, 14.23330867
-11.86153517, 12.21340561
-13.07417684, 12.87292961
-13.25155689, 13.81303057
-14.27659806, 13.13283915
-13.72071960, 12.79316397
-13.72398162, 13.41251084
-14.48553639, 12.16622638
-18.00000000, 18.75000000
-14.37675974, 14.01655957
-12.57211796, 11.70403749
-18.00000000, 4.31250000
-17.27649409, 5.06055103
-17.68327279, 3.65625000
-17.41105555, 3.12031293
-16.72132664, 1.22635586
-16.30170353, 1.65329836
-18.00000000, 1.68750000
-18.00000000, 7.59375000
-17.32594267, 7.26562500
-17.36961818, 6.49893592
-18.00000000, 6.28125000
-15.86043207, -7.14120431
-15.86100765, -5.74537550
-18.00000000, -4.87500000
-16.53810257, -6.92085477
-18.00000000, -6.18750000
-14.40852244, -5.74553313
-16.27432953, -5.19790222
-15.06053850, -5.80818202
-16.70783178, -5.72953909
-16.29450990, -6.27701237
-17.12100249, -4.95007583
-17.22221732, -7.32864723
-17.24675994, -6.50974096
-18.00000000, -12.75000000
-18.00000000, -6.84375000
-17.40039184, -5.82738446
-18.00000000, -5.53125000
-18.00000000, -10.12500000
-17.18791601, -8.29239610
-18.00000000, -8.81250000
-13.19429603, -7.83575926
-13.67418778, -8.35757866
-14.05314185, -9.40800401
-13.34687158, -9.06923095
-13.29605090, -10.08078004
-13.50905494, -5.32530402
-13.88955337, -4.59865664
15.67346412, -6.80717446
14.44892028, -2.93964693
15.31318048, -3.25341961
14.63118096, -6.00223682
15.43873478, -6.03384132
14.04515848, -5.32149795
16.63625210, -6.09264981
16.02305542, -5.06236053
15.54558586, -5.43664219
18.00000000, -4.87500000
16.13312684, -5.69447198
16.05300396, -6.31266851
16.73049542, -7.22555604
14.41251680, -0.82615535
14.93108852, -1.28066184
14.31574661, 0.73032286
15.17644280, 0.10254868
16.69872693, 0.95768753
18.00000000, 1.68750000
16.21098036, 2.34722995
14.76232105, 2.89708859
15.62887872, 1.36628938
18.00000000, 0.37500000
16.32867211, 1.61420703
15.59101629, 0.66698525
16.65804175, -0.48481089
15.74721035, 2.92426776
15.97374823, -0.04859635
15.48112855, 2.22324778
18.00000000, 5.62500000
15.90990054, -0.90359062
16.21604313, 0.54113986
16.90560436, 0.23002965
16.35821923, 2.94045382
13.82623391, 6.08898299
16.03166438, 3.72699469
17.28259638, -1.63417495
17.39199548, 0.76155070
17.14371745, 2.12102759
18.00000000, 1.03125000
17.20676871, 1.43013283
13.61096458, 1.88987348
12.95114450, 1.90284507
14.26116469, 2.10386502
-7.83104110, -11.98256519
-7.03849037, -11.84642757
-6.78401887, -12.46617260
-9.35771211, -12.57638076
-3.42643986, -14.18432111
-5.47246112, -13.64562230
-3.69792651, -16.02352850
-4.31386138, -15.13913138
0.90826244, -17.30802475
0.33358962, -17.49579370
1.68750000, -17.44388570
2.48810925, -17.19661995
3.37500000, -18.00000000
3.28167700, -17.21179266
2.81250000, -17.72974023
3.93750000, -17.53377219
1.91113029, -15.79394712
-0.56250000, -17.70359011
-2.04386226, -16.79871277
7.50137016, -14.44285768
5.70377644, -14.74646848
5.43643660, -15.47544365
2.51585977, -16.04207982
6.26528175, -16.64819471
7.41996157, 15.52189895
7.95627550, 15.13557297
9.15462911, 15.87216241
7.28482998, 17.14452119
5.11040408, 18.08307142
13.24955628, 7.72370131
12.86240486, 6.18612030
11.26492400, 2.95763745
12.39543468, 3.81906049
11.76087370, 4.06394923
12.65516294, 9.80615358
14.07366116, 6.69866643
13.40339432, 10.62266283
13.85422855, 5.43160149
15.22134007, 8.08810128
15.25460606, 5.82052349
14.51855595, 7.49989267
14.57524793, 6.14005965
12.75223100, 9.09312254
13.39164215, 8.55031795
14.62640274, 5.36686711
15.32513313, 6.85242093
13.95738161, 8.02755408
14.15807122, 4.41819415
15.34920527, 5.02774437
14.70155602, 6.75797173
14.53374663, 9.21880708
15.93025227, 6.73547356
14.75969915, 4.71112553
14.82914878, 3.80420554
14.06437265, 8.71084661
14.57870431, 8.28028906
13.87257267, 9.35891635
14.41286804, 10.27847312
13.69471357, 10.01185119
-0.62076059, 19.77543561
-7.57463925, 20.37253401
-1.12578328, 20.63978132
-3.40515657, 17.12448093
-1.03256408, 19.33042631
-1.21994175, 18.46008494
-6.61042135, 17.14852779
-2.92421921, 19.63690763
-5.73136906, 21.04487019
-7.48328389, 17.00016791
-3.24405817, 18.90217725
-5.91077276, 17.07165990
-2.79916172, 18.23569931
-6.04339276, 19.42211893
-3.79067027, 18.05556464
-6.55231737, 17.91649765
-7.05386075, 17.56826103
-7.29342213, 18.44857533
-6.10079182, 18.60269769
-5.43106862, 18.46531707
-6.76629610, 19.06103611
-3.00873099, 20.52552547
-4.50000000, 24.00000000
-6.60493810, 19.64217366
-7.91409579, 19.51584084
-7.25276898, 19.50907964
-16.16601420, 13.03535824
-13.97910134, 11.39238035
-13.32913148, 15.06052995
-18.00000000, 4.96875000
-16.35275342, -3.89563120
-18.00000000, -8.15625000
-17.00710711, -9.46875000
-16.27448805, -8.55947086
15.40954793, -2.49818688
16.77006345, -3.05555281
16.40940657, -1.99673254
16.01510185, -2.95921995
15.91655241, -3.70853956
15.96975958, -4.38545353
16.98098309, -4.64638710
16.68378118, -5.27294567
16.60989430, -3.99458921
18.00000000, -6.18750000
17.38684829, -5.22267197
18.00000000, -5.53125000
18.00000000, -3.56250000
17.37146353, -3.99253931
18.00000000, -4.21875000
17.37757332, -3.32712171
18.00000000, -2.90625000
17.33613843, -2.57812500
18.00000000, -0.93750000
14.55678207, -4.60740780
13.54376544, -4.76295122
13.51976425, -4.04407138
15.95249014, -7.64669499
18.00000000, -12.75000000
-9.80771002, -12.00617574
-9.08138685, -12.01547838
17.14053967, -0.96699650
-7.13499484, -11.24284128
18.00000000, 2.34375000
-11.68969958, -12.65346402
-10.21891415, -12.79336091
-10.65167993, -12.06630232
-4.04312896, -14.26407800
-4.95119084, -14.02742911
-5.69426700, -14.49518910
6.01550849, -15.94545281
5.46951496, -16.53527251
7.25206252, -15.90170743
4.77610840, -16.95693435
5.62500000, -18.00000000
6.62559186, -15.69196978
7.14181469, -15.19053015
5.77491463, -17.24346979
5.15677412, -17.51409728
6.18750000, -17.71834674
6.78679093, -17.22400223
7.87500000, -18.00000000
6.96088489, -16.54225590
7.70017559, -17.09414656
7.31153674, -17.63775205
9.07735064, 15.22329521
8.57141211, 15.61258667
6.85226360, 16.48884234
7.42716052, 16.17624654
8.26951367, 16.79466558
8.63351136, 16.25803789
9.89711177, 17.50691014
9.14941163, 16.99974077
6.27107270, 17.34279371
5.84586082, 16.87304441
4.40380358, 18.85514510
12.29492110, 4.42323261
12.94025024, 5.48033570
16.01292540, 5.50897712
15.14959712, 7.45987580
16.32891259, 6.26545676
15.91361987, 7.35156545
16.27927691, 4.68631494
16.07183312, 8.19388159
13.47668038, 4.61644474
13.98479308, 3.55507289
15.24353463, 3.31765745
15.45429619, 4.13766741
-0.60729878, 18.40323301
8.29132329, 22.50524993
-7.56521866, 21.29398133
-3.87186559, 19.61245156
-5.37661663, 20.45456679
-4.31117521, 20.59291747
-4.92251814, 21.12921349
-6.70153909, 20.29972247
-4.18134068, 21.35751426
-5.62500000, 24.00000000
-2.68002597, 22.14657138
-5.40462486, 21.83200389
-3.76623741, 21.99329750
-2.25000000, 24.00000000
-4.60091553, 22.40871199
-4.70980780, 21.75591538
-4.05090268, 16.96662728
-9.92334172, 16.64746209
-2.17158853, 17.91535321
-3.04107602, 17.64677889
-4.32037465, 18.35900797
-3.88953490, 18.84324944
-8.47771941, 18.47395196
-15.20810878, 12.82830205
-13.56516478, 19.92971829
-15.04913131, 11.24474941
-13.66535366, 10.64277260
-14.43708330, 10.76022911
-13.79364607, 9.83507269
-15.03028647, 10.63972338
-14.88788409, 9.96748667
-14.38920574, 9.50097751
-13.89199700, 14.57773298
-13.03196282, 14.45284746
-12.57022513, 15.05514815
-11.84742111, 16.84973757
-12.94124224, 16.24743818
-12.94588944, 15.59212045
-12.04457541, 15.91340411
-13.35845076, 18.19975512
-13.99350326, 15.24877162
-16.54746822, -4.56085398
-15.55649089, -4.51304496
-17.28949955, -4.08461455
-15.41564629, -5.20163785
-14.78498448, -5.23823627
-14.58958621, -4.56519451
-17.35815113, -8.92063408
-18.00000000, -9.46875000
-15.29383848, -8.97591216
-12.43150225, -11.08781214
18.00000000, -1.59375000
-11.04082282, -13.63298528
-11.11151142, -11.22631209
-10.95585438, -12.73968203
-5.15485875, -14.74853173
-6.47307218, -13.83811968
-6.89342679, -13.21218049
-8.22634764, -14.56143035
-7.42306048, -14.02197625
-6.50828618, -15.30339796
8.43750000, -17.42164403
9.84320514, -15.59046407
8.59278332, -16.07828977
14.06237438, -16.37803737
8.30522235, -16.72570155
9.03924536, -17.39911322
8.93874660, -16.61952520
15.30907172, -14.10708792
7.90026156, -16.15826118
8.17789003, -15.52394512
9.28279557, -15.12942399
8.61251661, -14.99669766
10.12500000, -18.00000000
9.44166490, -16.95096446
10.39353063, -14.34242973
9.66261204, -17.55411874
9.94864679, -14.89185952
9.54572945, -14.11077923
7.68446534, 16.70866699
10.07479492, 16.44022141
8.36390510, 18.96251995
6.04325557, 18.26563816
5.66822878, 17.67764014
4.96027609, 18.65505116
4.40413005, 18.14606726
18.00000000, 6.93750000
17.00818540, 5.53748451
15.53325491, 9.05219890
13.30275654, 3.19779288
13.04505028, 2.57255702
0.52396310, 21.21173804
-10.05217800, 20.85863542
-3.40873884, 20.03915517
-2.55244908, 21.25119485
-1.23508302, 21.23917353
-4.50265075, 19.56375232
-3.65248058, 20.70363842
-7.58020211, 22.10342649
-6.75000000, 24.00000000
-4.55801040, 17.45146394
-9.14633888, 15.91575060
-7.89086520, 18.21417861
-7.80220758, 18.86679928
-14.91479847, 13.50804135
-15.00292612, 14.14018057
-15.58696009, 13.39492991
-14.54908262, 11.57200079
-15.28320617, 12.02100638
-15.78582869, 12.47490278
-16.43566249, 11.25007092
-15.48996469, 9.75274742
-15.74365231, 10.92031056
-15.95651216, 11.78065840
-16.66210821, 8.65166364
-16.34150022, 10.55669244
-17.15472602, 10.79933760
-18.00000000, 12.18750000
-16.41502725, 12.45726266
-16.29842505, 9.23409916
-18.00000000, 9.56250000
-16.55940463, 11.84346062
-17.12412492, 13.10538312
-17.15570884, 9.36463960
-14.30910563, 10.16290597
-13.98103581, 9.07830049
-12.34910259, 16.46644846
-16.19174687, 13.72283824
-12.93000132, 17.12703727
-10.94610019, 16.17103239
-15.69368161, -3.86780982
-15.58593937, -3.18499050
-16.53923446, -2.06237391
-15.92707252, -2.50860711
-15.45192253, -1.92584584
-16.76212763, -3.01116004
-15.78661418, -0.35952690
-15.43015559, -1.10227668
-14.65201101, -0.75868523
-16.39496315, -1.10839443
-15.91004629, -1.50166539
-18.00000000, -3.56250000
-15.68022480, -8.52293382
-15.03452328, -8.36343757
15.84280842, -9.27764187
18.00000000, -10.12500000
-11.79249675, -11.35710909
14.50375632, -8.82053183
15.87647043, -8.27874879
-10.45849475, -13.38093092
15.26707611, -8.46066401
-11.41053874, -11.93586376
14.84728706, -9.36628574
-11.62323720, -10.40019754
-12.46613643, -12.06277998
-7.66779695, -13.28381335
-8.35032318, -12.70857388
-8.12471979, -13.84495763
-9.04343282, -14.08008712
-5.93386982, -15.06790381
-6.47299176, -14.57118389
-7.29596293, -14.89847243
9.15840470, -15.76428761
10.15466154, -13.54942089
11.09375488, -13.69902876
9.98728337, -12.84215397
9.06274311, -14.52936697
9.74073156, 16.93271808
8.48241469, 17.87137772
6.92464186, 17.99367861
6.91000607, 19.59169534
17.01269238, 4.79593570
16.50588627, 7.67633610
16.80223450, 6.92262463
17.40535167, 6.58910636
14.97248973, 8.76948831
-0.10305197, 21.06889066
0.28401770, 20.44062528
0.89587711, 19.95007942
2.00839660, 19.69717770
1.40585844, 19.62004892
-8.85852062, 20.38566002
-2.41189925, 20.65653704
-6.94542811, 21.60094470
-6.17339996, 21.68314350
-7.93951090, 22.82890782
-9.00238231, 21.85078199
-6.97751570, 22.85363671
-5.89261767, 22.29263302
-5.28287328, 22.75246003
-6.60212402, 22.25007073
-8.23964242, 21.68635849
-4.62509079, 23.20908904
-8.49275451, 22.36354227
-8.75754802, 21.13519855
-3.86985873, 22.83134707
-8.71646801, 23.19104197
-9.46786589, 21.29184215
-8.21350014, 20.68033779
-6.09827625, 23.19952562
-5.26455829, 23.42816534
-11.25000000, 24.00000000
-9.44446582, 20.64961460
-10.31139450, 19.11703417
-9.52672913, 19.68466189
-8.30857059, 20.03515571
-8.74671140, 19.29286103
-10.34248154, 21.86086413
-9.50377640, 23.36926460
-13.50000000, 24.00000000
-9.67183621, 21.93500473
-9.24767932, 22.60373727
-10.12500000, 24.00000000
-10.13458110, 22.73263659
-8.70176044, 15.53043787
-8.50651078, 16.21043687
-8.52556363, 17.17741664
-8.41516822, 17.82249329
-9.11156392, 16.68219282
-9.66250866, 18.03145957
-9.01085208, 18.09402976
-9.40844378, 18.81014680
-9.27335707, 17.40324471
-9.99359580, 18.57027538
-11.33483496, 18.15643024
-10.51474056, 17.87891683
-16.83155611, 10.01732449
-17.53923872, 8.77807009
-17.51523422, 11.53125000
-17.22259929, 12.25458769
-16.85697194, 13.71466183
-18.00000000, 12.84375000
-13.57158309, 16.69536505
-11.55565044, 16.29937924
-16.20225009, -3.28899704
-17.23847043, -2.39868080
-17.47659497, -1.59375000
-17.73284707, -2.90625000
-15.02153640, 0.00307059
-16.91677059, -0.06296715
-16.89764141, -3.61085634
-18.00000000, -4.21875000
14.09373491, -10.04452259
15.96010019, -10.12205889
-11.15094357, -9.44098166
-13.95574651, -11.52176486
-12.20129953, -14.58342244
-8.73434110, -13.37539810
-10.76813644, -15.13836288
-8.34480977, -16.34109507
11.25000000, -18.00000000
12.08958713, -12.74879306
8.61909228, 17.28494731
7.92896381, 17.43324385
7.72882128, 18.25469060
9.20019031, 17.72961709
10.05774483, 19.21138132
8.97488647, 18.47687218
9.17190047, 19.35188469
6.26811084, 19.06496162
6.60980775, 18.53755149
8.62576288, 21.82937387
5.80798461, 19.62568676
7.08783794, 20.56112863
7.93129619, 21.41445831
9.01284817, 22.28602374
8.98965479, 22.88420948
6.75000000, 24.00000000
7.58809943, 22.77752643
4.80008024, 19.79770964
16.59239066, 3.49873647
16.65015633, 4.14903341
17.54038588, 5.16993101
18.00000000, 9.56250000
16.90151816, 6.11885477
18.00000000, 6.28125000
18.00000000, 7.59375000
-7.87500000, 24.00000000
-3.28081890, 22.47874842
-2.54908882, 23.09279267
-6.18750000, 23.79242692
-6.68108512, 23.39056378
-10.36322395, 20.01483963
-10.13751673, 23.36637670
-10.68750000, 23.69417647
-11.66826024, 22.56048186
-11.30179199, 23.23452543
-10.69094444, 23.04693625
-12.37500000, 24.00000000
-12.10957652, 23.23706313
-11.81250000, 23.76805363
-12.93750000, 23.37666946
-12.67928243, 22.38323868
-14.62512264, 14.81003159
-15.75000000, 24.00000000
-12.26227381, 17.84296050
-10.74387231, 18.55230625
-11.40224161, 19.50445937
-11.35860220, 18.83094165
-12.62269857, 19.08720935
-11.95591560, 19.13041240
-12.36899339, 20.33866556
-12.25118842, 18.52049864
-12.32622235, 19.67855000
-13.63495662, 15.92468233
-15.76028163, 14.39566687
-12.97973717, 19.63620664
-18.00000000, 16.12500000
-14.73357313, 15.64017548
-13.62711976, 17.47052577
-13.64342289, 19.04303544
-11.15660142, 17.33262889
-9.99821198, 17.36924135
-10.56459924, 16.94571714
-17.63271909, 10.21875000
-15.21119211, 16.32776583
-14.60979047, 18.24667720
-14.50494420, 17.01806389
-15.75714972, 15.43885006
-13.99177881, 18.01898398
-14.48282481, 17.63873178
-16.01996703, 17.63493978
-15.25070157, 17.35536933
-14.50321774, 16.30986536
-15.17089043, 15.16088813
-15.40112126, 18.13961465
-15.88196091, 16.81653729
-15.22180546, 19.79224948
-16.58085691, 18.95447791
-18.00000000, 16.78125000
-15.87403781, 16.12275785
-16.58099917, 16.46161917
-15.10700805, 18.94374805
-16.10911932, 18.37602072
-16.46552088, 17.13896949
-18.00000000, 17.43750000
-17.29669117, 16.31940988
-15.84301884, 19.07461024
-16.31250000, 23.75254644
-18.00000000, 22.68750000
-18.00000000, 14.81250000
-18.00000000, 21.37500000
-15.74749192, 20.17102563
-15.09803020, 21.49737804
-15.31816003, 20.65630056
-16.75722389, 15.47647509
-17.47878180, 15.60878085
-17.23894144, 14.88306333
-17.55535374, 14.15625000
-16.46430932, 14.74646471
-16.93615420, 14.33541264
-15.75137450, 0.55457038
-16.12141382, 1.05641364
-16.58976406, 0.54693792
-17.30419717, 0.53737177
-16.29696006, -0.00266819
-18.00000000, 2.34375000
-17.40046950, 1.34655223
-18.00000000, 1.03125000
-18.00000000, -0.93750000
-17.19213442, -0.83002196
-17.61991609, -0.24349964
14.27871800, -9.49231339
15.47895626, -10.82583298
16.47379949, -8.79889210
16.83205974, -9.92627552
16.89495207, -8.05999628
18.00000000, -8.81250000
16.45265878, -9.42622594
17.26102930, -9.20684925
18.00000000, -9.46875000
17.37853426, -8.53748880
18.00000000, -8.15625000
17.47186489, -7.82812500
17.45291341, -9.80886641
-11.14241149, -10.04106329
-13.12343354, -11.55133146
-13.12169297, -10.80572029
-13.58528867, -12.82298551
-13.99495707, -10.63231427
-13.14867402, -12.26186248
-13.82325877, -12.18739061
-15.68260447, -12.21148102
-14.75516730, -12.02688170
-14.40281884, -12.76672706
-12.60175562, -13.13785269
-15.11300633, -12.65112611
-13.50000000, -18.00000000
-16.55812015, -15.32913422
-14.88056093, -13.46240933
-15.93534979, -13.12773869
-9.20853449, -15.29452587
-8.02865363, -15.46836475
11.41678639, -13.04063455
13.50000000, -18.00000000
7.54307527, 19.06016894
8.06618050, 19.95861051
7.21057162, 18.55933649
7.51980627, 19.67522319
9.53991232, 18.80933908
10.33024295, 18.32589571
10.88024135, 20.65661525
7.14621168, 21.34694551
6.66113307, 20.98790260
6.05929062, 21.03260995
18.00000000, 3.65625000
17.26879757, 7.92187500
17.38266430, 7.26016175
-7.40764005, 23.44139417
-1.80288814, 22.50736405
-3.37500000, 24.00000000
-12.32603424, 17.23307883
-11.75827011, 17.48199537
-10.77516206, 19.54066008
-11.26142375, 20.82516825
-11.12450238, 20.14270764
-11.72526134, 20.37714349
-12.89439678, 17.76317938
-13.11943688, 18.75031665
-14.36799324, 19.55378053
-17.11809679, 18.03477152
-14.22357979, 20.81916840
-16.29331085, 19.51432696
-16.85710354, -1.52640335
15.38508239, -9.77157580
14.76595844, -10.03365980
14.44599815, -11.03859550
16.63807034, -11.10191870
18.00000000, -11.43750000
17.28181144, -10.60431411
17.31007417, -11.30607683
16.56557612, -12.54859746
17.51751147, -12.09375000
16.78257845, -11.83431586
17.26360559, -12.78591959
15.90034355, -11.62793331
18.00000000, -15.37500000
18.00000000, -14.06250000
17.66293710, -13.40625000
16.57421121, -13.66840838
17.23926336, -14.03854323
13.96410610, -15.50581516
17.59858814, -14.71875000
13.51779801, -14.75001272
14.94881822, -14.67340005
17.01201529, -14.59360038
-13.91504885, -10.01497893
-14.77379766, -11.11223827
-12.28596860, -12.63159840
-11.25000000, -18.00000000
-14.55496451, -14.73362241
-16.86511211, -12.37828004
-15.62206420, -13.96988555
-8.87122564, -14.72194058
-9.87941476, -14.58487832
-10.47908487, -14.13207239
-14.50343277, -14.04311943
-14.04428630, -13.52481991
-13.26960795, -13.53044851
-15.08503272, -14.34688942
-13.60798653, -14.45712032
-15.81749110, -15.32720596
-18.00000000, -15.37500000
-11.26500573, -14.45098033
-12.59472554, -13.91415785
-11.59769131, -13.29719630
-15.15230859, -15.65288574
-15.15401343, -14.99806697
-12.90713986, -14.54807975
-13.48011680, -16.21738600
-13.36419302, -15.32418782
-11.81924662, -13.90856362
-15.74239889, -14.64528875
-17.28611598, -15.13025088
-16.24549429, -14.20723221
-16.46875636, -13.55878789
-16.67087251, -14.69320628
-16.53946058, -12.92573466
-17.28938791, -13.00124274
-18.00000000, -14.06250000
-15.15962081, -16.31953461
-15.69953325, -15.92842244
-17.34436780, -14.39667516
-16.83857818, -14.04877626
-15.75000000, -18.00000000
-18.00000000, -13.40625000
-17.38327744, -13.66241896
-14.28627559, -16.82079216
-18.00000000, -14.71875000
-16.18527066, -16.30183170
-17.06082559, -15.73741989
-15.28136699, -16.97501310
-14.39259331, -15.99458331
-14.57137450, -15.37667003
-13.95977966, -15.53453702
-8.66990384, -15.72969550
-6.61586943, -15.93414364
-9.15925682, -16.38202430
-9.82961261, -15.86753437
-9.29447170, -17.21215910
8.57051532, 19.56681352
9.22896984, 20.46039081
8.65395480, 20.19471696
8.62134152, 21.02041196
8.07088220, 20.63218544
9.28707640, 21.13308883
13.50000000, 24.00000000
9.43412947, 21.86071656
11.43883102, 17.21557816
4.50000000, 24.00000000
9.69094599, 18.16851229
10.03426311, 20.72968947
6.30469290, 20.26287009
5.45233980, 20.41511824
-8.43750000, 23.74298420
-1.12047547, 22.06850061
0.12951651, 22.46117051
-0.04383925, 21.77456390
-1.12500000, 24.00000000
-0.49170828, 22.25283064
-1.20493948, 22.68715496
-1.72815283, 23.34303372
-1.06258794, 23.33734342
-0.39540770, 22.99603242
-0.56250000, 23.71871143
1.12500000, 24.00000000
-2.81250000, 23.68253986
-3.38958953, 23.31707897
-3.93750000, 23.67040057
-10.65010095, 20.59981812
-10.74271084, 21.29045269
-11.12487412, 21.98421384
-10.67734501, 22.42143129
-12.03350411, 21.67175458
-12.08405599, 20.97571698
-13.05226315, 21.39589056
-12.70473852, 20.87108452
-13.46083473, 20.74786817
-14.44275023, 18.89169326
-14.80565466, 20.97151113
-14.67983976, 20.26405343
-16.57945005, 23.14572792
-16.42934364, 22.42716428
16.49727523, -10.47486011
18.00000000, -10.78125000
16.03966697, -11.04299998
15.08824863, -11.54283222
13.78024784, -12.54770543
15.37676869, -12.70691251
14.30589012, -11.87819051
15.44323506, -12.07264333
14.81439015, -12.32736255
15.94697430, -12.44604836
14.50175275, -13.39700951
15.95382491, -13.21464199
15.24451594, -13.43901266
9.65781433, -16.27222393
10.88563730, -15.19572834
14.23105675, -14.66965394
10.03903290, -16.87395617
15.95172427, -14.91364637
15.94153891, -13.88241648
11.65117500, -15.81559891
-16.35287552, -11.41629395
13.95068766, -13.13403278
12.98816048, -13.09589404
-14.61346173, -10.50050865
13.88421171, -13.98219650
14.62567501, -14.07009411
-15.32600725, -11.58099767
-9.84671439, -15.22590352
-15.59814933, -10.70077027
-13.98358781, -14.93062201
10.59354198, -16.10103131
-11.63107162, -15.23885868
-4.66157207, -17.41133981
-7.14712191, -15.57751349
-6.75000000, -18.00000000
-5.62500000, -18.00000000
9.70971642, 19.87991836
10.54577745, 19.89029956
11.03140697, 19.02634287
11.57187046, 19.89860143
10.54648622, 21.72621171
10.71298442, 17.59945158
10.39683909, 17.01821275
11.08039978, 16.25863397
11.48268136, 18.17666232
7.48322909, 22.02638237
6.03522207, 22.61143737
6.63916340, 22.02175683
3.87846719, 21.42458833
2.25000000, 24.00000000
-11.44378117, 21.43421856
-12.61339713, 21.79422716
-13.01291368, 20.28178261
13.76765507, -11.35688432
12.96775963, -12.22007170
12.18300369, -13.84361838
13.45330627, -13.52173678
12.83122799, -13.73427009
12.64404959, -14.60069707
11.15705198, -14.47064955
11.62880270, -15.06057532
11.60195159, -14.04574726
12.40136501, -15.41552658
11.04277276, -17.00868633
11.06724453, -15.75409743
11.29588496, -16.38609037
12.37500000, -18.00000000
11.74304898, -16.93063041
15.07576563, -15.82221761
12.37263963, -16.31745397
-16.00672636, -9.74636210
-15.94249437, -9.10822239
-15.79875403, -11.24497484
-12.49123628, -15.41143326
-9.83339439, -16.56642759
-10.84935175, -16.21147330
-10.12500000, -18.00000000
11.06111320, 19.61150509
10.49438911, 21.12308498
9.95165191, 21.47377913
10.92927114, 18.42741885
13.78689396, 17.35039337
12.02925416, 19.01163154
6.80124440, 22.79187135
7.87500000, 24.00000000
5.62500000, 24.00000000
6.25985070, 23.37405853
7.20614810, 23.41419701
8.18763879, 23.28172432
5.45810748, 23.19581794
5.06250000, 23.69732736
4.17202202, 22.71644789
4.77496327, 23.06371979
5.05906666, 21.87339710
5.22994949, 22.54324892
4.54052690, 20.72515722
1.83707188, 22.31326702
0.40797557, 23.25947235
13.54707528, -11.95469406
12.29127509, -12.09012895
11.51927937, -11.40853783
11.50022231, -12.20811382
10.92416978, -11.79436910
12.40325724, -13.27342706
13.28489536, -14.16753076
13.18292249, -15.45743538
12.57830981, -17.15844012
14.45500254, -15.89215544
14.70060934, -15.28225059
15.36284790, -15.22245130
15.75000000, -18.00000000
-12.97380467, -15.82897607
-12.37500000, -18.00000000
-12.82825599, -16.54291298
-13.48754244, -17.04768784
-11.85871585, -16.25830608
-14.05232189, -17.51653731
-14.62500000, -18.00000000
-11.14594159, -15.64939826
-7.87500000, -18.00000000
-8.72872458, -16.82537770
-10.02480788, -17.27393604
-10.47534187, -16.77239864
-11.32170853, -16.93158058
-10.74022159, -17.46346901
-9.56250000, -17.76129305
-7.64073018, -15.94971689
12.71067266, 17.63909166
14.68783288, 16.69471961
8.76769527, 23.44421063
5.31252946, 21.15958275
5.86032406, 21.82819586
4.56065822, 21.40727101
4.40492686, 22.07331413
3.61851061, 20.51546342
1.00211548, 22.60451171
0.67974417, 21.93672088
1.50042426, 21.38114862
0.56250000, 24.00000000
12.93750000, -17.69055418
13.61203853, -17.13037068
-12.75646007, -17.31962010
-11.98296956, -17.33308104
11.99333998, 17.67182061
12.38286358, 18.33176608
13.41874431, 20.34816888
18.00000000, 18.75000000
13.99613381, 18.14509000
12.44442977, 19.78713957
13.18125261, 18.28569949
14.62464797, 17.55471096
12.91111191, 19.03840872
13.86711654, 18.95668017
12.94077143, 21.07957851
14.15193041, 19.87292548
12.55592192, 20.48584843
11.80213663, 21.39603673
11.12470010, 21.37245314
11.10330901, 21.98691057
11.42417978, 22.51136978
10.63217637, 22.63554149
11.25000000, 24.00000000
10.03800264, 22.09735416
12.32181104, 21.05918932
12.59879757, 22.05580274
11.68593955, 20.64748269
11.13136527, 23.23161372
10.12500000, 24.00000000
9.56250000, 23.43844721
13.00191988, 23.04990948
10.40935649, 23.32920748
9.69338547, 22.73000996
12.37500000, 24.00000000
12.08975003, 22.48537254
11.81250000, 23.51980159
12.43634073, 23.35859317
12.93750000, 23.73015793
4.14716079, 20.05430020
2.85447291, 20.02560823
1.69291718, 23.24246829
1.30618397, 21.97815292
1.11558788, 20.70049221
1.63020562, 20.25953526
2.69183323, 21.27216762
16.12212497, -15.95447459
13.21626041, -16.38251469
13.30427969, 17.70162419
18.00000000, 20.06250000
2.58411807, 19.46806247
2.88252914, 22.95124007
1.68750000, 24.00000000
1.05180287, 23.35347655
3.31793513, 21.09313908
2.85532403, 20.65960884
2.13323385, 20.79498140
2.12855426, 21.68114237
2.86487143, 22.10288039
14.32276782, -17.04485405
14.84389749, -16.55406581
15.72111084, -17.01122942
15.50269813, -16.36013567
14.89915561, 18.14468102
15.15091072, 18.74471309
14.70636092, 19.35746645
15.82045971, 18.11096039
18.00000000, 17.43750000
2.34826035, 23.34413711
2.30381546, 22.72399720
2.29186442, 20.22094284
3.46915940, 22.51466638
3.45429207, 21.88720046
14.62500000, -18.00000000
15.02779103, -17.27139554
17.12144185, -17.42947266
14.47374084, 18.63706440
15.72210960, 19.62675143
15.01464612, 20.24496341
17.73697955, -17.34375000
16.51382868, -16.70582668
13.14204762, 19.70215674
15.31034813, 17.17277360
15.83963832, 15.24109365
16.75970289, 18.63616405
15.17947093, 16.20638030
13.61813472, 15.12614643
14.29855315, 15.81116110
15.08159590, 15.24517365
17.05910560, 17.14293830
16.12032196, 17.34014657
18.00000000, 8.90625000
15.91175287, 18.87797001
18.00000000, 16.12500000
18.00000000, 21.37500000
16.26447220, 19.36570906
16.35273216, 20.24303427
14.29062854, 21.43982264
18.00000000, -16.68750000
17.13496479, -15.90422887
17.18098798, -15.23883029
16.57237846, -15.05347261
13.69340159, 19.51306897
15.34638001, 17.76095483
13.87536349, 16.52514475
13.07770766, 16.85699970
13.56536488, 15.85899605
12.21479267, 16.83757957
12.42782342, 15.40876113
13.06746515, 15.45481941
12.91038191, 16.15709441
12.82079496, 14.41589853
14.35923548, 15.07045208
13.90615655, 14.00012741
13.95211899, 14.61172977
14.83541736, 14.23782090
15.69973872, 16.62798011
18.00000000, 14.81250000
17.32604151, 19.40625000
15.68376523, 20.29677738
14.97724652, 22.19935849
15.27571328, 21.21994206
16.07876129, 21.02313600
16.79978075, 20.83819724
15.78819718, 21.57430011
13.67499717, 21.03751034
15.75000000, 24.00000000
17.33303630, 20.34690678
14.06250000, 23.74566370
16.83915724, 21.57875014
16.31022770, 22.39119224
14.35832000, 20.66405326
13.51819594, 21.94963839
17.25847584, -16.82329057
16.87500000, -18.00000000
11.62003664, 16.60210735
11.74210781, 15.81466625
11.08453712, 15.54969792
11.81461383, 15.15499503
12.20989528, 14.63867908
11.99795856, 13.88283348
10.49657662, 15.90074669
9.82718850, 15.81201358
12.24545267, 12.96016892
14.85301137, 12.23372170
16.52001698, 15.57535376
18.00000000, 20.71875000
14.85193292, 23.35593741
15.65220239, 22.23645331
15.79325600, 23.11311620
13.01831628, 21.65475195
14.22864140, 22.18597697
14.62500000, 24.00000000
13.66630670, 22.69039652
14.59344846, 22.72387653
15.23486481, 22.79053637
13.09726686, 22.43245627
13.59176126, 23.34629138
12.26538050, 16.19353339
12.63922904, 11.69967521
12.76851597, 13.59500061
13.32317427, 12.60509312
13.27418100, 13.97491093
13.39073754, 13.29329466
14.19668731, 12.86675438
12.85335787, 12.99219370
12.58116588, 12.37329079
12.04276935, 11.98757281
11.38882069, 11.62527060
10.92615014, 11.22106761
15.37960195, 14.63858930
15.73646500, 13.58417616
16.53057545, 17.94347669
18.00000000, 22.68750000
16.87500000, 24.00000000
13.98363808, 11.98911381
14.51569593, 13.55245368
14.91159484, 12.95121319
15.12301193, 13.68640096
15.90632393, 12.50885574
11.96957223, 11.06496403
12.69023460, 10.97524259
16.34067358, 16.47354366
16.31250000, 23.58293806
17.12457767, 23.07553086
13.29638399, 11.91429802
13.71113021, 11.29840879
14.01148136, 10.75368364
14.99247845, 11.17516213
14.37107605, 11.43714609
18.00000000, 23.34375000
17.43750000, 23.67187500
16.50451246, 22.98669687
17.07344533, 22.30967756
18.00000000, 22.03125000
17.45075507, 21.72502004
-7.71186283, 5.38749415
-9.37492959, -0.58267415
-8.24719555, 4.50923933
0.07701955, 9.40598215
-0.86132706, 9.37156441
-9.37311675, 0.37244954
-8.71316631, 3.53616404
-8.57941369, -3.84915597
-8.16052052, -4.67444821
9.39290422, 0.04652029
-6.00082353, -7.23964487
-5.26077311, -7.79543633
7.30088593, -5.90981206
-2.19084552, -9.14453590
-1.28149852, -9.31677642
4.89030950, -8.01958146
6.65371967, -6.61226518
4.04472066, -8.46370315
2.05863872, -9.18901732
3.03270587, -8.90097688
5.97785256, -6.02986093
-10.39081097, -6.47792272
-10.91692505, -6.96971949
-10.87507274, -7.79529131
-11.54359111, -8.52919365
-11.05591518, -8.85962131
-11.55566286, -7.84676646
-12.31869735, -7.81741406
-11.85867931, -9.20531938
-12.27636330, -8.59918865
-12.10227095, -9.87395252
-12.64206345, -10.30692506
6.66049586, 4.33914366
3.06308061, 12.76806622
-5.35932166, 3.28878455
-7.74372860, -0.72186223
3.52645386, -0.40010019
1.16659253, -2.48976932
-13.34775880, 8.43757411
5.91270325, -12.37794652
9.93730712, -10.91911476
12.49059479, -8.46588684
-3.87670965, -10.90673270
0.56646150, -15.41111627
9.50439770, 14.08297887
3.06430620, -6.77664402
3.31656010, -7.54365520
3.92270490, -7.28941848
3.48677683, -2.99777912
-4.86140249, -11.65248511
-5.17191847, -11.06557079
-5.91528186, -12.31519942
-5.50925729, -12.91896348
-3.93750000, -17.52910444
3.57633308, 18.81141772
0.64535648, 16.96764560
-15.27552653, 8.73946558
-4.89479159, -15.76034757
-14.80478317, -3.10329871
1.54134602, -16.82973309
15.93928791, -1.55085662
16.58150553, -1.34449867
17.28551089, -6.60901281
17.34791310, -7.22327315
18.00000000, -6.84375000
17.35914571, -5.91752114
14.14559958, -4.12816775
12.67084314, -10.84089070
11.93962387, -10.80938446
17.31982874, -0.31024022
-5.36709961, 19.18059065
-14.73546029, -9.36989739
-6.03468028, -13.42004082
15.14854414, 9.82566595
15.63760870, 10.28812821
15.05559983, 10.49868957
15.71859090, 10.90173419
16.49112306, 10.97381884
18.00000000, 10.87500000
16.19128562, 10.01151969
16.03567316, 11.67922042
18.00000000, 12.18750000
15.47239364, 12.01630011
16.73084419, 11.62833107
17.25478712, 11.06527600
16.65689236, 12.38538413
17.26628590, 8.90625000
16.95911218, 10.30013880
16.39511967, 13.13714228
16.80815639, 9.53608180
17.29591890, 12.06566821
18.00000000, 11.53125000
17.26535618, 13.01871527
16.33903691, 13.76325468
15.89396158, 14.23889249
15.89523444, 15.98750654
16.15728577, 9.32949815
17.39815627, 9.81645549
18.00000000, 10.21875000
16.75095761, 8.41274441
18.00000000, 12.84375000
17.41758713, 21.06703104
16.20152878, 14.75813669
17.14247764, 16.16664163
17.68889355, 16.78125000
18.00000000, 18.09375000
18.00000000, 19.40625000
16.88686805, 19.87987012
17.37194766, 18.77919749
17.21223384, 13.90113318
17.09791864, 14.87946265
17.26225817, 18.04823742
18.00000000, 14.15625000
16.69862629, 14.31989939
17.59518823, 15.46875000
-9.36023685, 15.23464450
-9.98397862, 15.80466733
-10.26768247, 15.10764022
-10.59481591, 15.64704012
-11.35147483, 15.51952277
-11.22924592, 14.93674242
-10.36311221, 16.25552372
17.16317090, 2.92587618
13.52402147, -10.22840614
13.91092130, -10.71781182
-9.35658805, -13.21818079
18.00000000, 4.31250000
17.40656001, 4.35042725
17.29098951, 3.62401469
-14.27617416, 22.73410411
-13.70153196, 23.25266724
-14.62500000, 24.00000000
-13.50099654, 22.45277079
-14.35085371, 23.39453423
-15.18750000, 23.38051035
-14.18343034, 21.78103013
-16.39445187, 20.13552272
-13.69879548, 21.35071135
-15.92875594, 23.27256726
-16.87500000, 24.00000000
-15.69577372, 22.39994608
-16.88921153, 21.79607475
-17.19892013, 19.62569186
-14.81485156, 22.20063586
-14.89789500, 22.82319303
-16.09701154, 21.48500066
-15.98292478, 20.81187401
-16.78412900, 21.02231114
-18.00000000, 20.06250000
-17.39206092, 21.19866790
-18.00000000, 20.71875000
-17.20080937, 22.64096701
-17.28529201, 23.37979120
-17.63726024, 22.03125000
-15.60151004, 21.81315631
-17.09766435, 20.35552465
-18.00000000, 19.40625000
-17.29920875, 18.91317707
-18.00000000, 23.34375000
-17.31607197, 2.40711087
-17.26564957, 17.11918105
-18.00000000, 18.09375000
14.90018787, -10.62980070
-18.00000000, -16.68750000
-16.87500000, -18.00000000
-17.03115687, -16.78394749
-16.77346154, -16.25295756
-18.00000000, -16.03125000
-17.41020438, -16.27196533
-17.57610692, -17.34375000
-16.22418758, -17.21667474
-16.82916369, -17.37606149
-16.31250000, -18.00000000
-15.67053428, -17.41670741
-15.06423093, -17.55861757
-15.83502029, -16.77498043
16.37326338, -14.39381762
-16.30727956, -12.05794325
-18.00000000, -11.43750000
10.96916542, 16.84589647
12.00605552, -14.54282442
10.47843403, -17.40671383
11.81250000, -17.61100048
-15.42652054, -9.56818125
-16.74465303, -10.46424356
-10.45337902, -15.70181289
-6.88179075, -17.17609103
-7.31250000, -17.75506647
-7.65953494, -17.24913621
-8.35954231, -17.45461114
-6.06085782, -17.29434873
-5.36093205, -17.34946059
-5.66706106, -16.76521028
11.07720442, -10.96789951
10.48881515, -12.24354904
-12.23828256, -16.75899464
14.06250000, -17.65259923
18.00000000, -16.03125000
16.61405670, -15.63730280
14.84906913, 21.62511229
10.00500565, 15.16753635
15.52917180, 13.00035610
-5.60162272, -11.57717344
-17.17425681, -11.59629680
-16.85957937, -11.06817203
-18.00000000, -10.78125000
-17.69806142, -12.09375000
-17.22539560, -10.05864381
-16.12591974, -10.36204705
-16.58526284, -9.88987782
-17.36862133, -10.68158694
3.37500000, 24.00000000
2.81250000, 23.74898082
3.57322138, 23.26691448
3.93750000, 23.75875458
16.34545562, -17.45029897
