2496,2376,2501,2990,2878
2,131,98,132
131,1,132,3,153,866
4,2807,199,153,2,866
3,2807,199,334,5
2807,2809,6,334,4
7,229,2809,230,5,334
229,6,230,451,2813,8
9,249,167,2813,7,451
10,713,8,249,167,244,349
166,11,9,713,244
862,12,10,166,244
11,862,13,245,298,345,244
14,201,12,245,2812,298
299,15,13,201,2808,2812
14,299,2808,16,158
2808,227,17,158,329,15
16,227,18,329
246,19,202,17,329,227
202,446,246,18,348,20
157,21,247,348,446,19
22,710,157,20,247,2814
21,710,156,23,2814,2815
156,1006,22,24,2815
25,257,778,2815,1006,23
778,200,24,257,26
25,200,780,27,264,257
165,28,780,264,26,353
265,353,29,165,27,711
28,265,711,164,30,2817
865,164,29,2817,2818,31
308,32,865,30,2818
232,33,308,31,272,2818
303,34,32,232,272
33,303,205,35,279,272
36,302,205,34,357,279
35,302,389,37,280,357
389,388,280,36,38,2820
318,388,39,37,2820,2821
203,40,318,38,2821
39,203,41,287,2821
174,42,203,40,287
41,174,43,161,292,287
42,161,172,292,363,44
45,293,301,172,363,43
44,293,301,300,46,2825
300,387,45,47,2825
48,208,46,387,2826,2825
294,2826,47,208,337,49
337,48,177,50,2824,294
2824,2822,51,177,716,49
2822,50,176,52,716
176,51,338,290,2822,53
54,209,338,52,290
55,291,53,209,339,360,290
54,291,56,2823,339,180
2823,55,2819,57,717,180
2819,56,179,58,717
2819,284,179,57,534,59
534,484,60,284,58,399
344,484,59,399,61
62,285,399,344,315,60
61,285,315,505,63,861
276,861,64,178,505,62
276,63,860,65,178,211
277,66,860,64,211,1049
277,65,278,67,1049
68,278,342,1049,66
278,67,2816,69,237,342
68,2816,237,463,70
269,2816,216,71,463,69
788,216,72,70,269,396
215,73,71,788,396
270,396,74,215,72,311
270,73,75,235,311,837
261,837,74,235,312,76
212,77,833,75,312,261
212,76,313,833,78,262
313,236,77,262,836,79
80,263,236,314,78,836
263,79,189,81,314,835
253,835,82,718,189,80
81,253,814,83,718,188
814,82,99,254,188,150
918,150,331,410,148
324,317,402,481,148,443
432,317,325,326,567,495
926,568,564,566,326,923
2840,923,392,931,924
440,234,885,183,931,1084
872,183,485,1092,426,871
890,1301,485,532,592,1108
403,603,470,1110,1108,1109
405,517,499,403,518,472
521,406,473,405,522,475
406,520,474,210,487,570
404,570,138,706,702,707
327,124,123,987,703,702,705
1,132,131,776,327,124
150,100,816,254,83
150,918,99,101,255,816
255,100,102,482,815,918
815,240,103,101,482,296
186,104,296,807,102,240
297,105,241,103,186,807
297,104,241,811,106
184,297,107,242,105,811
184,306,242,106,108,810
306,219,222,109,810,107
222,108,219,307,790,110
111,223,307,864,790,109
223,110,112,187,864,2810
111,187,330,113,2810,2811
171,114,330,112,2811
171,113,304,2811,224,115
304,207,224,114,116,791
207,305,791,192,117,115
192,774,116,169,118,305
119,715,169,774,193,117
118,715,120,168,193,1000
119,168,714,1000,121
138,122,194,714,1000,120
121,138,123,775,194,703
97,124,122,775,195,703
327,97,123,195,776,98
2970,2976,2971
2690,2686,2745,2709
2802,2801,2785
2946,2959,2965
1685,2966,1682,1684,2286
1711,1704,1707,1854
2,1,98,776,153,1005,777
866,332,1,98,2,327,987,989
157,710,415,445,994,993
158,299,328,414,1127,886
951,457,576,916,423
711,164,458,648,786,784,165
166,713,420,167,450,1041,1197
703,702,121,122,714,404,96
553,715,322,169,370,474
171,330,304,368,876,441
2779,2780,628,1097,1513,2791
883,1043,898,1047,1207,386,1045
2303,2302,2871,2870
2929,1885,2935,2335
1125,306,184,932,568,1126
515,325,297,186,296,324
864,187,376,435,480,307,438
482,918,481,410,378,85,443,84
189,323,718,377,188,597,1406
100,918,99,84,331,188,83
192,774,719,722,726,193,999
195,775,194,728,995,1004,996
2807,197,3,2,131,1188,1005
332,199,333,419,1314,1313
778,200,779,2828,782,783
23,1006,22,710,993,779
133,710,21,415,20,446
329,16,15,299,134,328
299,201,298,904,886,1039
379,202,910,329,328,414
43,42,172,174,231,336,1066
1781,1773,1625,1610
389,173,936,1288,1387,2849
865,30,711,136,29,458
28,27,711,781,780,784,136
10,11,137,713,862,1197,1040
713,9,8,420,137,451
120,119,714,404,553,715
118,715,322,139,305,117
368,366,305,207,304
114,113,304,330,140
301,44,161,43,336
422,318,388,389,936,163
41,42,203,231,161
339,209,338,867,880,447
52,51,338,883,716
50,716,49,386,337
505,340,1258,63,64,877,341,211
58,57,717,218,534,233
383,717,56,55,339
312,212,1649,374,313,1651
216,788,427,320,215,462,917
440,872,885,89,90,426
306,107,106,297,932,145
307,219,306,480,1124,1125
103,104,297,296,146
112,111,864,376,330,147
331,150,82,83,149,377,718
81,718,80,323,149,314
222,790,789,812,223,1003,753
791,719,243,2811,721,224,1008,1009
151,774,117,791,116,719
774,118,119,999,1000,151
775,152,121,122,728,1000
152,775,123,124,776,1004
464,2842,227,1154,347
153,2807,229,2809,1188,1420
385,230,334,333,419,911
4,334,3,333,866,332,154
25,778,26,155,780,782,781
14,13,299,298,159
446,19,18,329,379,160
461,1059,41,174,39,40,318,231
387,300,301,875,1076,1083
35,34,302,303,1286
1288,1387,1490,1388,1492,2856
116,305,115,304,170
48,47,878,337,387
54,53,338,339,175
546,545,520,707,570,95
1049,65,393,877,64,178
77,76,313,312,181
312,235,311,1651,1653,1795
314,236,313,371,374
73,72,311,320,182,788
182,788,71,427,70,463
218,384,1051,1227,233,1225,1226
717,179,217,384,233
306,108,109,307,185
807,241,240,792,793,809,808
810,789,808,811,763,242
108,109,810,790,190,789
111,110,790,812,2810,190
2811,114,115,791,191
244,345,349,350,1150,1310
970,1153,1154,2808,2812
347,246,2808,16,17,1154,18,196
246,348,347,247,351,490,535
7,6,2809,197,2813,249,908,1420,1119
7,6,451,334,385,198
203,461,174,161,1066,1065
32,33,308,303,423
417,1224,534,179,218,217,1226
440,89,436,931,1124,2840
75,74,312,311,213
78,313,79,314,214
68,69,463,342,1057,381
814,254,253,813,804,805,806
815,792,806,254,816,255,798
815,102,103,807,220,792
104,105,811,807,220,808
107,106,811,810,221
812,2810,191,2811,1008
11,10,9,349,12,225,345
12,13,345,346,1153,2812
347,227,18,19,348,228
2814,351,20,348,21,228
2815,256,394,257,352,465,643
8,9,350,1119,229,2813,349
1055,1056,381,1058,1489,1364
833,262,261,817,821,820,834
835,813,834,836,2839,263
81,835,82,814,238,813
816,99,83,814,238,806,239
101,100,816,815,239
2814,2815,351,248,394
24,25,264,352,2815,26,248
264,353,352,265,355,491,537
2816,269,354,268,395,1012,1014
817,819,837,395,354,270
75,837,76,833,251,817
77,78,836,833,251,834
80,79,836,835,252
257,352,258,353,27,26
28,353,29,2817,355,258
2818,271,397,272,356,952
860,277,316,276,838,842,841
2816,259,316,278,1014
70,2816,259,71,354,396
396,73,354,74,260,837
355,2817,2818,266,397
279,356,32,33,2818,34,266
279,357,280,356,359,492,539
284,2819,358,1024,1026,283,398
861,838,398,358,285,840
861,63,64,860,267,838
65,66,860,267,316,278
68,67,2816,66,277,316,268
272,356,357,273,35,34
37,36,2820,359,273,357
2821,286,400,287,362,431,610
290,2822,289,360,1480,1423,2854
2819,274,1026,2823,2827
274,2819,58,59,358,399
399,358,61,62,275,861
359,2820,2821,281,400
40,41,292,362,2821,42,281
363,292,364,293,362,467,494
2822,282,2824,294,2853,2854
282,2822,52,53,54,360
54,55,360,2823,2827,361
363,288,43,42,287,362
44,45,363,364,288,2825
48,2826,49,2853,559,289,2824
2825,364,2826,559
186,103,324,481,102,146,482
105,104,184,106,186,146,932,515
1040,1039,862,201,13,12,159
14,15,158,134,201,159,886
301,45,387,204,46
44,172,300,45,204,336,1076
36,35,389,205,2849,1286
33,34,232,423,205,1286,1287
115,207,114,171,140,170,368
116,207,169,322,117,170,366
219,108,184,107,1125,145,185
110,864,219,109,185,480,147
232,32,31,423,458,576,865
1053,1252,1255,310,417,1224
505,340,1255,309,315,344,417
73,215,320,1795,235,74,213
75,76,181,212,235,213,1651
78,236,77,212,181,214,374
79,236,80,323,189,214,371
62,505,344,61,310
267,277,278,268,842,848,1014
324,85,432,86,402,325
38,388,39,203,422,173,1059
322,366,370,369,473,472
1412,1653,311,1795,215,182,917
1099,1404,1654,1793,1309
139,169,305,370,366,319
189,149,314,371,960,1406
85,317,296,481,146,325
515,146,324,317,86,567
567,86,564,495,87,568
124,97,987,132,98
329,158,134,160,414
158,16,328,18,17,202,160
441,376,171,140,113,112,187
150,84,188,410,377,411
866,132,199,154,1314,989,991
334,199,154,198,419
4,199,333,6,5,230,198
503,412,379,445,920,415
1076,1070,161,172,301,1066
49,48,878,1047,208,386,177
52,176,209,53,175,883,447
55,54,209,180,383,175,867
505,178,1258,310,1255
877,178,868,1262,1258,1266
68,67,237,1049,1054,381
1205,921,385,449,420,450
60,484,315,61,310,417
1310,346,12,245,225,244
1310,345,245,1150,970,969,1153
227,246,490,464,228,196
246,19,20,247,228
9,244,225,249,350
1150,964,249,1119,349,1152,225
2814,256,247,228,394,535
257,264,258,248,465,491
28,265,258,264,27
270,396,259,269,395,260
265,2817,271,258,397,537,601
272,279,273,266,952,466,492
279,273,36,35,280
399,285,274,284,398,275
2820,286,280,273,400,539,596
361,1480,54,291,282,290
360,1480,291,2827,1196,1346
431,467,287,292,288,281
288,292,293,44,43
288,293,2825,295,541,494,559
937,1305,1512,1093,554,1643
367,369,368,170,305,322,319
369,366,470,368,876,442
366,170,367,304,140,876
367,366,470,319,472,499
475,474,139,322,319,473
323,314,214,1397,960,374,372
1648,1645,371,374,1397,1649
516,543,597,455,1089
181,1649,214,313,371,372
2899,2907,2916,2919
441,330,439,187,147,435
149,188,597,1089,331,411
148,410,411,533,443,869
335,412,446,415,202,160,910
873,1216,1217,1218,448,881,897
342,1054,1055,237,250,1057,1058
1991,1903,1996,2006,2003
384,717,180,339,867,873
717,383,217,218,873,1051
343,449,451,420,230,198,911
883,716,177,337,142,1047
300,204,46,47,875,878,208
389,37,318,38,173
388,37,302,36,173,163,2849
627,1091,936,1288,1290,1297
422,1059,936,627,1060
929,1084,930,928,924,88,931
211,1049,877,868,1054
248,256,351,535,642,643
354,260,259,819,1010,1011,1012
270,73,354,71,72,269
266,271,355,601,657,952
1024,1022,358,275,274,840
285,358,61,59,60,284
281,286,359,596,610
1138,493,561,946,1156,1157
317,85,432,468,870,443
92,603,93,499,518,470
570,96,714,168,138,553,487
93,517,472,94,473,522
521,94,520,95,474,475
1111,502,889,506,1123,933,906
1142,1143,1946,1531,661,1826
435,438,1092,439,440,872
148,378,84,331,411
378,410,377,1089,331,543,869
503,335,379,910,413,1526
412,910,1526,934,1414,414
328,160,910,134,1127,934,413
133,157,445,446,379,335
1161,922,1536,1534,1829,1834
233,1224,484,534,310,344,309
569,545,1315,1419,990,1316,1443
1320,911,333,198,154,1313,1321
137,167,451,385,450,343
887,875,898,1279,1383,1275,1277
318,173,1059,936,391
303,232,308,951,1287,576,135
488,530,1495,1499,1494,1629
1146,1278,1078,1643,1305,1093,1147
90,183,871,885,888
182,216,462,463,1057,1222
464,639,556,594,510,620
511,465,557,609,623,633,595
512,466,640,650,558,651
362,467,281,610,493,1138
86,317,514,495,402,468
884,496,1407,1408,1095
902,507,2779,2778,1516,2754
409,438,376,147,439
480,438,440,234,1124
441,439,442,890,1092,1301
409,435,480,436,147,440
376,441,435,409,1092,437
183,872,234,89,438,436,409
330,376,439,442,876,437,140
876,441,367,437,890,1110,470
378,533,148,85,402,870
1396,1411,644,1145,914,962,1398,1789
133,415,994,335,920,1206
202,19,379,415,20,157
880,881,175,338,874,883
380,881,1219,1218,1212,1209
1319,1457,343,385,911,1205,1320
921,939,137,420,343,1041
7,230,385,420,8,167
2843,1038,1117,1171,1036,1037
787,1291,1884,459,916,460,1080
1641,624,1078,578,1146
597,373,1406,960,586,516
509,949,888,885,531
951,135,1491,916,1884
648,1080,164,136,308,576,865
1884,453,1291,1366,1764,1765
508,787,648,453,1080
203,1059,231,1063,1065,1060
182,427,917,1222,1486,1362
237,69,1057,70,427,216
490,347,428,639,2842,196,510
511,491,429,352,248,643,633
512,492,430,952,356,650,657
431,362,288,493,494
402,870,432,514,1407,884
564,495,587,938,514,563
369,367,1110,92,442,403,499
675,636,676,635,677,974
405,93,369,319,499,473
370,319,94,405,475,472
487,553,475,370,406,95,139
474,370,473,94,406
569,546,933,1123,544,572
543,1144,585,612,869
1409,479,504,899,507,1410,1515
504,1408,478,1409,1411,1095
436,438,147,307,185,1124
148,482,324,296,85
148,918,481,102,101,296
2289,2166,2167,2165,2071
344,60,59,534,417
532,871,91,1301,90,1092
1200,1140,1176,526,1203,1444,1557
553,474,570,404,95
530,528,1073,424,1298,1628,1629
1796,1653,1412,2019,2020
464,347,510,228,535
511,465,352,258,537
512,466,356,273,539
401,1138,561,431,467,494
562,541,364,288,467,493,561
514,432,564,469,86,326
433,884,1408,882,892,504
547,549,653,957,954
517,518,603,956,955,954
93,403,472,369,470
522,573,544,520,521,572
958,593,1142,900,959,1533
1111,407,1535,1114,548,933
335,412,525,920,1589,1526
479,1408,899,882,478,496
62,315,340,178,310,63
407,889,905,1123,1315
902,899,478,434,1515,1516
460,787,648,786,785,940
456,949,1303,937,950,531
464,490,428,556,579,535
465,491,429,557,581,537
466,492,430,583,558,539
559,541,1427,562,2853,2852
495,432,469,563,468,584,1407
146,325,568,567,932,297
373,543,1144,455,1308,586
405,93,522,518,547,498,954
93,403,603,517,498
589,1146,928,930,1304,1278
406,95,210,546,521,500,544
406,94,522,520,500
521,94,573,500,405,517,547
645,679,981,1165,1163
1478,1191,1881,1389,1983,1888
920,503,1206,1186,1589,1477
1203,1178,486,1195,1454,1557
939,921,1458,1205,942,1459
530,488,1073,1061,1077
2996,2429,2598,2549,2592
1061,1088,488,528,424,1494
605,1302,950,577,509,456,888
485,871,592,91,617,913
378,443,870,884,869,585
59,484,58,179,417,233
351,228,510,490,394,579,642
556,579,606,609,623
355,258,511,491,581,601
650,640,557,581,608,631
359,273,512,492,596,583
558,611,971,658,946,1155
562,494,559,513,364
914,1396,598,587,563,584,644
477,1144,373,516,1089,411,869
500,520,546,572,476
210,546,569,418,707,1443
210,545,520,544,569,476
517,522,954,497,549,573
549,572,933,647,1114,502
653,647,572,573,547,497,548
906,1115,879,1546,1550,2922,2924
1046,943,1212,1209,1202
852,856,935,1215,590
715,139,487,474,404,168
365,937,1087,1090,1512,1306
593,1530,1529,1948,1418,1828
594,428,510,579,536,606
429,511,581,538,595,608
583,512,430,658,651,611,540
513,541,364,295,2826,2853,294
1157,561,562,1159,1426,1427
493,401,494,562,1157,560
494,541,561,1427,513,560
514,469,584,587,542
938,566,495,469,326,87
634,598,589,938,566,587,927
564,938,87,927,924,923,565
568,515,326,86,325
87,926,515,567,932,145,326,1126
418,545,546,476,1315,1123
404,96,707,210,487,95
1827,1537,909,671,1662,901
573,549,544,500,548,933,476
522,500,572,549,547
1346,1345,1196,1023,1028,1342
908,1152,967,1420,1188,1135,1194
916,135,308,458,423,1080
915,1104,531,950,1090,605,2862
1641,602,634,589,1146,454
556,510,536,535,623,633,642
594,606,629,632,649
557,511,538,537,657,650,601
608,595,622,953,609,652
558,512,539,596,611
563,514,542,1095,1407,1396
477,612,869,892,884,533
455,960,1404,1308,1106,1309,516
938,469,542,598,563,565
941,1324,1327,1473,1456
565,634,578,1146,519,928,927
844,1025,1215,1028,856,552
1335,1185,1330,1186,1177,1328
532,91,913,958,959,1109,1108
1530,555,958,1416,501,1418,1533
556,428,620,606,580,629
429,557,608,609,582
539,583,400,359,611,610
1089,377,455,373,1406,149
634,565,542,587,644,602
963,704,947,1148,1133,1317,1316
2570,2454,2448,2611
397,355,537,581,657
1641,578,634,644,1145,598,1401
403,92,518,498,956,959,1109
607,629,649,664,616,656,654
531,1302,617,912,577,1528,2862
622,632,594,580,556,536,609
629,604,620,616,968
595,557,582,538,631,652
623,429,595,582,606,536,622
281,431,400,596,611,1138
946,1138,583,596,558,540,610
1144,1386,585,477,894,892
638,655,619,684,978,615
997,730,998,735,734
981,980,978,613,684,979
664,604,668,968,626,607
913,912,605,532,871,1302
1820,1822,1798,1806,1807
613,655,632,622,977,660,680,978,953
428,594,639,629,607,968
651,631,659,658,636
632,606,582,953,609,619
609,429,633,536,579
1641,1401,1909,1916,454,1078
991,985,1204,1134,1132,1313,1314
664,667,964,1116,616,668
390,1091,391,936,1292,1060
1144,1308,141,1097,1386,1405,1513
607,604,649,620,594,580
970,2842,639,968,969
651,621,640,608,538,659,652
622,606,580,619,655,649
429,623,642,643,579,465
565,598,602,578,589
670,641,659,677,636,471
675,471,621,658,659,635
1630,1612,1610,1611
654,649,655,613,672,684
464,428,620,968,630,2842
650,538,430,631,651
635,670,977,660,659,652
394,535,643,633,579
248,465,642,633,394
444,1145,602,914,598,542
670,677,679,523,680,981
682,672,663,687,673,984
653,549,1161,1536,548,1114,662
1080,458,136,786,460,508
638,654,604,629,580,632,655
640,538,430,581,657,466
621,631,558,658,640,430
582,608,953,660,659,631,641
647,549,497,662,957
663,656,638,649,604,672
638,613,619,632,649
663,654,666,664,604,673
581,650,601,397,466,952
558,651,971,675,540,621,636
635,641,631,621,652,636
641,977,953,652,619
955,957,408,1531,1143,662,922
647,653,661,922,1161,957
656,654,672,646,673
666,667,626,656,616,604
965,666,674,1340,944,966,2841
667,664,656,674,673,665,965
666,664,626,1151,964,965,2841
969,968,616,626,1116,1150
971,972,676,675,907
635,641,677,645,680,977
1537,1835,909,571,1833,1830
684,682,663,654,646,638
674,666,656,663,646,984
685,1340,666,673,665,689,984
471,636,676,658,971,669
675,471,669,974,975,907,1160,1113
670,645,635,679,471,974
679,1163,1162,1166,975,1170,2844
677,645,523,974,678,1163,1162
978,619,977,670,645,981
692,688,682,979,983
684,672,646,687,979,688,681
691,694,1181,685,695,1001,1002
682,672,613,638,979,615
1340,674,683,1181,689,691
688,696,687,689,691,694
646,682,688,686,689,984
696,686,682,687,681,692
687,686,984,691,685,674
1173,1432,1435,1174,1175,1434
694,683,689,685,686
681,688,696,699,1435,1174,983,982
696,694,701,754,698,695
691,683,695,696,693,686
683,694,693,1001,736,732,754
688,686,693,694,698,699,692
699,698,768,701,1435,1437,1434
696,699,693,701,697
698,696,697,692,1435
701,754,748,750,766,768
754,693,698,768,697,700
703,138,97,705,706,96
138,702,122,97,123
599,963,707,706,705,1316,1443
702,97,706,987,704,963,992
702,96,707,704,705
570,210,545,704,706,96,1443
997,998,1194,1137,1135
779,2828,993,994,1339
22,21,157,133,156,993
28,165,29,136,164
785,1187,781,784,782,1198
10,9,137,166,167
120,168,404,121,138
119,118,169,553,139,168
50,177,51,883,386,176
218,179,384,383,57,56,180
82,81,189,149,188
151,192,791,191,721,722
738,733,739,724,725,731
191,719,722,724,739,741,1009
719,151,726,725,721,724
725,726,729,728,995,734
739,720,725,721,722
731,729,726,722,723,720,724
725,722,723,151,728,999
735,734,729,731,732,1002
194,152,995,1000,999,723,726
731,725,723,727,734
997,614,996,995,734
733,732,725,729,727,720
733,731,736,727,695,1001,1002
738,720,731,732,736
735,727,729,723,995,730,614
727,734,614,998,1002,944,1181
732,733,747,738,695,754,750
738,739,742,745,747
720,733,736,747,739,737
741,742,724,720,738,721,737
749,744,742,741,1190,1003
1008,1009,739,742,721,1190,740
741,739,744,740,737,745
744,745,751,752,757,764
749,740,742,743,745,752
751,747,743,744,742,737
752,758,749,753,762,763
736,738,751,745,737,750
751,750,765,766,700,764
740,744,746,752,753,1003
754,736,748,751,747,700
745,747,743,748,750,764
758,746,759,749,744,743,757
1003,749,190,746,763,789
701,693,700,750,736,695
765,772,764,757,759,761
761,759,758,794,762,795
764,755,752,743,759
752,746,759,762,756
758,752,761,756,757,755
763,762,809,793,794
772,773,756,759,755,795,797
760,763,758,746,756,794
760,762,746,753,789,809,221,808
755,757,751,748,765,743
755,772,748,766,764,771,770
765,748,700,770,768
771,772,773,1184,1543,1669
701,697,700,766,770,1437
771,770,1669,1437,1436,1433
769,771,765,766,768,1437
769,770,765,772,1669,767
773,761,755,765,771,767
772,761,767,797,1184,1019,1021
151,192,117,118,193
122,123,195,152,194
98,131,124,195,777,1004
1005,131,776,1004,997,996,1137
25,200,24,155,779,1006
155,778,2828,709,1006,993,156
26,200,781,165,27
165,780,200,782,784,712
200,781,783,1198,155,712
782,1198,155,2828,2829,2830
165,781,786,136,712,785
940,1179,712,1187,786,508,784
648,136,508,785,784
1291,453,460,508,940,1191
216,182,71,72,215
190,222,810,221,753,763
223,110,222,190,109
116,192,719,191,115,224
220,240,815,239,793,798
794,799,792,220,798,760,809
799,793,800,756,762,760,795
761,756,794,797,800,803
800,799,802,804,806,798
761,773,795,803,832,1018,1019
793,799,239,792,806,796
794,793,800,796,798
796,799,794,802,795,803
804,802,805,1017,827,1018
796,800,804,1018,803,801
797,795,1018,802,800
796,806,802,805,238,801
2839,813,804,238,801,827
254,239,796,804,798,238
103,104,241,220,240
241,811,221,763,220,809
760,763,793,220,808
108,222,789,221,107,242
105,241,106,242,808,221
243,2810,223,1008,1190,190,1003
238,253,835,252,2839,805
82,83,254,238,253
102,240,792,239,101,255
254,99,100,255,239
819,260,251,261,837,820
824,828,823,822,830,1016
817,260,395,1010,820,822,823
251,821,819,817,824,822
251,820,826,824,834,827,2839
819,823,818,820,824
819,822,818,1016,1010,1011,1139
826,828,821,818,820,822
828,831,826,827,832,1017
828,824,821,827,825
801,1017,826,821,2839,805,825
826,824,818,831,830,825
1668,1193,831,1020,1021
828,831,818,1016,1193,1032
828,830,825,1020,832,1193,829
797,1018,1019,1020,831,825,1017
76,77,262,251,261
262,836,252,821,251,2839
81,253,813,252,80,263
262,78,79,263,834,252
75,261,817,260,74,270
267,276,861,275,840,841
856,844,845,850,843,854
275,838,398,1022,841,843,844
842,267,840,838,845,843
841,267,316,845,847,848
839,845,840,844,841
590,1025,839,856,840,843,1022
839,850,843,841,842,847
853,851,847,1011,1012,1013
842,845,850,851,848,846,1013
842,847,316,1013,1014
850,851,855,858,1030
839,845,854,847,851,855,849
846,853,850,847,1030,849
552,856,855,859,854,1347,935
846,851,1030,1011,1031,1139
856,839,850,855,852
859,858,852,854,850,849
852,552,839,844,854,590
1037,2843,1035,858,1034,1033,1542
859,855,849,1030,857,1035,1034
855,858,852,1035,2843,1348,1347
64,65,277,267,276
276,63,838,275,62,285
11,12,166,1040,298
1041,1197,1039,1040,1484,1354
110,307,187,111,147
30,164,31,458,308
132,332,199,3,2
383,339,175,873,897,880
877,393,341,1054,1055,1056,1266,1382
585,477,411,543,533,378
468,402,533,884,443
532,485,426,90,617,888,1302
440,183,90,1092,409
1216,1051,380,867,383,384,897
883,1043,447,881,1046,1209
204,387,878,1083,1275,887,421
442,441,368,140,367
178,341,393,211,868
337,1047,208,875,387,887
905,889,906,550,1545,1546
447,881,867,175,897
880,447,448,380,874,897,1209
894,892,899,504,902,496
716,386,142,1043,874,338,176,447
433,496,585,892,870,533,1407,468
183,89,888,456,426,1084,949
904,159,299,1127,1128,134
1047,878,875,421,898
885,456,426,871,531,1302
905,879,407,506,906
91,1301,442,437,1110,1108
1524,1112,1525,1129,1128,904,1485
894,882,612,585,884,496
1844,2024,2027,1942,1938,1940
882,892,1097,1386,612,902,2780
1531,922,1834,1539,1663,2030
1441,1122,1113,1160,1158,1428,1442
873,867,880,881,380
142,1047,1207,887,421,1383
902,507,504,882,478
959,956,1143,1142,501
1827,571,1825,1662,1823,1103
507,899,882,434,894,2779,2780
1832,1534,1535,1429,2146,2145
886,159,1128,1039,1485,891
889,879,1419,1315,506,990,1450,1545
550,1115,1111,879,889,407
972,669,1121,1160,676
1152,575,1420,229,1119
671,571,1662,1830,1844,2112
379,160,412,413,414
419,1320,198,385,449
913,617,605,1416,1528,1417
617,912,532,592,958,1416
542,1396,444,644
577,1104,1090,1087,1094,1098
576,135,453,1884,1080,457
320,182,462,1412,1486,1762
100,150,148,482,84,101
1432,1173,1120,1036,1433,1540
445,335,525,503,1206
343,1205,450,939,527
416,1161,662,661,1531,895,1834
2840,88,924,87,566,926,925
928,392,923,88,927,566
2840,1124,1125,923,926,1126
87,568,923,925,1126
924,566,928,565,589
392,924,927,589,519,930
1084,392,930,949,1303,1304
929,392,928,519,1304
1084,89,88,392,234,2840
184,297,515,568,145
476,1123,572,548,407,502
1129,1656,413,1414,414,1127,1522
1347,1349,1215,552,852,2855
422,173,391,627,390,163,1288
509,1303,365,1305,1090,950,554
564,566,587,469,565
450,921,942,1192,527,1041
785,1179,1191,787,1479,508
588,1324,1189,1201,1455,1199,1456
1192,939,1350,1213,527,1459,1461
1356,1208,1046,551,1214,1355,1202
1340,1181,665,735,998,966
986,1189,1140,1200,1134,1132,1322
611,1138,401,540,1156,1155
985,1148,599,963,992
1183,1203,2845,1200,986
509,456,1084,929,885,1303
531,577,509,1090,937
135,457,423,1287,1491,2857,3009
356,466,266,397,657
622,582,652,660,619
517,547,498,957,955,497
498,956,957,954,661,1143
959,900,498,955,1143,603
954,955,661,653,497,662
593,1416,592,913,959,501
900,956,958,592,603,1109,501
371,1397,323,455,586,1406,1106
1400,2861,1917,2661,2651,2650,2607
1398,444,1402,1409,2851,1411
599,704,947,992,705
350,1150,1152,1116,626,1151,667
665,666,667,2841
2841,665,944,998,1194
1151,2841,1152,575,1194
969,668,639,620,616,607,630
968,668,346,970,1150,630
2842,630,226,1153,346,969,1154
658,675,540,669,972,1155
669,971,907,1121,1155,1156
1665,1831,1937,2113,1932,1824,2114
676,471,1162,975,679,677
1162,974,676,1113,1122,678,2844
982,980,1163,1168,1165,1175
641,660,619,680,670
680,619,615,613,981
682,684,615,681,980,983
1165,981,615,982,983,979,976
1165,980,615,523,978,680,645
983,980,976,692,1174,1175
982,980,681,979,692
646,673,687,689,674
991,625,989,992,947,1148,1204
945,1189,1200,948,2845,1199
327,97,132,989,705,992
2052,2161,2278,2270
992,985,132,987,332,991
1419,418,1317,1316,1450,1448,905
985,625,332,989,1314
989,985,963,947,705,987
156,710,133,779,994,709
133,445,993,709,1206,1177,1339
728,152,996,730,723,734
730,995,777,997,152,1004
614,730,998,777,996,1137,708
614,735,997,944,966,1194,708
193,1000,151,728,726
120,119,121,194,999,193,728
1002,683,695,732
1001,683,727,735,1181,732
753,749,812,1190,190,740
776,777,152,195,996
777,131,1135,1188,153,1137
23,156,24,779,778
1179,1187,1198,2832,2830
741,1009,1190,812,243,191
741,1008,721,191
395,819,1011,823
1010,395,1012,846,853,823,1139
1013,1014,395,1011,259,846
1014,1012,847,848,846
1013,1012,259,316,268,848
1021,1668,1666,1543,1184
818,830,823,1032,1031,1139
801,827,832,825,1018
802,803,797,832,801,1017
797,832,773,1020,1021
831,832,829,1021,1019
829,1020,773,1184,1019,1015,1668
1024,398,840,844,1025
1025,1024,1028,1026,1196,574
398,1022,274,1026,1025,1023
844,590,1022,1024,1023,1028
274,1024,1196,2827,1023,283
1028,1215,1342,1343,1544,2855
1027,1215,590,1025,1023,574,1342
1033,1032,1542,1193,1667,1668
851,853,1031,858,849,1034
1030,853,1033,1034,1139,1016,1032
1193,830,1016,1031,1033,1029
1031,1034,1032,1029,1542,857
1031,1033,858,1030,857
857,858,859,2843
919,1120,1171,452,1540,1037,1541
2843,857,1542,1541,1036,452
2843,452,1117,1349,1348
1040,298,159,863,904,1485,1484
1039,298,862,1197,166,863
137,1197,450,863,1192,939,1354
1075,1274,1276,1502,1079,1620
883,142,874,1046,1045
1214,1045,1355,1082,2846,1509
1046,1043,1207,2846,142,1044,1214
1043,1045,874,1209,943,551,1214
337,878,898,142,887,386
1232,1234,3000,1242,2875
211,65,393,342,67,66,1054
1216,1217,1051,1227,1230,1229,1231
873,1216,217,1227,384,1050
1222,1058,1362,1489,1371
309,1252,1247,1238,1224,1226
342,1049,381,1055,393,868
381,1054,1056,250,868
1055,250,868,1382,1223,1381,1364
463,237,1058,1222,427,381
1052,1222,1057,381,250,1489
461,203,318,422,391,1060
461,1059,391,1063,1292,627
1088,1062,530,528,1064,1069,1077
1088,1061,1091,1292,1064,1063
1065,461,1060,1292,1064,1062,1072
1061,1062,1063,1069,1072
1066,231,1063,461,1071,1072
231,1065,1070,336,161,1071
1077,1069,1086,1074,1075,1085
1074,1075,1274,1070,1071,1072
1064,1061,1074,1072,1077,1067
1076,336,1066,1071,1068,1274,1079
1066,1065,1070,1068,1072
1069,1074,1064,1063,1065,1068,1071
488,528,1298,1503,1077,2850
1069,1072,1068,1075,1067
1620,1085,1068,1074,1067,1042,1274
336,1070,1079,1083,301,204
1067,1069,1086,1061,528,1073,2850
1146,425,454,624,1147,1916
1076,1083,1275,1276,1070,1274,1042
648,458,916,576,460,453
1280,1391,1393,1279,1385
2846,1211,1300,1391,1508,1044,1509
1076,1079,1275,875,204
929,392,931,89,949,885
1620,1075,1067,1086,1299,1621
1067,1077,1085,2850,1299
915,1090,1094,554,1400,1306
1061,1062,1294,1494,1091,530
597,377,411,373,543
577,950,915,1087,937,554
627,390,1088,1294,1062,1292,1297
409,439,437,1301,90,485,872
1792,1147,1512,365,1643,425,2015
915,1087,1098,1100,2661,1400,2109,2110
1411,479,433,1407,584,1396,1408
1100,1107,1098,1660,1104,1661
894,1386,628,141,2780
915,1094,1104,1100,1096
1307,1404,1807,1806,321,1793
1107,1096,1098,1094,2110,2108
1104,2862,1417,1529,1660
1284,1798,1513,2791,1800,2792
1149,1825,1823,1107,2106,901,2107
577,915,1098,1660,1096,1101,2862
2206,2336,2893,2702
960,1397,1511,1309,586
1100,1096,1823,1661,1103,2108,2107
1109,92,1110,592,890,91
1108,92,592,603,959
470,92,890,442,1108
407,502,906,1115,1429,1535
1524,891,1483,1598,1485,1593,1592
896,1122,975,676,1160
647,548,1535,502,1536
550,906,1111,1429,2922,2144
964,626,668,1150
452,1038,1171,1167,1349,1438
1926,1811,1652,1918,1927,1796,2019
249,350,908,1152,229
1173,1164,919,1036,1171
1428,1160,907,972,1159,1157,1156
896,1441,1113,2844,1172,975
476,933,407,506,1315,569
925,2840,1125,480,185,234,436
306,145,1124,925,1126,185
568,145,926,925,1125
134,414,1129,934,886,1128
1129,891,1127,886,904
1656,934,1128,891,1127,1525
2050,2157,1583,1689
1523,1658,2865,2061,2063,2064
625,1313,1134,945,1322,1321
1180,1176,1148,599,1317,1445,1444,1318
625,1204,1180,1176,1132,945,1140
1005,1188,1137,708,1194,575
1556,1673,1678,1850,1681,1195,1676
1005,1135,777,997,708
946,611,401,493,610,431
1011,823,853,1031,1016
486,1200,945,1176,1134
2026,1935,1836,1665,2877,1934
408,1143,900,501,1533,1826
1142,408,661,955,956,900
477,543,1386,612,516,1308,628
644,444,1401,1788,602,1789
425,1278,589,578,519,1078,454
1792,1093,425,1078,1916,2013
985,947,1180,1133,599,1204
2025,1825,1103,2447,2449,2106,2445
350,964,346,1310,225,1116,969,668
1152,964,667,967,2841
350,964,1151,908,575,1119,967
226,970,346,245,2812
227,2808,196,970,226,2842
972,971,540,946,1156
946,401,972,1155,1157,1121
561,560,1159,1121,401,1156
1343,1442,1428,1159,1421,1424,896
1428,1158,1421,1426,1157,560,1121
1121,1428,907,676,1113,896
647,1536,416,922,662
974,975,679,678
679,678,1166,1165,523,1168,976
1173,1120,1169,1171,1166,1168
980,981,523,1163,976
1163,678,1164,1169,1168,1170
1172,1438,1170,1169,2844,1171,1117
1163,976,1166,1164,1173,1175
1164,1171,1166,1170,1167
1169,1166,1167,2844,678
452,1036,1164,1169,1120,1117,1167
2844,1122,1438,1167,1440,1441
1164,1120,919,1432,690,1168,1175
1435,692,690,982,1175
1174,982,690,976,1168,1173
1180,1133,1134,486,1140,1444
1185,1339,994,1206,1186,591
1203,1183,526,1195,1956,1958
940,785,1187,1479,1007,2832,1341,2174,2305
1204,1134,1133,1176,1148
683,685,944,1340,1002,735
1331,1330,1328,1336,1698,1718
948,1203,2845,1178,1958,2055
773,767,1543,1021,1015
591,1335,1339,1177,1332,2828,2829
1718,1328,1206,525,591,1177,1477
785,712,1179,1007,1198
1135,1005,153,197,1420,575
945,986,941,1201,1322,1199
1008,812,1003,741,740
940,787,1389,1291,1478,524,1479
942,939,1350,1041,1354,1482,1352
1668,829,831,830,1032,1029
966,998,708,1135,967,2841,575
1956,1850,1178,526,1454,1681,1136
574,1346,2827,361,1026,1023
1040,166,137,1041,863
782,783,1007,1187,712,2830
2845,986,1189,941,1324,1563
486,1140,945,948,986,1203
1189,941,1455,1319,1322,1321
551,1212,943,1219,1221,1358,1356
1183,948,1178,526,486,1200
625,1134,1180,985,1148
343,921,449,1457,1458,527,1558
445,920,525,1186,994,1177
142,898,2846,1045,1383
1356,943,1355,1505,1359,1633
874,1046,881,1212,448,551
2847,1232,1217,1231,1218
1082,2846,1279,1383,1391
448,1209,551,1202,1219
1350,942,1353,1461,1565,1464,1471
943,1046,1044,1045,1355
1027,1028,935,552,590,2855
873,1051,380,1217,1050
380,1218,1216,1050,1210,1231
1217,380,448,1219,2847,1210
448,1218,2847,1212,1202,1221
2094,2323,2093,3001,2095,2574
1358,2095,1202,1219,1233,2847,3001
1052,1058,1057,462,427,1362
1272,1265,1056,1382,1381
417,233,309,1226,1053
1226,217,1227,1237,1229,1238
1225,217,1224,1053,233,1238
217,1051,1225,1229,1050
1229,1230,1234,1239,1240,1237,1245
1237,1225,1228,1230,1227,1050
1228,1229,1050,1231,1234
1232,1234,1217,1210,1050,1230
1210,2847,1231,1234,1048,1233,3000
1221,2847,1232,3000,3001,2575
1231,1232,1228,1239,1230,1048,1242
1237,1240,1250,1249,1373,1251
1244,1239,1246,1259,1248,2930
1225,1229,1238,1228,1240,1235,1250
1053,1247,1225,1237,1226,1250
1228,1234,1242,1244,1236,1246,1245
1249,2848,1228,1237,1235,1245
1247,1250,1252,1251,1257,1269
1234,1239,1048,1244,2875
2875,2573,1248,2526,2527,2571,2572,2874
2874,1248,1236,1239,1242,2875
2848,1246,1228,1240,1239
2848,1245,1239,1236,1260,1259
1252,1053,1238,1241,1250
1244,2874,1236,2930,1243,2526,2931
1240,2848,1373,1235,1260,1374
1235,1237,1241,1247,1238,1251
1241,1250,1235,1373,1377,1269,1378
309,1053,1247,1241,1257,1255
1742,2876,1875
1257,1264,1262,1258,1255,1270
310,309,340,1252,1257,1254,1258
2077,1263,1260,1259,2292
1264,1254,1252,1241,1255,1269
178,340,1262,341,1254,1255
1260,1246,1236,2930,1256,2172,2292
1246,1259,1263,1374,1256,1249,2848
1378,1725,1264,1269,1270,1877
341,1258,1270,1267,1254,1266
1260,1374,2077,1256,1375,1273
1257,1254,1269,1261,1270
1272,1223,1721,1368,1382,1267,1878,2873
868,341,1262,1267,1382
1262,1270,1878,1266,1265,1382
1381,1600,1487,1364,1369,1733,1734
1264,1261,1257,1241,1251,1378
1262,1267,1264,1254,1878,1261,1877
1720,1376,1375,1273,1879,2080,2078
1223,1265,1600,1381,1721
1375,1271,1263,2077,2080
1068,1070,1075,1042,1079
1083,875,1079,1276,421,1277
1275,1079,1042,1502,1277,1384
1385,1384,421,1275,1276,1279
1146,425,1304,1305,519
421,1383,1211,1277,1385,1391,1081
1391,1300,1081,1393,1635,1784,1510
1895,1779,1776,1900,1896
1624,1283,1622,1636,1638,1639,1786
1384,1393,1623,1635,1636,1624,1282
1513,1405,1102,1798,1307
2849,1387,1286,2856,2857
2849,1285,2857,1287,302,205,303
423,951,2857,1286,303
936,163,1387,206,1290,390,1490
2860,2505,1611,2998,2508
1388,1609,1288,390,1490,1297,1768
787,453,459,1389,1191,1366
1091,1062,1063,1060,627
2858,2859,1766,1987,2879
1297,1295,1088,1494,1091
1495,1494,1296,1608,1294,1297,1768
1295,1608,1495,1497,1771,1770,1617
1294,1295,1091,390,1290,1768
1503,1073,488,1504,1628,1626
2850,1086,1085,1622,1780,1621,1395
1391,1280,1082,1392,1634,1784,1508
91,890,437,1092,485
531,605,617,871,888
509,937,1305,1304,949,929
1305,1303,930,519,1278,929
365,937,1303,1304,425,1643,1278
1512,2861,1400,1087,554
1405,1404,1099,1806,1798,1284
516,1144,628,586,1404,1405
1511,1106,586,1654,1404,321
345,346,1150,225
1523,1522,1414,1415,1527,1658
1427,1426,1422,1421,1425,2852
154,1314,625,1132,419,1321
154,332,1313,991,625
418,569,1419,905,1123,506
1317,990,599,418,1443,704
1133,599,1316,990,1445,1448
1445,1447,1444,1133,1451,1557
1457,449,1321,1320,1455,1201
419,911,1321,1319,449
1319,1320,1132,1322,419,1313,1201
1132,1321,945,1189,1201
1459,1461,1558,1456,1458,1460,1473
588,941,1327,1199,1563,1326
1559,1326,2863,1463,1567,1569,1562,1577
1559,1325,1563,1327,1324,1463
1324,588,1473,1326,1467,1472,1463
1718,1186,1330,591,1182
1331,1330,1713,1337,1332,1335,2834
1335,591,1328,1182,1331,1329
1182,1330,1329,1336,1337,1474
1329,1335,2834,2833,1185,2829
1693,1475,1336,1694,1702,1700
1337,1586,1715,1714,2073,2878
591,1185,1330,1329,1332
1331,1182,1698,1475,1474,1333,1700
1713,1329,1331,1474,1586,1334,1714
1657,1527,1659,1477,1719,1976
1185,1177,709,994,2828
685,674,944,1181,665
1478,1479,2305,2083,1983,1179
1027,1028,574,1343,1345
1158,1442,1424,1345,1027,1342,1544
1425,1346,1345,1422,1424
1346,574,1343,1424,1342,1344
574,1345,1196,1425,1344,361,1480
1349,1348,935,852,859
1349,1347,2843,859,1038
1347,1348,935,1439,2855,1038,1117,1440,1438
1192,942,1213,1353,1482
1353,1565,1481,1594,1566,1595,1596
1482,1481,1354,1483,1192,1598
1350,1213,1565,1351,1481,1482
1484,863,1041,1192,1352,1483
943,1214,1044,1208,1505,1509
943,1208,1202,1358,1359
2008,2093,1360,1359,2095,1358
1221,2095,1202,1356,1359,1357
1356,1208,1360,1357,1358,1633
1357,1359,1633,1632,2002,2008,2096
1486,1762,1761,1372,1362,1370
1361,1486,462,1222,1052,1370,1371
1722,1368,1599,1876,1861,1862
250,1489,1056,1381,1268,1369
1735,1370,1603,1733,1602,1736,1604
1291,1389,1882,459,1764,2086
1748,1740,1372,1604,1741,1763
1721,1265,1722,1363,1876,2873
1371,1489,1268,1733,1364,1603
1361,1372,1362,1735,1365,1371,1603
1369,1489,1052,1362,1370,1603
1761,1361,1370,1763,1735,1604,1367
1249,1235,1251,1377,1374
1260,1263,1373,1377,1249,1375,1380
1273,1271,1263,1376,1374,1380
1720,1271,1723,1379,1380,1375,1724
1251,1373,1374,1378,1379,1380
1261,1725,1251,1377,1379,1269
1376,1723,1380,1378,1725,1377
1376,1379,1374,1375,1377
1600,1268,1056,1364,1272,1223
1056,1223,868,1266,1265,1267
421,1279,1211,898,1207,2846
1385,1277,1393,1283,1276,1502,1623
1277,1384,1393,1279,1081
1097,894,1144,612,628
2849,1285,1288,206,163,2856
1609,1290,1490,1769,1890,206,1492,2859
1291,1191,1881,524,1366,1882
1766,1765,2858,3009,1491
1280,1300,1082,1081,1211,1279
1300,1634,1508,1783,1505,1898
1081,1280,1385,1384,1283,1635
1625,1774,1775,1778,1776
1506,1503,2866,2850,1627,1780,1299
914,542,444,1411,584,1095
371,960,1106,372,1645,1511
1908,1789,962,444,1402,1907
2557,2602,2641,2640
961,2861,2661,1094,1087,1306
1641,624,1145,1788,1909,1910,602
1398,1907,1410,2851,962,1519,3007
1793,1654,1514,1655,1647,1511,1794
1405,1307,586,1308,1099,321,1309
1513,1284,1404,1307,1308,628
455,597,960,323,149
514,468,884,433,1095,584
504,479,433,496,1095
478,479,1411,962,2851,1410
1519,1517,1515,1402,2851,1409,478
444,1396,1095,479,1409,962
320,1653,917,1762,489,2020
1524,1592,1525,1521,2068,2168
413,934,1526,1415,1311,1522
1589,1526,1414,1311,1527,1657
593,958,913,912,1417,1530
1528,2862,912,1416,1101,1529,1530
1826,1533,593,555,1948,1949
1315,905,990,418
908,229,575,1188,197
1159,1426,1158,1424,1312,1422
1425,1344,1312,1421,1424
1480,282,2852,2853,2854,1425
1343,1345,1158,1421,1422,1344
1346,1344,1422,1312,2852,1423,1480
1421,1159,560,1427,1312
562,513,1312,1426,2852,560
1121,1160,1159,1158,896
1115,1111,1535,2144,903,2145
2024,2112,2339,2445,1940,1662,2025
1543,1433,1540,1541,1667,1666
919,1173,690,1433,1434,1436
1543,1669,1432,919,1540,1431,1436,769
1436,1437,690,1432,1435,697
692,1174,699,697,690,1434
1437,1434,769,1432,1433
770,768,697,1436,1434,769
1172,1167,1117,1440,1349
1442,1441,1349,2855,1544,1440
1349,1438,1172,1441,1439
896,1122,1442,1439,1172,1440
1158,1343,1439,1441,896,1544
707,545,418,1316,704
1133,1318,486,1176,1557
1318,1447,1133,1317,1448
1447,1448,1450,1452,1670
1318,1445,1452,1451,1448,1446
1450,990,1447,1445,1446,1317
1454,1451,1452,1681,1672
1545,1547,1448,990,1446,905,1670
1447,1452,1318,1557,1449,1454
1453,1672,1447,1451,1446,1670,1449
1452,1672,1553,1555,1670
1195,526,1681,1449,1451,1557
1201,941,1319,1456,1457,1558
1455,941,588,1473,1558,1323
1319,449,1205,1455,1558
527,1205,1459,1558,1323
1323,1461,1458,527,942
1472,1469,1323,1461,1471,1473
1459,1323,942,1460,1471,1213
1561,2863,2845,1563,1559,1961,2055
1325,1326,1567,1467,1327
1471,1468,1565,1213,1564,1576
1571,1683,1692,1852
1567,1569,1582,1570,1571,1690,1691
1567,1463,1472,1327,1570,1470
1469,1470,1464,1471,1576,1580
1472,1460,1470,1468,1471
1469,1468,1472,1570,1572,1467,1580
1461,1460,1469,1464,1468,1213
1469,1460,1467,1327,1470,1473
1327,588,1456,1472,1460,1323
1337,1331,1336,1475,1586
1587,1586,1333,1693,1336,1474
2835,2836,1716,1717,1588,2837,2838
525,1589,1186,1718,1719,1657,1338
1479,1341,524,1191,1983
940,1179,1478,1341,1191
360,361,1423,282,1425,1346
1482,1352,1353,1351,1594,1593,1598
1481,1352,1350,1192,1353
1485,1484,1354,1352,1598,1112
863,1354,1485,1483,1039
904,1039,1484,1483,891,1112
1361,1762,462,917,1362
1600,1857,1268,1734,2867,1750
1756,1874,1873,1981
1369,1371,1058,250,1364,1052
1288,1290,1388,206
951,457,1884,1765,1390,3009
1388,206,2856,3009,2858,2859
1608,1771,1609,1890,1889,1985
1295,1495,1088,1294,530,424
1295,1494,1497,1499,424,1296
1497,1500,1499,1612,1501,1782
1499,1495,1296,1496,1500,1770
1616,1617,2860,1770,1500,1501
1497,1495,424,1496,1629,1782
1496,1497,1770,1498,1501
1612,1496,1611,2860,1500,1498
1276,1042,1384,1620,1621,1623
1506,1395,1298,1073,1626,2850
1298,1628,1773,1781,1626,1631
1355,1208,1508,1509,1783,1392,1633
1395,1503,2866,1626,1772
1896,1901,1902,1906,1903
1300,1392,1082,1505,1509
1508,1505,1044,1082,1355
1635,1636,1280,1640,1784,1785
1309,1106,1654,1645,1397,1647,1403
1306,2861,365,1093,554,2015
1405,1284,628,1102,2791,141
1403,1655,1799,1794,1754
1517,1410,1516,478,507
1517,1515,507,434,1520,2751,2754
1519,1410,1515,1516,1520
1520,1519,3007,2748,2752
1410,1517,1520,1518,1402,3007
1518,1519,1517,1516,2749,2748,2750,2751
1525,1656,1523,1522,1413,2068
1523,1311,934,1656,1414,1521
1311,1522,1131,1658,1521,2067,2068,2064
891,1112,1525,1413,1592
1524,891,1521,1656,1413,1129
412,413,1415,1589,1414,503
1657,1338,1659,1415,1311,1658,2865
2862,1417,912,605
1530,555,1417,1101,1660,1930,1828
593,555,1529,1416,1417
408,1946,661,922,895,2030
2138,2126,2142,2444,2207
1418,1826,593,1142,501
1536,416,1829,1832,903,1535
1111,1429,502,1114,1534,1536,903
647,1161,1114,416,1534,1535
1827,571,671,1835,1828,1948
1951,2026,1539,1842,2877,1950
1663,895,1950,2030,1842,1538
919,1036,1541,1433,1431
1542,1667,1037,1540,1036,1431
1667,1541,1033,1029,1037,857
1669,1433,1184,767,1015,1666,1431
1027,1343,2855,1439,1442
1547,1450,879,905,1546
1547,1551,550,879,1545,1550
1545,1450,1670,1546,1551,1553
1671,1552,1964,1968,2926,2927
1552,1551,1550,2927,2924
1546,550,1551,1549,2924
1547,1546,1550,1552,1549,1553
1551,1549,2927,1553,1555,1554,1548,1671
1453,1555,1670,1547,1551,1552
1555,1552,1671,1556,1673,1674
1453,1553,1556,1672,1552,1554
1136,1673,1672,1555,1681,1554
1444,1318,1451,486,526,1454
1205,1458,1456,1323,1455,1457
1325,1326,2863,1563,1462
2046,2244,2158,2047,2050
2863,1462,1960,2041,1961
1325,2863,1577,2041,2044,2049
1559,1326,1324,1199,2845,1462
1565,1566,1576,1574,1464,1573
1353,1351,1564,1566,1213,1464
1573,1596,1565,1564,1351
1569,1466,1467,1463,1570,1325
1573,1574,1596,2966,1685
1567,1466,1582,1577,1325
1467,1567,1470,1572,1466,1571
1570,1466,1572,1692,1691,1465,1683
1470,1570,1580,1571,1584,1683
1566,1596,1568,1574,1564
1568,1573,1564,1576,1685,1684,1584,1579
2284,2288,2291,2289
1564,1574,1464,1584,1468,1580
1569,1582,1562,1325,2044
1690,1689,1691,1692
1852,1682,1584,1683,1574,1684
1470,1572,1576,1468,1584
2045,2156,2042,2041,2049
1466,1569,1577,2044,1583,1690
1689,1690,1130,1582,2044,2157
1576,1574,1683,1579,1580,1572
1587,1693,1696,1704,1711,1856
1587,1475,1337,1474,1334,2073
1586,1475,1693,2073,1585,1856,2072
2834,1713,1714,1716,1476,2836
1415,1526,525,1477,1657,503
1975,1698,1976,1718,1719
2168,1592,1593,1594,1595,2281,2282
1413,1524,1112,2168,1591,1593
1594,1481,1112,1598,1591,1592
1351,1481,1593,1595,1591
2282,1687,1594,1351,1596,1591
1566,1573,1568,1595,1351,1687,2966,1597
1596,1687,1686,2287,2966
1483,1352,1112,1593,1481
1601,1728,1862,1727,1876,1363
1381,1268,1857,1487,1272,1721
1876,1725,1723,1724,1728,1599
1750,1747,1736,1365,1733,1734
1365,1733,1371,1370,1369
1735,1372,1367,1365,1736,1741,1744
2019,1927,1740,1763,2020,1761
1765,1764,2085,2086,1766,1987
2932,1887,2079,2088,2384,2385
1296,1295,1768,1771,1889,1493
1388,1290,1768,1890,1493,1889
637,1630,1781,1631,162
1612,1501,637,2860,1289
1630,637,1496,1501,1611,1782
1618,2864,2426,1615,2089,1619,1990,2999
2599,2179,2506,2426,1615,2993,2995
1613,2426,2993,2997,1614,2999
2998,1618,1498,1617,2860,2505,2864
1616,1498,1770,2864,1296,1771
2998,1616,2864,1613,2999
1985,2089,1613,2864,1771
1075,1085,1621,1502,1042
1622,1624,1620,1502,1085,1299,1623
1624,1621,1299,1780,1786,1282
1384,1283,1621,1624,1502
1622,1621,1623,1282,1283
1394,1774,1772,1773,162
1503,1298,1504,1772,1506,1773
1395,1780,2866,1775,1639,1786
1504,1298,1629,1782,488,1631
1782,1628,424,1499,488
1612,637,1610,1782,1631
1781,1610,1782,1628,1504,1630
1633,1360,1783,1898,2002,2000
1359,1208,1632,1360,1505,1783
1392,1300,1784,1892,1897,1785,1898
1283,1393,1280,1510,1636
1510,1635,1638,1640,1283,1282
1638,1640,1639,1777,1779,1895
1640,1636,1282,1639,1637
1775,1777,1282,1638,1637,1627,1786
1638,1636,1510,1895,1893,1637,1785
1401,624,578,602,454
1788,1789,1910,1908,1912,2009,1911
425,1305,365,1093
2189,2192,1792,2012,2014,2199
372,1648,1511,1397,1647,1650
1648,1650,1649,1652,1918,1797
1403,1511,1645,1650,1794
372,1645,1649,1650,1646
181,374,1648,372,1651,1646,1797
1652,1919,1645,1648,1647,1646,1794
312,213,181,1649,1653,1797
1919,1650,1646,1918,1118,1926
320,1412,1796,1797,489,1651,213,1795
1403,1793,1309,1511,321
1403,1514,1799,1804,1810,1793
1525,1521,1129,934,1522
1527,1338,1477,1589,1415
1523,1131,1311,1527,2865
1527,1338,2865,1972,1976,2060,2061
1661,1930,1104,1096,1101,1529
1660,1930,1823,1107,1096,1827,1828
571,909,1825,901,2025,2112,1430
1841,1838,1834,1842,1539,895
2147,2032,1840,1839,2146,1832
1831,973,1937,1846,1836,1141,1934
1668,1015,1543,1667,1431
1542,1541,1666,1431,1029,1668
1193,829,1021,1015,1666,1029,1667
1543,1433,771,769,767
1547,1450,1452,1446,1553,1453
1548,1552,1554,1674,1963,1964
1452,1453,1556,1555,1681,1449
1136,1556,1554,1677,1676,1674
1671,1554,1673,1677,1962,1963,1680
1677,1680,1678,1676,1953,2034
1678,1136,1673,1677,1675
1673,1676,1675,1680,1674
1136,1850,1676,1675,1953,2037,2038
2964,2963,2968
1675,1677,1674,2034,1962,2035,2223
1454,1195,1449,1672,1556,1136
1579,1852,129,1684
1584,1579,1571,1465,1572,1852
1685,1574,1579,1682,129
1574,1684,129,2966,1568
2283,2284,2282,1687,1597,2287
2282,1595,1596,1686,1597
2966,2287,2288,2286
1690,1578,1583,1130
1689,1578,1583,1466,1691,1582
1692,1571,1466,1690,1578
1571,1691,1465,1578
1333,1475,1696,1702,1587,1585
1974,1700,1699,1701,1702,1333
1709,1703,1973,2171
1693,1702,1704,1705,1585
1709,1708,1705,1707
1975,1590,1182,1336,1718,1700
1694,1701,1971,1703,1972,1974
1974,1694,1333,1336,1698,1975
1694,1699,1702,1705,1703,1708
1696,1693,1701,1705,1694,1333
1699,1971,1701,1708,1709,1695,1973
1711,130,1696,1705,1707,1585
1702,1701,1704,1696,1697,1708,1707
2408,2415,2985,3013
1704,1705,130,1697
1709,1697,1705,1701,1703
1697,1708,1703,1695
1978,3014,3012,3017
1712,1854,1704,130,1977,1585,1856
1711,1854,1977,1978
1329,1337,1714,2834,1588
1716,1715,1334,1337,1713,1588
1716,1714,1334,1717,2376,2878
1714,1715,1717,1476,1588
1716,1476,1715,2307,2838,2309,2376
1328,1186,1182,1477,1719,1698,1590
1718,1477,1338,1976,1590
1376,1271,1732,1731,1724,1879
1265,1368,1722,1857,1272,1600
1857,1721,1368,1363,1860,1861
1376,1379,1725,1724,1601
1723,1376,1601,1720,1730,1728,1731
1261,1378,1379,1877,1723,1876,1601
1731,1732,2869,2872,1730,1864
1728,1730,1862,1599,1864,1863
1727,1730,1601,1599,1724
1863,1867,1868,1871
1727,1728,1724,1726,1731,1864
1726,1732,1720,1724,1730
1726,1731,1720,1879,2869,2296,2870
1369,1268,1365,1603,1734,1602
1487,1268,1733,1750,1602
1370,1365,1604,1372
1602,1365,1604,1744,1747
1752,1757,1751,1760,1743
1760,1758,1759,1885
1753,1758,1743,1748,1746
1748,1367,1605,1763,1817,1927,1746,1928
1751,1743,1367,1604,1748,1744
1757,2876,1253,1759
1751,1741,1739,1748,1758,1737,1760
1747,1751,1604,1736,1741
1883,2876,1750,1747,1752,2868
1739,1748,1753,1740,1755,1928
1744,1751,1602,1750,1752,1745,1736
1740,1367,1741,1743,1739,1746
2204,2017,2205,2202,2933
1602,1747,1487,2867,1734,1745,2868
1744,1747,1743,1741,1752,1737
1747,1751,1757,1737,2876,1745
1739,1758,1746,1755,2200,2929
1799,1514,1805,1794,1919,1801
1746,1753,1928,1929,2200,1924,2201
2868,1883,1874,1859,1488,1981,1875
1742,2876,1752,1737,1760,1759
1753,1739,1760,1738,1743,2929,1885
1738,1760,1757,1742
1738,1758,1757,1737,1743,1759
1361,1372,1763,1762,2020,1605
1486,1361,917,1412,1761,2020
1761,1372,1740,1605,1367
1765,1606,459,1366,2086
1764,1606,1766,1390,1491,1884,459
1390,1765,1606,1293,2858,1987
1881,1887,1882,2086,2177,2932
1608,1295,1290,1609,1297,1889
1890,1388,2879,1986,1891,2859
1500,1497,1296,1617,1498
1296,1608,1493,1619,2864,1985,1617
1626,1506,1625,1773,1774,2866
1504,1781,162,1626,1625,1772
1625,1394,2866,1772,1775
1639,1777,1778,2866,1627,1774,1394
1779,1777,1281,1394,1778
1639,1775,1778,1779,1776,1637
1777,1775,1394,1776
1281,1895,1777,1776,1637
1622,1299,1786,1395,1627
1773,1504,162,1631,1610
1629,1628,1496,1612,1499,1630,1631
1505,1392,1633,1898,1632
1634,1300,1785,1280,1510
1634,1784,1892,1893,1640,1510
1780,1622,1282,1627,1639
1899,1893,1892,1904,1897,1902
1401,1145,1789,1642,1910
1398,1908,1788,1642,1145,444
1908,1907,1912,2010,2097,1914,2753
2009,1909,1915,2099,2183
1093,1147,2015,2013,2012,1644,2014
1403,1654,321,1099,1655,1807,1810
1514,1403,1647,1650,1919,1754
311,320,1653,213
1653,1797,489,2019,1918,1118
1653,1796,1651,1649,1918,1646
1307,1806,1102,1284,1800,618,1822
1655,1514,1754,1805,1804,1813
1102,1798,1822,2792,2797,2798
1805,1808,1811,1754,1919,1926
1921,1804,1923,1819,1925,2018,2105
1805,1808,1920,1922,1809,1815,1812
1810,1655,1799,1921,1802,1813,1819
1808,1803,1799,1754,1801,1813,1809
1307,1798,1807,1099,618
1806,1099,1820,1818,618,1810,1793
1805,1803,1816,1812,1801,1811
1805,1803,1815,1813,1921,1923
1804,1655,1807,1818,1793,1819
1926,1118,1801,1808,1927,1817,1816
1924,1920,1816,1929,1808,1803
1799,1804,1805,1809,1921
1820,1818,1821,2105,2018,2880
1803,1809,1922,2103,1923
1929,1812,1808,1817,1811
1927,1740,1811,1816,1929,1928
1820,1807,1810,2105,1819,1814
1802,1804,2105,1818,1810
618,1822,1807,1818,1814,1821
1820,1814,1822,2798,2799,2880,2882
618,1820,1798,1800,1821,2798
1661,1107,901,1827,1103
973,1932,1847,1848,1937,2135,2128
2025,1149,1103,1662,901
1418,1533,1837,1949,1142,408,1946
571,1537,901,1823,1661,1828
1537,1948,1661,1827,1529,1930,555
1832,1839,1534,416,1834,1838
671,1833,909,1933,1844,2023
1665,973,1934,1936,1941,2114
1829,1839,903,1534,2146,1664
1835,1837,671,1830,1933,1951
922,895,1663,1838,1829,416
1537,671,1833,1837,1949,1948
1846,1665,1141,2877,1841,1843
1835,1833,1826,1949,1950,1951,1946,2030
1663,1841,1834,1843,1829,1839,1840
1832,1829,1838,1840,1664
1839,1838,1664,1843,2032,2033
1663,1838,1843,1842,2877,1836
1841,1663,2877,1539,1538
1841,1838,1840,1848,2033,1836,1846
893,2024,2027,909,1830,2023,2112
1939,2130,2122,2340,2458
1836,1665,1843,1848,1937
1824,1848,2033,2136,2135
1843,2033,1846,1824,1847,1937
2036,2057,2039,2048,2052,2160
1956,1195,1136,1678,1957,2037
1964,1967,1963,2234,1962,1970
1579,1682,1683,1465
1972,1971,2060,1973,2170,2164
1712,1711,130
1977,1978,3016,2544,1856,3014
2544,2072,1587,1585,1711,1977,1855
1600,1487,1722,1721,1860,1859,2867
1874,1872,1859,1860,1861,1865
1860,1857,1874,1756,2867,1858,2868
1859,1857,1722,1861,1858
1862,1865,1722,1860,1363,1858
1599,1727,1861,1865,1863,1363
1729,1867,1862,1865,1727,1864,1870,1871
1727,1863,1730,1726,1867,2872
1861,1862,1863,1870,1858,1872
2871,2869,2872,1868
1729,1863,1864,1868,2872
1729,1867,2872,1866
1870,1871,1872,1873
1865,1863,1871,1869,1872
1870,1869,1863,1729
1873,1874,1858,1865,1870,1869
1872,1874,1488,1869
1756,1859,1872,1873,1858,1488
1981,1756,1253,2876,1883
1725,1601,1599,1363,1368,1877,2873
1270,1878,1261,1725,1876,2873
1270,1267,1877,1265,2873
1271,1720,1732,2078,2296
2364,2362,2358,2368,2367
1389,524,1767,1887,1882,1888
1366,1389,1881,1767,2086
2876,1745,2868,1756,1875
453,459,916,1491,1765,457
2929,144,1758,1738
2081,2084,1984,2395,2378
1607,2932,1888,1984,1767,1881,2079
1887,1984,524,1983,2081,1881
1608,1768,1493,1609
1769,1388,1609,1493,1891,1985
2089,1985,1890,1769,1986,2090
1897,1634,1785,1893,1787
1640,1895,1899,1787,1785,1892,1900
2000,1999,1897,1898,1904
1640,1893,1281,1779,1637,1900
1900,1899,1901,1281,1507
1892,1634,1898,1904,1787,1894
1897,1634,1783,1392,1894,2000,1632
1787,1893,1900,1902,1901,1896
1893,1899,1896,1895,1281
1899,1902,1896,1507
1905,1904,1787,1899,1901,1507,1906
382,1991,1905,1507,1906
1905,1902,1897,1787,1999,1894
1904,1902,1991,1995,1999,1906,1903
1905,1902,1507,1903
1398,1402,1908,3007,2753,1790
1398,1789,1907,1642,1912,1790
1401,1910,624,1916,1915,2009,1791
1909,1401,1788,1642,2009
2182,2183,2009,1642,1912,1914
1642,1908,1790,1911,1914
2097,1914,2185,2330,2440,2515,2514
1911,1912,2182,2097,1913,1790,2185
1916,1909,1791,2099,2012,2013
624,1909,1915,1078,1147,2013
2650,2199,961,2861,2015,2014
1652,1118,1646,1797,1796
1652,1650,1794,1754,1926,1801
1812,1924,1803,1922,2017,2204
1802,1804,1923,1813,1809
1803,1920,2103,1815,2204
2102,1925,1802,1921,1809,2103,1815
1812,1920,2201,2101,1929,1755,2017
1923,2102,1802,2018,2906,2903
1118,1811,1652,1919,1801
2019,1605,1817,1740,1811,1118
1755,1929,1817,1740,1746
1816,1812,1928,1755,1817,1924
1660,1661,1529,1828
2195,2191,2194,2518,2196,2198,2561
973,2113,2121,2028,1824,2128
1951,2026,1833,1830,1935,2023
1665,1831,1935,1141,1936
1141,2026,1934,1933,2023,1936,1938,2027
1831,1941,1934,1935,1938,1945
1665,973,1846,1848,1824
1935,2027,1936,1942,893,1945
1845,2130,2210,2129,2029
1942,893,2024,2339,2209,1430,2208
2118,2114,1831,1936,1945,1944,2119
2125,2208,1944,1945,1938,893,1940
2209,2456,2448,2451,2340
2122,2125,1945,1942,1941,2119
1944,1942,1941,1936,1938
408,1531,2030,1826,1837
2031,2148,2152,2242,2243,2923,2928
555,1418,1828,1537,1949,1835
1837,1826,1948,1835,1418
1539,2030,1837,1951,1538
2026,1538,1933,1950,1837,1833
2032,2033,2136,2150,2147,2151
1678,1675,2034,2036,2038,2039
2236,2240,2349,2351,2470,2467,2525
2038,2043,2037,1959,1957,2042
1195,1850,1178,1958,1957,2054
1956,1850,2037,1955,1959,2054
1178,1956,2055,1961,1183,2054
1960,2054,1955,1957,2042,2041
1561,2041,2054,1959,1961
2055,1958,2054,1960,1561,1462
1970,2223,1674,1963,1680,1851
1671,1964,1962,1674,1851
1967,1851,1963,1671,1548,1968
2163,2056,2342,2341,2241
2162,2234,2056,2058,1967,1968
1964,1851,2234,1966,1968
2056,2163,1966,1967,1964,1548,2926
2239,2249,2348,2240,2347
1962,2223,1851,2234,2238
1699,1703,1972,1853,1973
1659,1976,1853,1971,2060,1699,1974
1703,1971,1695,1853,2170,2171,2071
1694,1700,1699,1975,1976,1972
1698,1590,1976,1974,1700
1659,1972,1590,1975,1719,1338,1974
1711,1712,1855,1978,1856
1855,1977,1710,3014,1712
2073,2072,2544,2990,2878
2076,2083,2084,2306,2307,2838
1875,1756,1488
2079,2385,1984,2393,2395,2401
1478,1341,524,1888,2081,2076,2083
1887,1888,2081,1886,2395,2079,1982
2089,1619,1891,1890,1771,1493
1987,2879,1769,1891,1989,2090
1986,2879,1293,1766,1989,2085,1606
1989,2087,2088,2091,2322,2383
2090,2091,2087,1988,1987,2085,1986
2506,2091,1613,2426,2090,2089
1905,1995,382,1903,1996,1997
2001,2092,2486,2503,2007,2487
2000,2092,1999,1995,1997
2371,2580,2670,2613,2658,2671
1905,1991,1999,1997,1993
1991,382,1997,2006,2004
1991,1995,1996,1993,2092,2004,2486
2498,2374,2485,2491,2490
2000,1894,1905,1904,1995,1993
1993,2092,1894,1999,1898,2002,1632
2092,1992,2096,2002,2007
2000,2092,1632,2096,2001,1360
2006,2988,382,2180
2489,2006,1996,1997,2486
2487,2532,2008,2007,2093,2094
382,1996,2489,2004,2003,2988
2096,2008,1992,2487,2005,2001
1357,2093,2096,2007,2005,1360
1791,1909,1642,1911,1910,2183
2097,1790,2753,2752,2515,2986,2516
2188,2187,2098,2184,2325,2326,2328,2430
2013,1792,1644,2099,1915,2189,2190
2012,1792,1147,1916,1915
1792,1644,2199,2015,1917
1512,1093,1792,2014,1917,2861
2104,2205,2337,2206
2204,1920,1749,2101,2202,1924
1802,2105,2880,1814,1925,2903
1605,1927,1796,489,2020,1118
1605,2019,1761,1762,1412,489
2609,2447,2106,2107,2610,2654
2127,2137,2132,2212,2459,2460
1830,1844,1935,1933,2027
893,1844,2112,1430,1940
1825,1149,1662,2445,1430
1141,1935,1951,1538,1933,2877
1844,893,1938,1935,2023
2121,1932,2115,2117,2113,2123,2120
2207,2338,1939,2210,2211
1531,1946,1950,1539,895,1837
2144,2145,2923,2922,2148,1947
2147,1664,2033,1952,1840
2032,1952,1843,1848,1847,2136,1840
1953,2036,1675,1680,2035
2034,1680,2036,2254,2235,2223
1953,2034,2057,1849,2039,2035,2235
1850,1678,2038,1955,1957
2043,1955,2039,1953,1678,2037
2048,2043,2038,2036,1849,1953
2158,2051,2043,2045,2042,2046
1561,1960,2863,1562,2042,1959,1581,2049
1955,2043,1959,2041,1581,2045,2040
2048,2039,2038,1955,2042,2051,2040
1577,1582,1562,1583,2049,2157,2053
2156,1581,2042,2040,2046
2040,2045,1560,2244,2156,2158
2159,2161,2158,1560
2043,2039,1849,2159,2052,2051
2041,1581,1562,2044,2156,2053
1130,2157,2053,1560,2244
2158,2040,2043,2048,2159
2159,2048,1849,2161,988,2160,2278
2156,2244,2049,2157,2044,2050
1960,1959,1956,1957,1961,1958
1958,1961,1462,2845,1183
1968,2163,1966,2058,1965,2341
2036,1849,2235,2279,2160,2280
1966,2056,2162,2341,2347,2239
2241,2163,2243,2928,2925,2926
1972,1659,2061,1853,2164
2060,1659,2865,1131,2063,2164
2063,2070,2065,2165,2353
2065,2164,2070,2062,2061,1131,2064
1523,2067,2063,1131,2070
2063,2164,2167,2165,2170,2062
2168,2067,2281,2069,2285
1523,2068,2168,2066,2064,2070,2069
2067,1523,2168,1521,1413
2169,2285,2067,2066,2070,2353,2290
2063,2062,2064,2067,2069,2353
2170,2167,483,1973,2171
2544,1856,2073,1979,1587
2072,1979,1586,1587,1334,2878
2294,2298,2078,2354,2173,2080,2082
2304,2300,2359,2474
2084,2081,2083,1980,1983
1263,1256,2082,2292,1273,2080
2294,2296,2074,1271,2080,1879
1607,1887,1982,2385,1984
1273,2077,1271,2082,2078,2074
2076,2084,1886,1888,1983,1984
2077,2292,2080,2074,2354,2355
1341,2305,2837,2838,2076,1980,1983
2076,2081,1886,2306,2310,1980,2378
1606,2086,1989,1987,2087,2177
2085,1606,1764,1366,1882,1767,2177
1989,1988,2085,2177,2088
1607,2384,2932,2177,2087,1988,2383
1985,1619,1613,1891,2090,1990
1989,2091,2089,1891,1990,1986
2506,1990,2090,1989,1988,2322
2001,1992,2000,1993,2002,1997,2486
1357,2008,2094,1220,2005,2095
1220,2323,2093,2005,2534,2532
1221,1358,3001,1357,1220,2093
2007,2008,2002,2001,1360
2010,1790,1913,1914,2515
2182,2185,2187,2011,2183,2184
2012,1915,1791,2184,2183,2190,2327
2193,2442,2327,2325,2192,2189,2190,2328
1924,2201,2202,2017,2934
1923,1925,2336,2906,2103,2337
1922,1815,1923,2204,2102,2104,2337
2204,2205,2103,2337,2016
1818,1819,1802,2018,1814
1149,1103,2107,2021,2447
2654,2108,1107,2106,1103,2021
2654,2107,1100,2110,1107,2655
1094,2110,2655,2661,2681
1100,2108,1094,2109,2655
2134,2132,2124,2128,2135,2136
2024,1430,909,1662,1844
973,1932,2114,2028,2120
2118,1941,2113,973,1831,2120
2028,2117,2123,2338,2126,2444
2123,2121,2124,2127,2140,2141
2115,2028,2211,2338,2120,2129
2114,1941,2119,2120,2129
2122,2130,2118,1941,2129,1944
2118,2114,2028,2113,2129,2117
1932,2028,2124,2128,2123,2116
1944,2125,2130,2119,1845,2458
2116,2121,2028,2115,2126,2141
2121,2128,2132,2127,2116,2111
1942,2208,2122,1944,2458,2457
2138,2141,2115,2123,1532,2444
2132,2124,2140,2137,2022,2116
2121,2124,2135,1824,1932,2111
2211,2210,2119,2130,2118,2120,1939,2117
2122,2119,2129,1845,1939
2216,2220,2142,2214,2218
2124,2127,2134,2111,2022,2212
2153,2151,2134,2226,2212,2343
2111,2132,2212,2136,2151,2133
1824,2128,2111,2136,1847
1952,2033,1847,2135,2111,2134,2151
2127,2140,2022,2143,2460,2461,2462
2126,2141,1532,2143,2213,2142
2937,2221,2218,2938,2940
2127,2137,2116,2143,2141
2126,2138,2140,2143,2116,2123
1532,2138,2213,2214,2131
2213,2217,2137,2140,2141,2462,2138
2031,2145,1115,1429,2922
2031,2144,2146,903,1429,2148
1832,1664,2145,903,2148,2147,2152
1664,2032,1952,2150,2152,2146
2145,2146,2031,1947,2152
2155,2153,2150,2151,2152,2242
1952,2147,2149,2151,2152
2149,2150,2133,2153,1952,2136,2134
2147,2146,2150,1947,2148,2149,2242
2155,2149,2133,2151,2226
2241,2155,2342,2225,2228,2232,2226
2243,2242,2154,2241,2149,2153,2226
2045,1581,2244,2053,2046,2049
2050,1130,2044,1583,2053
2040,2051,1560,2046,2047,2159
2048,2052,2161,2047,2158,2051
2052,2278,1849,2057,2280
2159,2047,2052,988
2234,1966,2058,2247,2253,2239
2056,1968,1965,2926,2241,2059
2063,2065,2170,2060,2061,1853
2167,2065,2062,483,2166,2353
2289,483,2290,2165,2353
2071,2170,2065,2165,483
2066,2067,1592,1591,2068,2281,1413
2284,2291,2069,2285,2283,2290
2071,2167,2164,2065,1853,1973
1695,1973,2071
2292,1259,2355,2930,2931,2969
2354,2074,2295,2298,2473,2475,2293
1179,2305,2837,2835,2832
2307,2306,2309,2377,2313,2311
2394,2398,2546,2504,2393,2401
2087,2085,2932,2088,2086,1767
2500,2992,2384,2385,2393,2504,2591
2425,2427,2599,1614,2593,2322,2995
2536,2988,2989,2003,2539
2572,2574,2576,2495,2527,2323
1911,2183,1914,2098,2185
1911,2182,2009,2184,2099,1791,2098
2099,2183,2098,2011,2325,2327
2098,2182,1914,1913,2187,2440
2329,2188,2330,2511,2550,2509,2510
2188,2011,2098,2185,2329,2440
2011,2187,2329,2186,2430,2431,2432,2509
2192,1644,2012,2190,2100
2189,2012,2099,2100,2327
2195,1931,2194,2437,2435,2433
2189,1644,2199,2100,2442,2443
2442,2100,2332,2333,2434,2328,2326
2191,1931,2518,2332,2434,2433
1931,2191,2196,2437,2644
1931,2195,2561,2602,2641,2644
2557,2560,2558,2559
2561,2560,1931,2518,2556
2650,1917,2014,1644,2192,2443,2568
1755,1753,2935,2201,2929
1924,2101,2200,2935,1755,2934
2101,2017,2934,2933,1749
2702,2893,2904,2905
2017,1920,2103,1922,1749,2205,2104
2204,2104,1749,2016
2336,2337,1105,2016
2029,2338,2444,1532
2125,1942,2209,2457,1940
1940,2339,2456,2457,2208,1943,2451
2211,2129,1939,2029
2117,2338,2129,2210,2029
2132,2022,2134,2133,2343,2459,2345
2143,2217,2138,2142,2214
2142,2213,2216,2217,2131
2463,2461,2216,2219,2462,2222
2131,2220,2214,2217,2219,2215,2462
2143,2213,2462,2214,2216
2139,2221,2131,2220,2219
2222,2221,2216,2215,2218,2220
2216,2131,2218,2219
2139,2937,2222,2219,2218,2939
2219,2221,2215,2939,2463,2524
1962,1970,2254,2238,1680,2035
2945,2268,2941,2938,2946
2342,2154,2347,2341,2232
2153,2155,2133,2343,2228,2154
2346,2345,2230,2228,2233,2343
2232,2230,2343,2226,2154,2227
2236,2233,2348,2232,2230
2232,2228,2227,2233,2229
2464,2466,2525,2233,2346
2228,2230,2348,2347,2154,2229,2225
2236,2229,2230,2227,2346,2525,2231
2162,1966,1967,1851,1970,2238,2253
2036,2057,2035,2254,2279,2248
2240,2348,1954,2229,2233,2525
2259,2266,2276,2270
2253,2245,2254,2223,1970,2248,2234
1969,2249,2347,2058,2162,2247,2250
2348,2236,1954,1969,2349,2468,2249
2154,2155,2163,2059,1965,2243,2342
2155,2243,2149,2152,1947
2155,2242,1947,2241,2059,2928
2156,2053,2046,1560,2050
2238,2253,2247,2260,2248,2252,2256
2262,2255,2250,2249,2468
2245,2253,2162,2252,2239,2250
2245,2260,2279,2235,2238,2275,2254
2239,1969,2240,2468,2250,2246
2247,2252,2239,2249,2246,2255
2255,2252,2256,2263,2264,2350
2245,2247,2250,2256,2255,2251
2238,2245,2247,2162,2234
2223,2238,2035,2235,2248
2262,2246,2252,2250,2251,2263,2267
2245,2252,2251,2264,2260,2261
2274,2272,2262,2267,2349,2470
2263,2267,2350,2964,2352,2949
2967,2266,2237,2265
2245,2248,2275,2261,2256
2266,2275,2260,2256,2264,2967
2255,2246,2468,2349,2267,2257
2251,2255,2267,2350,2258
2256,2251,2261,2967,2350
2350,2968,2967,2259
2967,2259,2275,2261,2237,2276
2255,2263,2352,2272,2258,2262,2257
2945,2224,2471,2946
2958,2959,2960,2965,2271
2277,2278,2237,2276,988
2956,2957,2269,2960
2352,2267,2257,2274,2953,2943
2274,2469,2952,2953,2942,2961,2950
2469,2273,2257,2272,2470,2953
2260,2248,2266,2261,2276,2279,2277
2266,2275,2237,2277,2270
2270,2278,2276,2275,2279,2280
2052,2160,2277,2270,988,2280
2235,2248,2057,2275,2280,2277
2057,2279,2278,2160,2277
2066,2168,1591,2283,2285,2282
1595,1687,1686,1591,2283,2281
1686,2284,2281,2285,2282,2169
2169,2291,2283,1686,2287,2288,1575
2169,2069,2066,2281,2283
129,2966,1688
2288,2284,2966,1688,1686,1597
2287,2284,1575,1688
483,2166,2290,1575,2291
2289,2166,2353,2291,2169,2069
2169,2284,1575,2290,2289
2082,2077,1256,2172,1259,2355
2173,2354,2476,2969,2365,2475
2078,2296,2074,2298,2299,2301
2299,2298,2473,2359,2173,2304
2078,2294,1879,2870,2303,1732,2301
2299,2301,2300,2302
2294,2074,2299,2295,2173
2298,2295,2304,2300,2294,2301,2297
2304,2299,2075,2297
2302,2303,2294,2299,2297,2296
2301,2303,143,2297
2301,2302,2870,2296,143
2300,2299,2075,2295,2359
1341,2083,1179,2174,2837
2307,2175,2084,2310,1980,2311
2175,2306,2309,1717,2838,1980
2314,2311,2310,2315,2387,2388
2175,2307,1717,2376,2377,2496
2084,2306,2378,2315,2311,2308
2314,2308,2310,2306,2175,2313
2499,2545,2316,2313,2320,2984,2407
2175,2377,2311,2314,2499,2312,2316
2308,2311,2313,2316,2319,2387
2378,2310,2401,2395,2308,2394,2388
2312,2313,2314,2319,2320
2590,2589,2614,2587,2585
2419,2411,2403,2420,2391,2402,2406,2973
2387,2386,2314,2389,2316,2320,2382
2316,2312,2319,2382,2405,2407
2384,2383,2425,2428,2427,2500
2091,1988,2383,2425,2179,2506,2599
1220,2094,2534,2528,2576,2574,2181
2684,3003,2539,2612,2613
2100,2327,2184,2011,2328
2193,2328,2011,2434,2430,2432
2100,2325,2099,2184,2190
2193,2100,2326,2325,2011
2186,2188,2330,2187,2440
2329,2186,1913,2440,2514,2511,2553
2550,2512,2441,2510,2551,2638,2630
2520,2518,2333,2193,2434,2194
2332,2193,2442,2334,2520
2603,2443,2442,2333,2520,2604
2934,2933,2935,144
2906,2102,2337,2206,1105,2893
2336,2206,2103,2104,2102,2016
2029,2207,2117,2211,2115,2444
1430,2445,2450,2451,1940,2209
1943,2456,2457,2458,1845
2058,2347,1965,2342,2056,2225
1965,2341,2154,2225,2241
2228,2226,2133,2212,2227,2345
2346,2345,2523,2464,2459,2460
2346,2227,2343,2212,2459,2344
2227,2345,2233,2344,2231,2464
2058,2341,2348,2232,2225,2239,1969
2240,2236,2347,2232,2229,1969
2240,1954,2262,2468,2257,2470
2251,2263,2968,2265,2258,2264,2964,2967
2470,2469,1954,2467,2942,2944
2267,2272,2258,2949,2943
2070,2069,2062,2290,2166,2165
2173,2074,2082,2355,2293,2969
2354,2082,2292,2172,2969
2476,2969,2479,2526,2931
2365,2363,2359,2360,2475,2473
2362,1880,2474,2360
2295,2473,2304,2357,2360,2075,2474
2358,2474,2359,2357,2363,2362
2364,2362,2363,2369,2484,2482
2364,1880,2358,2360,2363,2361
2357,2365,2482,2360,2362,2361
1880,2362,2368,2361,2369
2357,2363,2482,2475,2476,2293,2480
2367,2372,3004,2710,2711
2372,2366,2370,2368,1880
1880,2364,2370,2367,2369
2370,2368,2364,2361,2491,2983,2484
2367,2368,2369,2372,2375,2983
1994,2580,2488,2373,2578,2658,2581
2367,2366,2711,2375,2370
2488,2371,2531,2577,2497,2578
2498,1998,2490,2581,2582,2488
2711,2372,2370,2712,2983
2496,0,2309,1717,1715,2878
2175,2313,2499,2309,2496,2501
2310,2315,1886,2084,2395
2615,2585,2549,2597,2596
2423,2502,2397,2389,2386,2390
2407,2408,3010,3013,2984
2320,2319,2389,2404,2405,2402
2384,2321,1988,2088,2425,2322
2321,2383,2088,1607,2385,2178,2500
2079,1982,2384,1607,2393,2178
2387,2319,2389,2380,2390
2319,2386,2314,2388,2390,2308
2387,2390,2394,2315,2308,2398
2397,2402,2380,2319,2386,2382
2388,2387,2386,2380,2398,2400,2502
2397,2402,2396,2318,2411
2403,2418,2420,2974
2385,1982,2178,2176,2504,2401
2176,2398,2401,2315,2388
1984,1886,2401,2315,2378,1982
2423,2397,2391,2411,2410,2422
2389,2402,2380,2396,2423,2391
2176,2394,2388,2390,2400,2546
2584,2586,2417,2422,2587,2424,2400
2584,2546,2398,2390,2424,2399,2502
2395,2315,2394,2176,2393,1982
2397,2389,2404,2406,2391,2382,2318
2420,2318,2406,2412,2418,2392
2402,2406,2382,2405,2413
2413,2416,2404,2382,2320,2407,2408
2402,2404,2403,2318,2412,2413
2381,2408,2984,2312,2320,2405
2407,2381,3013,2405,2416,2415,1706
2412,2416,2415,2418
2417,2421,2396,2411,2422,2982
2419,2318,2396,2410,2391,2982
2413,2416,2403,2406,2409,2418
2405,2416,2412,2404,2406
2981,2980,2979,2590
2408,2416,1706,2409
2413,2405,2412,2409,2408,2415
2410,2421,2589,2587,2399,2422,2981
2412,2403,2392,2409
2411,2318,2973,2982,2977,2972
2403,2318,2973,2974,2975,2392
2417,2410,2981,2982,2980
2396,2410,2417,2399,2423,2424
2502,2380,2396,2397,2424,2422
2502,2423,2399,2400,2422
2179,2427,2383,2322,2321
1613,1615,1990,2506,1614
2179,2425,2547,2428,2593,2321,2429
2547,2992,2427,2321,2500
2547,2594,2996,529,2427,2593,2598
2011,2188,2326,2432
2432,2188,2433,2435,2441,2509
2433,2434,2431,2188,2326,2430
2434,2432,2191,2194,2431,2435
2332,2193,2433,2432,2194,2326
2437,2191,2431,2433,2441,2552
2645,2649,2768,2739,2763
2195,2191,2435,2635,2552,2644
2616,2718,2517,2514,2746,2986
2558,2563,2565,3018,3021
1913,2330,2187,2185,2329
2510,2509,2435,2431,2331,2551,2552
2193,2100,2333,2334,2192,2443
2568,2199,2334,2603,2192,2442
1532,2126,2115,2338,2207
2339,1430,2025,1149,2450,2449
2453,2570,2449,2447,2608,2609
1149,2449,2021,2609,2106,2446
2452,2451,1943,600,2454
1149,2447,2446,2453,2445,2450
2451,2339,2452,2445,2453,2449
2450,2339,2452,2448,1943,2209
2448,2451,2450,2453,2454
2446,2570,2449,2450,2452,2454
2570,600,2448,2452,2453
2664,2663,2611
2209,2457,1943,2340
2458,2125,2209,2456,2208,2340
2125,2457,2122,2340,1845
2212,2022,2345,2460,2344
2459,2022,2461,2523,2137,2344
2463,2215,2462,2523,2460,2137
2217,2143,2215,2461,2216,2137
2461,2215,2464,2523,2222,2524
2463,2523,2231,2466,2344,2524,2346
2467,2466,2944,2524,2939
2231,2464,2467,2525,2524,2465
2466,2525,2465,2944,2351,1954
2240,2249,2246,2262,2349
2274,2273,2470,2351,2942
2274,2469,2351,1954,2257,2349
2959,2958,2472,2945,2268,2946
2947,2945,2471,2958,2952,2961,2948
2295,2359,2173,2475,2357
2358,2360,2075,2359
2473,2173,2365,2357,2293
2969,2356,2479,2293,2365,2480,2481
2479,2481,2494,2495,2527,2571
2481,2483,2480,2482,2484,2485
2526,2571,2476,2356,2481,2477
2365,2476,2481,2482,2478
2480,2476,2483,2478,2479,2477,2494
2365,2363,2480,2484,2361,2478
2497,2498,2481,2478,2485,2494
2369,2361,2482,2478,2485,2491
1998,2491,2498,2483,2478,2484
2503,1992,2489,2092,1997,2004
2532,2005,2007,1992,2533,2503,2537
2373,2371,2498,2497,2374,2581
2503,2486,2004,2006,2536,2988
1998,2374,2657,2582,2491,2712,2983,3005
2983,2369,2485,1998,2484,2490
2533,2537,2535,2542,2538
2984,3010,3015,2545,3011
2481,2477,2483,2497,2495,2529
2576,2181,2527,2530,2529,2494,2477
2376,0,2309,2377,2501
2498,2488,2483,2373,2494,2529,2577
2497,2488,2483,2374,1998,2485
2545,2312,2377,2313,2501
2178,2992,2428,2321,2384
2499,2545,2543,3015,2496,0,2990,2377
2423,2380,2424,2390,2400
2486,1992,2489,2536,2487,2538,2537
2546,2176,2393,2178,2591,2588
2860,1289,1616,2998
1990,2091,2426,1614,2322,2599
2592,2994,2993,2997,2508
2998,2997,2507,1289
2186,2188,2510,2441,2431
2441,2509,2331,2550,2186
2550,2186,2330,2553,2517,2555
2331,2550,2555,2628,2638,2621
2552,2551,2635,2630,2633,2631
2515,1913,2330,2517,2553,2438,2986
2097,2010,2514,1913,2986
2746,2986,2010,2748,2752,2747
2553,2514,2438,2616,2511,2555,2617
2520,2332,2556,1931,2194,2198
2562,2567,2556,2520,2604,2559
2332,2518,2556,2333,2334,2519,2604
2605,2606,2665,2607,2568,2683
2679,2652,2663,3019,3018
2463,2464,2461,2460,2344
2464,2466,2463,2222,2939,2465
2236,2233,2231,2466,2467,1954
2571,2479,2356,2931,1248,1243
2572,2181,2495,2477,1243,2571
2323,2576,2531,2530,2534,2987
2495,2530,2497,2494,2577
2495,2529,2577,2576,2531,2528
2535,2578,2373,2577,2530,2528,2987
2487,2005,2533,2094,2987,2534
2537,2492,2532,2487,2535,2987
2323,2094,2987,2532,2528
2531,2578,2987,2533,2492,2542
2489,2503,2180,2988,2538,2540,2989
2533,2492,2487,2503,2538
2540,2542,2492,2503,2537,2536
2612,2579,2324,2180,2989
2538,2542,2536,2989,2579
2581,2580,2582,2657,2671,2673
2538,2540,2658,2578,2492,2579,2535
2501,3015,2990,2544,3016
2072,1856,1855,3016,1979,2543,2990
2499,2312,2501,3015,2493,2984
2584,2400,2504,2176,2398,2588
2429,2594,2428,2992,2427,2548,2595
2547,2992,2595,2596,2591,2588
2598,2594,2597,529,2379
2511,2186,2331,2512,2555,2510
2513,2552,2441,2331,2630
2513,2551,2635,2437,2441,2435
2517,2514,2511,2330
2620,2623,2715,2716,2601,2659
2512,2550,2617,2624,2511,2517,2621
2520,2518,2519,2560,2559,2198
2197,2560,2561,2602,1399
2197,2559,2562,2563,2439
2560,2556,2197,2558,2562,2519
2557,2197,2561,2198,2559,2556
2560,2198,2557,2602,1931,2196
2567,2519,2565,2559,2558,2563
2558,2562,2565,2439
2606,2565,2682,3020,3021
2562,2567,2563,2439,2606,2564,3021
2567,2604,2603,2605,2606
2562,2519,2565,2604,2606,2566
2607,2650,2443,2199,2605,2603,2521
2653,2668,2608,2652,2669,2680
2453,2446,600,2454,2608,2611,2664
2526,2479,1243,2527,2477
2574,2181,2527,2573,1243
1243,2875,2574,2572,2575,3000
2572,2181,2573,1220,2323,2575,3001
2573,2574,3000,3001,1233
2495,2181,2323,2528,2530
2531,2373,2529,2530,2497
2531,2535,2371,2658,2542,2373
2613,2658,2542,2540,2989,2539,2612
2371,1994,2581,2541,2671
2580,2541,2374,2582,2371,2488
2541,2657,2490,2374,2581
2672,2685,2684,2745,3022
2546,2400,2399,2586,2588
2615,2614,2379,2317
2584,2399,2587,2614,2588,3002
2417,2589,2399,2586,2614,2317
2546,2584,2586,3002,2591,2548,2504,2596
2417,2587,2590,2317,2981
2317,2589,2981,2414
2178,2504,2588,2548,2992
2507,2994,2995,2996,529
2179,2427,2429,2996,2995
2429,2547,2598,2549,2597,2595
2548,2596,2547,2594,2597
2595,2548,2588,2597,2379,2615,3002
2549,2594,2379,2596,2595
2594,2549,529,2429
2179,1614,2506,2322
2716,2659,2718,2616,2617,2622
2623,2554,2693,2696,2715,2698
2557,2561,2196,1399,2641
2334,2443,2605,2568,2604,2566
2567,2519,2520,2566,2603,2334
2606,2521,2568,2603,2566
2605,2521,2567,2565,2564,2566,2682,2683
2568,2650,961,2521,2665,2651,2666
2664,2652,2570,2446,2653,2609,2569
2021,2447,2653,2608,2446,2610
2653,2668,2609,2021,2654,2667
600,2570,2664,2455
2539,2579,2613,2324
2658,2579,2612,2670,1994,2324,3003
2587,2586,2317,2615,2585,3002
2614,2585,2379,3002,2596
2438,2718,2517,2617,2600
2624,2555,2517,2616,2600,2622
2713,2692,2628,2626,2736,2627,2742
2912,2915,2913
2687,2625,2554,2623,2674,2659,2622
2692,2628,2555,2512,2624
2617,2600,2624,2625,2659,2620
2620,2554,2601,2674,2693,2714
2617,2555,2622,2621,2625,2692,2713
2676,2687,2620,2622,2624,2627,2713
2628,2636,2761,2618,2736
2742,2689,2625,2676,2713,2618
2636,2638,2512,2692,2621,2626,2618
2632,2631,2630,2637,2636,2646,2638
2331,2638,2551,2513,2629,2631
2632,2633,2629,2630,2513
2631,2633,2629,2647,2639,2646
2631,2632,2643,2644,2639,2635,2513
2647,2645,2640,2643,2639
2437,2552,2513,2644,2633
2628,2638,2626,2637,2629,2761
2629,2636,2646,2767,2761
2628,2636,2331,2630,2512,2629
2632,2647,2633,2643,2634
2634,2643,2641,1399
2644,2643,2602,2196,2640,1399
2768,2649,2648,2646,2764,2767
2644,2641,2633,2639,2634,2640
2643,2641,2195,2437,2633,2635,2196
2634,2647,2436,2649,2648
2637,2629,2767,2632,2647,2648,2642
2634,2645,2632,2639,2646,2648
2645,2647,2646,2642,2649
2768,2642,2436,2645,2648
1917,2199,2568,2607,961
2661,961,2681,2607,2666
2663,2664,2608,2679,2522,2569,2680
2608,2609,2610,2668,2569
2107,2108,2655,2610,2021,2667
2108,2654,2110,2109,2667,2681
2666,2665,2667,2668,2669,2683
2673,2691,2582,2541,2490,3005
2371,2578,2542,2613,2579,1994
2716,2600,2620,2622,2554
2738,2729,2913,2757
1094,1400,961,2651,2681,2109
3019,2679,2669,2680,2682,3020
2652,2664,2455,2522
2652,2663,2608,2611,2570,2455
2521,2607,2666,2683,2656
2681,2667,2665,2607,2656,2651
2681,2666,2654,2655,2656,2668,2610
2653,2610,2569,2669,2667,2656
2662,2680,2569,2668,2656,2682,2683
1994,2613,2684,2685,2671,3003
2580,2541,2672,2673,1994,2670,2685
2685,2583,2671,2673,2691,3022
2691,2657,2671,2672,2541
2620,2623,2687,2714,2677,2675
2703,2677,2688,2674,2687,2676
2689,2688,2625,2687,2627,2675
2703,2675,2674,2714,2701,2783,2695
2700,2911,2704,2918,2912
2662,3019,2522,2652,2680
2669,2662,2652,2679,2569
2651,2661,2666,2667,2109,2655
2606,2564,2683,2662,3020,2669
2665,2521,2656,2606,2682,2669
2324,3003,2670,2685,2583
2672,2583,2670,2684,2671
2691,2744,126,2690,2745,3022
2676,2625,2620,2674,2675
2689,2676,2703,2675,2706,2707,2730
2676,2688,2742,2627,2732,2730
126,2686,2744,2709
2673,2657,2686,2744,2672,2710,3005,3022
2628,2621,2713,2618,2624
2623,2601,2714,2696,2701,2727
2699,2781,2902,2756,2909
2706,2703,2677,2783,2915,2729,2918
2698,2699,2902,2727,2693,2601
2720,2717,2698,2722,2723,2725
2699,2696,2717,2697,2601,2715,2723
2723,2726,2694,2781,2698,2696,2902
2783,2701,2678,2911,2918,2793,2910
2783,2677,2693,2727,2714,2700,2793
2893,1105,2203
2675,2677,2688,2706,2695
2911,2678,2910,2728,2921
2806,2908,2757,2805
2703,2695,2688,2707,2914,2729
2706,2688,2914,2734,2730,2733
3006,2742,2736,2743,2762
2744,3004,126,2690
3004,2366,2691,3005,2744,2711
2372,2375,2712,3005,2366,2710
2490,2983,2711,3005,2375
2618,2692,2627,2625,2624
2674,2677,2623,2693,2701
2554,2716,2601,2698,2717,2721
2659,2600,2718,2715,2554,2721
2720,2697,2698,2715,2721
2616,2438,2716,2600,2721,2769,2746
2750,2749,2769,2721,2722,2720,2747
2697,2717,2722,2721,2719
2716,2715,2718,2769,2719,2720,2717
2720,2697,2719,2725,2773,2750,2751,2771
2725,2726,2699,2697,2698
2726,2725,2787,2774,2773
2723,2726,2722,2773,2697,2724
2723,2725,2699,2724,2787,2781,2789
2696,2902,2701,2693,2793
2917,2919,2921,2704
2914,2706,2660,2738,2913,2695,2915
2732,2733,2688,2707,2689
2735,3006,2765,2762,2759,2766
2689,2742,2730,2733,3006,2735
2732,2730,2740,2734,2707,2735
2707,2914,2740,2733,2738,2908
2731,3006,2740,2741,2733,2732,2759
2743,2761,2626,2618,2708,2742
2760,2794,2758,2763,2785
2660,2729,2757,2908,2914,2734
2758,2763,2768,2436,2765
2733,2734,2741,2735,2908,2806,2804
2740,2735,2759,2760,2803,2804
2627,2689,2732,3006,2708,2618,2736
2761,2736,2767,2708,2762,2764
2691,2686,2690,2710,2709,3004
2583,3022,126,2686
2986,2516,2438,2718,2747,2769
2746,2769,2516,2748,2719,2749
2516,2752,1520,2749,2747,1518
1520,2748,2750,2719,2747
1520,2751,2719,2749,2722
2750,1520,1516,2754,2771,2722
3007,2753,2010,2748,2516,1518
3007,2752,1907,2010,1790
2751,1516,2776,2771,434,2778,2777
2786,2775,2889,3008,2788,2800,2799
2909,2917,2921,2694,2902,2793,2910
2738,2660,2705,2908
2739,2763,2760,2737,2766,2765
2766,2760,2731,2735,2741
2766,2759,2737,2794,2741,2758,2803
2636,2626,2743,2736,2767,2637
2708,2743,2765,2731,3006,2764
2739,2758,2436,2737
2642,2767,2743,2762,2768,2765
2762,2731,2764,2766,2758,2739,2768
2759,2760,2758,2765,2731
2637,2646,2743,2761,2764,2642
2649,2642,2739,2436,2764,2765
2721,2718,2719,2746,2747
2791,2792,2777,2778,2796
2754,2776,2751,2774,2773,2722
2776,2777,2775,2774,2786,2796
2725,2722,2771,2774,2724
2771,2773,2787,2724,2772,2775,2776
2786,2755,2772,2774,2788,2787
2754,2771,2772,2777,2774
2778,2754,2770,2772,2776,2796
434,2779,2791,2777,2754,2770
141,2780,434,2778,2791,902
141,2779,894,1097,902
2694,2699,2909,2901,2726,2789
2895,3008,2900,2901,2789
2701,2677,2695,2700,2918
2795,2801,2804,2805
2795,2794,2737,2802,127
2755,2775,2772,2796,2797,2800
2726,2724,2774,2788,2775,2789
2787,2775,2755,3008,2789
2726,2781,2782,2901,3008,2788,2787
2892,2895,2887,2889,3008
2792,2770,1513,1102,2778,2779,141
2791,2770,2797,2796,1102,1800
2756,2902,2727,2910,2701,2700
2737,2760,2795,2785,2803
2801,2802,2785,2794,2803,2804,2784
2797,2792,2777,2770,2786,2772
2796,2792,2786,1800,2798,2800
1822,1821,2800,2799,1800,2797
2800,2798,2882,2883,1821,2889,2755
2798,2799,2755,2786,2797
2795,2802,127,2784
2795,2801,127,2785
2804,2795,2760,2741,2794
2806,2740,2803,2795,2741,2784,2805
2806,2705,2784,2804
2705,2908,2740,2804,2805
153,197,3,4,5,2809
16,227,15,14,1154,2812,226
2807,5,6,229,197
243,812,223,112,111,2811
114,224,2810,112,191,243,113
2808,14,13,1153,245,226
7,8,229,249
2815,256,351,247,22,21
2814,256,22,24,257,248,23
68,278,70,269,69,259,268
265,355,271,2818,30,29
271,2817,30,32,272,266,31
2823,56,57,284,274,58,283
359,286,2821,280,38,37
2820,286,38,40,287,281,39
2824,50,51,290,282,52,289
56,55,2819,291,2827,283
50,2822,49,289,294
295,364,46,45,2826,47,293
48,294,2825,295,47,559
291,2823,1196,361,1026,283
779,155,709,783,2829,1339,1185
783,2828,2830,1185,1332,2833
1198,783,2829,2831,2832,1007,2833
2835,2832,2830,2833,2836
1179,1007,2831,2835,2830,2174
2834,1332,2829,2836,2831,2830
2833,1332,1713,1588,2836,1329
1476,2836,2831,2832,2837,2174
1476,2835,2833,2834,2831,1588
2838,2083,2305,2174,2835,1476
2837,2083,1717,2307,1980,1476
813,805,252,821,827,834
923,88,925,1124,931,234
967,1151,966,665,667,965,1194
970,630,464,196,639,1154
452,1038,1037,857,1035,1348,859
1122,1172,1170,1167,975,678
948,1183,1199,986,1462,1563,2055
1082,1211,1207,1045,1383,1044
1210,1232,1219,1218,1221,1233
1249,1240,1245,1246,1260
1285,1387,1286,389,302,163
1086,1077,1073,1299,1503,1395
1410,1402,962,1409
2853,1423,513,1425,1312,1427
2852,1423,559,294,513,289,2854
282,1423,2853,289
1349,1439,1215,935,1544,1027
2857,3009,1387,1285,1492,206
1286,1287,951,3009,2856,1285
1390,3009,1293,2859,1492,1766
2858,1293,1492,1388,2879,1769
2505,1289,1498,1616,1611,1501
961,1400,1306,1512,1917,2015
1528,1417,1104,1101,577,605
1325,1559,1561,1462,1562,2041
1618,1613,1619,1617,1616,1771
1659,1527,1658,1131,2061
1506,1395,1774,1772,1775,1627
1487,1750,2868,1857,1859
1750,2867,1756,1883,1745,1859
2871,1866,1726,2872,1732,2870
2296,2303,2871,143,2869,1732
1866,2869,2870,143
1726,2869,1864,1868,1867,1866
1876,1368,1877,1265,1878
1244,1248,2875,1243
1243,2573,1242,1048,2874,1244,3000
1742,1757,1883,1745,1752,1253,1875
1836,1141,1842,1841,2026,1538
1334,2073,2990,1979,2376,1715,0
1987,1986,1769,1293,2859
2018,1814,1821,2881,2886,2882,2903
2880,2886,2882,2883
2883,2799,1821,2880,2881
2887,2884,2882,2799,2889,2886,2881
2890,2887,2883,2886,2894,2891
2891,2898,2905
2881,2880,2884,2883,2894,2896,2903
2890,2884,2892,2883,2790,2889
2898,2897,2907
2755,3008,2883,2799,2887,2790
2887,2884,2892,2891,2897
2884,2894,2890,2905,2898,2897,2885
2887,2890,2790,2895,2899,2897
1105,2336,2702,2906,2896,2203,2904
2884,2891,2905,2886,2896,2904
2782,3008,2790,2892,2900,2916,2899
2903,2906,2893,2904,2894,2886
2898,2888,2907,2891,2892,2890,2899
2888,2897,2891,2885
2916,2895,2892,2907,375,2897
2895,2916,2901,2782,2920
2909,2781,2920,2900,2782,2789
2696,2727,2699,2694,2756,2793
2896,2906,2880,2018,1925,2886
2893,2896,2905,2894,2203
2891,2894,2904,2885,2203
2896,2903,2336,2102,2893,1925
2888,2897,2899,375
2705,2806,2757,2740,2738,2734
2917,2756,2781,2901,2920,2694
2704,2911,2793,2756,2700,2921
2678,2700,2704,2910
2619,2915,2918,2678
2660,2729,2915,2619
2707,2734,2706,2729,2738
2912,2619,2918,2695,2729,2913
2900,2895,2899,375,2919,2917,2920
2909,2756,2921,2728,2919,2916,2920
2912,2915,2678,2700,2695,2783
2728,2917,2916,375
2901,2909,2900,2917,2916
2756,2917,2910,2728,2704
1115,550,2924,2923,2031,2144
2922,2031,2924,1947,2928,2925
550,2922,1549,1550,2923,2927,2925
2926,2927,2924,2923,2928,2059
2927,2925,1968,1548,2163,2059
1549,1552,2926,2925,2924,1548
2243,2059,1947,2923,2925
1885,144,1753,1758,2200,2935
1259,1236,1248,2931,2172
2930,2172,2969,2356,2526,1248
1607,1887,2088,2177,1767
2934,2335,2202,1749
2335,2933,2935,2202,2101,2201
2335,2934,2200,2201,2929,144
2937,2940,2939,2942,2950,2951
2139,2221,2940,2936,2939
2941,2940,2139,2224
2942,2944,2222,2221,2937,2524,2936,2465
2937,2936,2941,2951,2938,2139
2951,2940,2938,2224,2945,2947
2944,2939,2469,2351,2936,2950,2273
2962,2954,2352,2272,2949,2953
2942,2939,2467,2465,2351
2472,2947,2224,2268,2471,2941
2959,2471,2268,2224,128
2472,2945,2950,2961,2941,2951
2956,2954,2472,2958,2960,2952
2963,2964,2258,2352,2943,2962,2955
2947,2961,2942,2936,2273,2951
2941,2940,2947,2950,2936
2472,2961,2273,2953,2954,2948
2273,2952,2272,2274,2954,2943
2956,2948,2962,2943,2952,2953
2949,2962,2957,2963
2954,2948,2962,2957,2960,2271
2962,2956,2271,2955
2471,2959,2472,2948,2269,2960
2471,2958,2946,2269,128,2965
2948,2956,2958,2269,2271
2472,2952,2950,2947,2273
2943,2954,2956,2957,2949,2955
2949,2964,1679,2955
2350,2258,2949,2963,1679,2968
2269,2959,128
1685,129,1688,2287,1596,1568,2286,1597
2259,2266,2261,2264,2350,2265
2350,2265,2964,1679
2476,2356,2172,2931,2354,2355,2293
2972,2975,2976,2974,125
2978,2976,125,2979
2977,2419,2975,2970,2973,2976,2978
2420,2318,2419,2972,2975
2420,2975,2392,2970
2420,2974,2972,2970,2973
2971,2978,2972,2970,125
2980,2982,2419,2972,2978,2979
2971,2976,2977,2972,2979
2980,2414,2977,2978,2971
2977,2982,2414,2981,2979,2421
2417,2421,2414,2980,2589,2590
2977,2980,2411,2419,2410,2421
2491,2369,2370,2490,2712,2375
2493,3010,2407,2312,2545,2381
3013,3010,3017,1706,3012
2746,2516,2010,2514,2515,2438
2534,2532,2535,2531,2528,2533
2006,2003,2180,2536,2489
2536,2180,2540,2579,2539
2878,1979,2501,0,2543,2544
3017,3011,3016,3015,3014
2547,2428,2500,2178,2548,2591
1615,2997,2994,2507,2995,1614
2592,2507,2993,2995
2994,2592,2993,2593,2179,2996,1614
2429,529,2593,2592,2995
2998,2999,1615,2993,2508,2507
1616,1618,2999,2997,2508,2505,1289
2998,2997,1613,1615,1618
1232,1233,1048,2575,2573,2875
1221,2095,1220,1233,2574,2575
2588,2586,2614,2615,2596
2324,2684,2613,2670
2366,2710,2744,2709
2711,2712,2490,2691,2710,2657
2735,2731,2742,2732,2708,2762
2752,2753,1519,1518,1907,1402
2895,2782,2789,2755,2889,2788,2790
1390,2858,2857,2856,1491,1492,951
2984,2493,2381,3013,3011,2985,3017
3017,2991,3010,2493,3015
1710,3017,2985
2381,3010,2408,2985,1706
1978,1710,3017,2991,3016,1855
2501,2543,2493,2545,3016,2991,3011
1855,2544,2991,3015,2543,3014
3011,2991,3014,1710,3012,3010,2985
3020,3019,3021,2439,2522
2662,2679,3020,3018,2522
3018,3019,2662,2682,2564,3021
3018,2439,2565,2564,3020
2583,2745,2672,2686,2691
