4750, 4677, 4747
9, 1410, 485
506, 6, 486
396, 261, 883
304, 49, 47
1409, 9, 25
2, 693, 48
1998, 1545, 11
697, 696, 28
5, 1, 258
505, 503, 47
5490, 1410, 7
1816, 2127, 2138
484, 483, 685
5479, 1996, 5475
590, 22, 307
1714, 479, 309
18, 24, 5478
445, 17, 650
324, 307, 90
691, 1151, 1324
650, 26, 125
63, 15, 5478
261, 254, 484
2293, 17, 446
821, 259, 5
590, 21, 5478
309, 65, 1415
5495, 8, 56
2239, 308, 590
549, 703, 550
315, 42, 488
61, 785, 126
597, 535, 401
5511, 524, 133
507, 597, 315
124, 5505, 553
591, 663, 133
44, 534, 5495
340, 766, 769
575, 538, 717
2104, 907, 335
766, 31, 908
5514, 5513, 567
46, 779, 38
696, 392, 53
522, 536, 44
10, 1999, 4
6, 504, 5489
4, 321, 505
508, 549, 704
265, 1719, 607
705, 766, 5501
45, 1412, 56
519, 695, 520
2790, 2570, 2189
53, 1411, 28
189, 1717, 5481
448, 697, 519
401, 487, 317
2757, 2756, 402
566, 32, 552
91, 1415, 385
90, 22, 5477
1415, 1416, 2066
385, 27, 479
5476, 5475, 73
816, 323, 2067
75, 660, 73
252, 257, 5487
1961, 81, 1722
689, 5488, 266
5480, 5479, 5476
1721, 68, 66
5486, 444, 393
390, 658, 68
1858, 2623, 2893
83, 79, 295
645, 79, 83
1722, 77, 78
1542, 1541, 83
70, 299, 1721
86, 87, 646
77, 80, 78
2068, 963, 1829
1393, 269, 121
101, 1395, 82
82, 1400, 1398
295, 389, 5475
1043, 1083, 256
5486, 19, 63
266, 1416, 62
121, 104, 328
1540, 1539, 1396
1131, 630, 1401
96, 1540, 1320
293, 1539, 95
98, 1419, 120
1420, 97, 270
102, 1538, 375
1420, 1224, 938
381, 1540, 86
1537, 99, 122
406, 330, 329
92, 1539, 378
1419, 268, 377
940, 802, 943
1420, 109, 332
1904, 857, 931
601, 107, 602
1224, 1418, 1818
1024, 990, 799
5483, 651, 118
120, 1538, 1537
1718, 1717, 606
723, 334, 273
122, 1571, 439
600, 329, 405
112, 599, 405
1403, 725, 943
113, 97, 1985
92, 85, 1396
330, 102, 116
1940, 986, 1223
144, 5506, 36
21, 308, 648
564, 5501, 32
2166, 5584, 1909
572, 253, 574
627, 565, 274
407, 133, 592
5508, 558, 150
793, 975, 702
37, 130, 34
5508, 279, 142
765, 345, 5513
592, 665, 338
790, 925, 791
627, 316, 537
1443, 2266, 1453
1269, 1927, 5546
343, 144, 276
134, 145, 5499
5506, 1421, 152
1421, 124, 141
142, 168, 5500
493, 918, 682
344, 351, 571
560, 151, 542
2237, 1125, 1127
131, 351, 670
526, 148, 5500
143, 833, 409
701, 973, 694
567, 345, 666
707, 706, 185
1712, 185, 358
5500, 1424, 350
561, 161, 1711
2231, 2273, 3257
758, 1424, 1423
158, 349, 1709
166, 912, 675
428, 166, 672
2084, 548, 1710
186, 759, 1423
162, 559, 163
674, 1710, 1709
278, 1424, 145
545, 423, 170
5493, 169, 175
1736, 425, 358
181, 5494, 494
783, 179, 176
347, 961, 398
5494, 170, 182
698, 173, 699
2084, 674, 412
1565, 224, 348
173, 461, 1664
1423, 1726, 914
512, 530, 172
184, 175, 424
2804, 3547, 1059
466, 182, 426
789, 156, 155
278, 352, 165
1663, 531, 250
193, 201, 359
1569, 57, 1570
211, 429, 604
211, 294, 199
429, 213, 603
188, 195, 1604
247, 625, 952
474, 193, 1611
359, 586, 213
473, 213, 1610
201, 237, 216
191, 1609, 475
1570, 435, 294
188, 198, 364
365, 204, 873
217, 5484, 5483
869, 202, 743
873, 599, 651
870, 1757, 1146
374, 477, 1613
640, 634, 855
1747, 1146, 867
1165, 983, 1863
191, 190, 286
855, 980, 926
192, 197, 196
642, 927, 644
1185, 1220, 1075
198, 363, 584
405, 1572, 203
225, 616, 222
1659, 517, 221
618, 369, 463
1617, 219, 238
617, 463, 218
515, 370, 1660
356, 178, 355
218, 1656, 1655
422, 415, 531
229, 1656, 463
783, 1566, 417
1661, 516, 227
291, 1618, 1617
616, 250, 415
241, 954, 236
246, 1619, 501
1824, 1823, 235
955, 234, 639
232, 1621, 292
1604, 1603, 198
221, 240, 1426
249, 1621, 502
354, 238, 242
243, 1823, 232
517, 620, 240
654, 241, 244
243, 368, 741
499, 954, 1620
1603, 233, 363
877, 634, 194
617, 616, 3272
1618, 292, 239
187, 231, 1655
1850, 774, 1050
442, 5480, 69
128, 5506, 540
23, 686, 384
320, 1411, 1412
1031, 89, 1403
69, 326, 267
383, 882, 9
820, 301, 25
311, 3029, 1827
3, 23, 306
2152, 2145, 2127
340, 767, 339
1560, 904, 2565
51, 521, 1411
91, 71, 892
893, 452, 257
105, 271, 1417
655, 1395, 85
1537, 602, 98
840, 797, 268
285, 366, 437
115, 930, 934
664, 129, 400
1556, 1046, 2164
553, 666, 141
1727, 2080, 336
279, 186, 168
670, 278, 134
928, 859, 2598
358, 675, 609
1824, 953, 501
866, 871, 868
926, 1863, 981
1717, 605, 272
606, 211, 362
744, 811, 815
955, 952, 583
464, 370, 369
1782, 354, 420
368, 230, 1426
368, 236, 249
96, 379, 1987
200, 191, 1569
88, 1543, 77
687, 686, 383
489, 689, 385
1542, 1543, 2376
390, 81, 889
1416, 831, 678
1974, 1972, 259
2111, 1247, 910
1409, 1548, 1410
1551, 4, 881
650, 306, 445
305, 649, 261
19, 394, 15
818, 125, 29
27, 1713, 16
1830, 2348, 963
1808, 260, 749
749, 821, 883
400, 5503, 314
2104, 313, 339
35, 2553, 31
591, 138, 595
455, 456, 59
456, 2557, 401
1414, 904, 838
255, 1046, 1719
49, 1550, 1549
392, 1550, 1244
1714, 1713, 67
393, 588, 19
660, 326, 5480
325, 659, 257
939, 803, 941
797, 92, 1417
439, 117, 103
103, 602, 122
635, 722, 334
636, 939, 107
5482, 366, 651
762, 115, 331
2070, 664, 41
345, 1741, 277
1773, 982, 1778
408, 407, 136
263, 314, 5502
551, 39, 263
343, 1729, 885
2362, 2088, 413
346, 341, 141
409, 668, 147
135, 336, 154
343, 666, 2080
174, 2499, 2466
845, 631, 178
777, 161, 961
157, 753, 672
147, 410, 150
669, 186, 670
2602, 1226, 2600
1425, 240, 290
1566, 529, 224
494, 916, 224
2435, 2087, 457
281, 171, 156
1611, 188, 196
603, 2234, 2236
1121, 5541, 1834
286, 604, 950
953, 216, 246
201, 584, 644
366, 652, 202
365, 333, 272
741, 1425, 1200
291, 244, 292
1661, 220, 289
223, 289, 620
919, 5545, 684
1606, 434, 1604
1198, 1216, 1321
5481, 207, 1390
1571, 99, 1380
1376, 1428, 1571
1985, 105, 1986
1987, 1986, 104
293, 1976, 1449
1985, 1442, 1441
1994, 101, 1541
1995, 1994, 1542
258, 5489, 296
254, 687, 483
65, 297, 62
1325, 683, 1322
1810, 1829, 761
761, 831, 893
88, 1722, 1721
299, 828, 75
1554, 1550, 1551
322, 45, 1549
74, 1714, 324
588, 763, 307
649, 626, 883
686, 3, 882
1820, 1007, 2163
1750, 174, 1736
5542, 862, 1834
523, 313, 274
59, 318, 33
5574, 60, 5560
1820, 775, 1054
2969, 2966, 2967
118, 117, 217
600, 635, 103
130, 338, 577
338, 765, 5512
152, 344, 540
668, 756, 351
2437, 2089, 1726
2085, 177, 492
2410, 342, 1765
745, 1200, 959
226, 462, 231
3270, 738, 3266
421, 461, 228
3547, 3546, 421
928, 813, 944
290, 620, 619
418, 417, 613
461, 614, 226
465, 424, 169
423, 917, 182
561, 171, 961
184, 2100, 915
776, 2488, 2432
163, 457, 912
192, 190, 475
863, 860, 2233
690, 850, 1103
1601, 470, 1618
1071, 1372, 1377
372, 471, 1603
1609, 200, 1567
1515, 1568, 1609
5481, 272, 438
5482, 477, 437
116, 1572, 329
477, 5484, 2002
681, 1057, 2604
5479, 252, 2819
2294, 493, 5545
681, 679, 74
18, 305, 484
2294, 24, 685
520, 1549, 448
696, 58, 447
452, 5488, 5487
2218, 2290, 490
659, 888, 893
449, 267, 892
2001, 2974, 2967
2117, 627, 664
5497, 1720, 317
317, 2108, 318
428, 753, 357
671, 2488, 1750
622, 2955, 2706
2466, 1766, 1725
417, 422, 179
614, 615, 415
222, 220, 227
618, 637, 289
423, 676, 755
5494, 184, 916
932, 1267, 1204
1658, 496, 1656
1371, 1361, 1381
432, 497, 1617
1619, 434, 1502
1580, 1574, 1619
197, 1612, 1611
476, 1606, 195
199, 1610, 429
474, 1612, 1605
438, 440, 207
2004, 2003, 1472
65, 16, 679
5488, 2290, 5487
1924, 5485, 1926
679, 2604, 489
384, 918, 13
23, 13, 445
5489, 1, 486
485, 5490, 2
59, 535, 533
704, 31, 705
688, 297, 482
688, 450, 689
2524, 2705, 2707
1725, 969, 412
146, 443, 685
172, 356, 782
1509, 1576, 1486
468, 513, 1655
1659, 470, 1615
1600, 1616, 1659
245, 1622, 1621
502, 1602, 1601
233, 1620, 282
500, 239, 1622
10, 5492, 5491
970, 687, 48
10, 49, 520
692, 2, 5492
550, 35, 704
705, 564, 50
1289, 1301, 1315
527, 528, 1710
1583, 514, 1623
698, 539, 181
1663, 496, 1627
511, 1624, 1663
223, 1662, 1661
518, 1658, 229
219, 1660, 242
516, 1662, 1657
58, 920, 54
447, 54, 505
5495, 265, 522
521, 5496, 46
400, 565, 563
716, 34, 717
2662, 1367, 2663
151, 672, 788
546, 1671, 510
543, 1709, 510
355, 783, 782
2015, 5493, 181
187, 1664, 226
699, 1583, 539
487, 5498, 5497
972, 697, 38
487, 33, 550
700, 46, 5498
576, 138, 538
716, 40, 537
512, 532, 2011
253, 409, 571
1132, 2031, 1678
706, 712, 148
1711, 528, 1669
786, 1666, 1711
676, 169, 548
547, 527, 548
5493, 1685, 546
546, 164, 545
50, 922, 30
507, 30, 535
5501, 340, 552
551, 5502, 61
276, 36, 5510
2939, 1668, 711
2006, 624, 1583
575, 715, 576
2035, 2039, 1678
711, 710, 131
166, 789, 788
2039, 5499, 148
158, 1712, 425
707, 1369, 712
523, 5504, 5503
974, 508, 126
523, 129, 576
708, 61, 5504
5510, 43, 154
718, 1114, 1017
717, 582, 924
1072, 582, 578
540, 147, 710
5569, 5505, 128
5507, 5516, 5508
710, 1668, 128
40, 790, 556
537, 556, 565
5511, 407, 5512
1108, 570, 580
2826, 1668, 2830
578, 5512, 5513
1114, 978, 5565
569, 5511, 570
642, 584, 288
216, 583, 364
927, 1126, 643
1852, 1851, 196
1713, 2066, 2415
324, 816, 394
763, 2240, 1788
29, 26, 15
716, 316, 37
130, 752, 136
767, 772, 628
2070, 2118, 2117
663, 316, 2113
1556, 2108, 836
35, 33, 2555
1560, 3709, 770
118, 205, 726
117, 722, 406
629, 109, 635
109, 270, 330
192, 1851, 360
190, 2236, 362
652, 285, 1718
114, 1569, 286
5496, 51, 1720
1287, 967, 1046
610, 1736, 281
609, 912, 671
2276, 2183, 2539
2070, 2109, 2128
1565, 632, 421
422, 3546, 462
3276, 3272, 462
248, 218, 231
222, 248, 738
220, 732, 464
637, 653, 420
420, 242, 370
2147, 1861, 1225
2427, 2101, 459
1673, 2010, 2013
787, 555, 2007
194, 640, 642
748, 1808, 395
129, 454, 138
835, 2104, 593
601, 723, 636
1393, 797, 94
1775, 680, 348
613, 680, 1059
2602, 859, 2750
208, 247, 854
406, 331, 601
729, 332, 629
464, 733, 619
1023, 653, 1076
235, 814, 952
208, 1124, 625
1124, 1021, 1126
625, 214, 583
1020, 1852, 585
214, 1852, 364
646, 1398, 78
82, 645, 1541
1807, 794, 1808
661, 649, 125
648, 395, 306
305, 18, 21
112, 333, 205
605, 742, 365
638, 896, 619
746, 815, 243
1400, 269, 1241
2866, 1043, 1129
2620, 760, 2621
677, 659, 75
658, 451, 326
325, 5476, 68
748, 648, 818
1827, 1407, 820
2138, 37, 595
454, 274, 335
750, 136, 2153
346, 276, 154
1146, 1849, 1088
344, 1724, 410
352, 756, 757
352, 279, 150
458, 610, 2087
350, 163, 526
2588, 2587, 1201
177, 167, 777
789, 162, 281
545, 2084, 465
760, 658, 828
830, 891, 300
482, 479, 444
632, 631, 2091
444, 2291, 441
146, 971, 684
1303, 2218, 386
682, 850, 371
493, 446, 13
254, 396, 296
296, 504, 384
489, 1322, 490
490, 71, 297
1179, 919, 431
1914, 1260, 20
693, 506, 1276
1060, 6, 692
1257, 153, 849
778, 5492, 54
448, 45, 8
8, 534, 58
512, 782, 176
532, 176, 1624
779, 536, 1304
920, 153, 778
1291, 132, 1066
848, 5498, 30
50, 507, 488
508, 488, 52
542, 788, 155
562, 155, 1666
785, 566, 1210
2261, 1211, 1306
574, 571, 558
558, 5516, 554
1678, 542, 562
1102, 1011, 850
2262, 719, 1211
791, 5504, 556
538, 591, 524
524, 569, 40
924, 978, 568
2297, 714, 1112
806, 3257, 3256
1863, 1118, 1864
331, 600, 726
629, 115, 800
1723, 872, 796
119, 1418, 941
727, 722, 599
726, 1723, 762
988, 730, 989
937, 803, 636
857, 1024, 728
3268, 2547, 3264
618, 738, 733
739, 637, 732
2796, 2795, 1735
2142, 2790, 1215
3550, 3274, 1740
859, 1160, 824
732, 617, 416
3270, 1076, 733
944, 959, 812
244, 367, 810
652, 866, 743
204, 742, 868
287, 746, 1221
1739, 810, 414
744, 654, 810
1761, 811, 1907
1807, 626, 661
311, 820, 312
1741, 665, 1733
1734, 1776, 1787
2145, 592, 2138
350, 758, 457
2073, 832, 1729
2085, 844, 465
410, 1001, 669
759, 669, 822
160, 914, 753
165, 757, 2088
657, 888, 677
387, 830, 388
796, 334, 727
2239, 394, 589
1749, 2081, 1094
1741, 135, 408
42, 39, 52
263, 769, 593
2558, 2557, 2163
39, 834, 767
598, 3698, 2110
2571, 2124, 1000
1265, 1286, 593
3192, 2966, 2575
1844, 2589, 251
403, 2163, 2108
427, 1005, 2478
349, 1725, 674
695, 701, 846
700, 1064, 44
1588, 1486, 1512
1266, 1295, 1940
698, 494, 529
228, 173, 529
793, 1890, 848
1068, 32, 708
544, 1665, 1369
624, 2009, 2011
706, 526, 559
675, 185, 559
575, 976, 137
853, 715, 137
1239, 1333, 1301
922, 132, 784
3030, 3029, 647
1056, 1763, 854
762, 724, 930
630, 328, 271
1332, 2606, 3610
989, 111, 935
937, 723, 856
935, 1032, 936
106, 1032, 1035
327, 729, 936
1708, 5548, 5547
2590, 2591, 1906
2277, 1220, 720
2802, 2801, 2183
1718, 950, 860
1187, 1048, 1296
741, 745, 746
814, 287, 747
740, 2792, 2791
1739, 959, 419
639, 811, 877
287, 1823, 654
2240, 588, 67
2416, 1698, 2040
1038, 661, 308
1715, 2066, 891
662, 259, 749
25, 882, 312
757, 1754, 1765
2272, 1905, 3046
2598, 737, 1161
2418, 2420, 2410
1393, 1394, 1241
1874, 1959, 2375
2610, 677, 390
1173, 2609, 2249
963, 678, 761
300, 892, 388
754, 1785, 1769
152, 885, 1755
1265, 769, 5559
2105, 628, 1286
596, 1720, 1719
2966, 2583, 905
967, 319, 2164
1731, 968, 1752
271, 938, 1818
2945, 3160, 956
898, 1885, 2170
1908, 968, 947
755, 887, 917
348, 916, 915
778, 1277, 1276
1235, 1203, 1254
1304, 703, 784
694, 851, 1062
684, 713, 431
849, 1104, 1013
1066, 1106, 1157
1213, 1210, 791
795, 980, 634
212, 1021, 208
800, 934, 989
108, 1086, 730
1781, 1238, 1158
737, 280, 633
430, 866, 808
1889, 868, 1737
2238, 399, 2235
867, 871, 430
2585, 897, 2201
1744, 931, 2205
283, 742, 860
209, 863, 1837
743, 283, 861
1889, 872, 204
987, 1743, 206
863, 1757, 283
874, 724, 869
1723, 205, 202
872, 2585, 875
2205, 874, 2206
2598, 1221, 1739
1056, 247, 814
2789, 1910, 2791
3532, 1120, 1169
1827, 2933, 1828
304, 1547, 1413
821, 258, 396
3, 395, 312
1764, 2407, 2418
833, 1421, 341
2586, 2585, 1889
844, 2096, 2095
760, 1810, 451
299, 1967, 890
2611, 2610, 889
819, 678, 2348
831, 266, 452
267, 451, 388
2144, 2153, 2152
1800, 2879, 1854
1782, 653, 2791
864, 2586, 1296
2813, 842, 2588
5582, 3775, 5195
1145, 1201, 1144
1000, 2162, 1286
2147, 1792, 1028
1904, 1744, 1898
1096, 319, 264
2575, 837, 1247
1849, 1747, 1850
41, 2105, 2109
42, 5560, 5559
1049, 1218, 2256
302, 2583, 1563
3242, 1246, 2143
162, 428, 610
1779, 1899, 2269
2431, 758, 180
2427, 845, 426
845, 356, 466
2100, 424, 844
483, 1010, 146
371, 690, 1231
519, 1012, 701
1061, 1150, 1209
549, 1014, 793
1252, 1270, 1065
569, 718, 976
977, 2262, 137
284, 212, 929
585, 214, 1124
419, 946, 280
1118, 926, 1019
273, 796, 2205
988, 865, 108
467, 1249, 1289
1349, 1793, 2315
988, 856, 273
799, 801, 937
940, 803, 801
729, 800, 935
840, 1419, 100
1224, 332, 327
941, 936, 106
940, 725, 327
2663, 1372, 1460
106, 1033, 119
740, 1910, 419
2773, 1735, 2797
948, 928, 2196
1731, 1735, 843
2788, 2750, 946
2342, 2837, 2228
951, 808, 362
950, 2235, 2233
639, 194, 288
282, 955, 363
1824, 245, 232
235, 288, 953
3028, 841, 3026
2653, 2339, 1095
1780, 1083, 1131
740, 813, 414
2748, 2584, 2751
174, 349, 425
2635, 2357, 1045
310, 830, 84
1848, 1193, 1844
2586, 1743, 1187
1850, 5541, 1848
608, 1047, 838
839, 843, 1778
2094, 492, 1766
1010, 504, 1060
682, 1010, 1102
1012, 534, 1152
153, 1012, 1104
1014, 564, 1156
132, 1014, 1106
790, 924, 977
976, 1112, 925
718, 1072, 581
5570, 5566, 2211
854, 1116, 212
1021, 284, 1119
1160, 2602, 337
1123, 1119, 210
1222, 1192, 1281
1137, 1035, 1085
1309, 1308, 123
870, 1088, 1009
934, 931, 728
856, 728, 799
111, 1025, 1032
1136, 1089, 1137
3287, 3286, 3027
2952, 2717, 2428
2836, 1772, 2304
3869, 3873, 4425
2807, 1716, 3286
3021, 3030, 1138
2192, 1832, 1798
2331, 2332, 2321
901, 2560, 771
1787, 1754, 756
1042, 1966, 1173
1963, 2249, 2284
2073, 2078, 1785
2477, 776, 2458
2765, 2559, 3723
397, 2960, 5575
5424, 5427, 5423
1187, 987, 1753
970, 971, 918
713, 1236, 1178
972, 973, 920
851, 1270, 1180
974, 975, 922
1069, 1106, 1156
2667, 2673, 1110
568, 1115, 1112
1781, 1177, 1160
929, 2793, 1159
1838, 1851, 643
981, 641, 855
5427, 1226, 3005
638, 2775, 2789
730, 1027, 111
1085, 990, 1034
2202, 1296, 1052
1086, 1194, 1024
902, 1753, 1088
1177, 1763, 1761
1031, 1033, 1078
256, 1030, 1082
990, 802, 801
1035, 1030, 943
1895, 1025, 1194
802, 985, 1033
1298, 1914, 1325
2796, 2773, 2802
1855, 818, 2065
2374, 2360, 2889
2676, 2677, 1091
2361, 1049, 1557
1399, 1002, 2338
89, 1079, 656
1405, 2344, 1919
5586, 3096, 962
608, 275, 320
2256, 967, 1561
809, 1886, 2170
1397, 909, 1041
2165, 1811, 251
3219, 3218, 3224
1098, 1026, 2170
2209, 2267, 2812
1556, 2110, 403
1845, 1884, 1861
795, 877, 1761
2285, 441, 2286
2957, 2095, 2097
2803, 183, 632
1148, 970, 693
921, 1237, 1257
1105, 1150, 849
1235, 1230, 1103
1152, 779, 1279
1291, 1271, 923
702, 852, 1292
1228, 1206, 1272
1156, 785, 1182
1015, 1212, 1157
1307, 1339, 1184
433, 1378, 1444
570, 1108, 978
1114, 2834, 2833
3534, 3758, 1259
215, 2277, 1841
739, 2547, 638
2601, 3771, 2785
1030, 1137, 1135
1043, 1082, 2346
1771, 2346, 1188
2387, 1958, 1882
1031, 1135, 1079
89, 1957, 958
1192, 1136, 1895
1136, 985, 1025
857, 1896, 1027
3758, 3761, 2231
987, 667, 1028
1134, 991, 1222
1745, 2812, 1760
5572, 1937, 1040
3148, 3149, 3151
1471, 1613, 1472
2401, 2076, 764
957, 2345, 2652
904, 2110, 2164
1099, 1563, 1859
1052, 1745, 1227
2151, 1097, 2168
2380, 3028, 2242
1176, 3073, 2603
971, 1274, 713
431, 1178, 1063
973, 1290, 851
1062, 1180, 1154
975, 1015, 852
1272, 1292, 1293
1072, 578, 5514
5514, 5567, 5565
2675, 2043, 1016
1273, 1330, 1223
719, 977, 1017
1115, 1931, 2297
568, 581, 1073
1017, 2833, 1113
980, 2794, 2793
1185, 1164, 1278
721, 929, 1164
981, 983, 1125
1259, 1186, 879
1848, 361, 1833
1833, 1835, 1193
983, 1833, 1127
927, 640, 641
1119, 149, 1126
585, 641, 1125
1123, 1839, 149
2255, 2614, 1880
656, 2612, 2817
1402, 1394, 2865
958, 1394, 94
2030, 541, 1369
1229, 1353, 1334
1089, 2251, 1188
1188, 1082, 1078
1085, 1084, 991
991, 1078, 985
1807, 1855, 997
2064, 2377, 1866
1854, 2216, 2207
1652, 3307, 3309
2274, 3283, 3558
2565, 1414, 2937
1225, 1884, 900
1813, 1909, 900
667, 206, 209
3987, 3623, 3988
1274, 1060, 1275
1277, 1256, 1275
1181, 921, 1062
1283, 1317, 20
972, 1064, 1290
1305, 1270, 1199
1181, 1105, 1233
1892, 1311, 1208
1068, 1015, 974
1069, 1183, 852
858, 1783, 2794
1019, 2276, 1164
737, 982, 1018
1177, 1907, 824
1853, 3632, 2192
1215, 2196, 2754
1118, 1159, 1117
1835, 210, 1864
1857, 5571, 2409
2042, 2034, 2036
2271, 1894, 1896
879, 2539, 2183
1458, 1981, 1459
3154, 2248, 3289
1968, 2265, 1963
829, 2265, 1002
1258, 2775, 2185
1845, 3260, 2106
1284, 1101, 2228
1161, 1018, 1029
1011, 1202, 1103
690, 1230, 1204
1013, 1207, 1105
1154, 1208, 1150
1212, 1068, 1210
1157, 1306, 1293
1343, 1070, 1340
1864, 1117, 215
1120, 1220, 1278
809, 965, 1009
1135, 1134, 1080
2867, 1399, 1965
2777, 1422, 2277
1378, 1371, 1379
1084, 1312, 984
1122, 1836, 964
1894, 1034, 1027
1267, 1283, 1260
2592, 2551, 1845
1912, 3298, 2213
1289, 373, 1283
1279, 1153, 1290
367, 2792, 414
673, 900, 3033
1178, 1209, 1203
1208, 847, 1202
1268, 1179, 467
1250, 1326, 1925
1271, 1067, 1252
1180, 1252, 1294
1155, 1203, 1181
1236, 921, 1202
1182, 708, 853
714, 1878, 709
2261, 1069, 1182
2262, 2261, 853
1742, 3015, 3012
2788, 1163, 735
373, 1315, 1302
1929, 1339, 1232
909, 2938, 2937
2284, 1961, 1398
1186, 806, 215
1907, 744, 876
1242, 1089, 984
123, 1329, 1111
100, 939, 110
1144, 1792, 621
353, 2750, 1022
2203, 1098, 2210
1282, 1253, 1067
1302, 1133, 1319
1063, 1249, 1179
1268, 1922, 919
1217, 1293, 2295
1294, 1892, 1154
1295, 1893, 1892
1288, 1063, 847
1237, 1209, 1011
1236, 1256, 1061
2795, 2782, 858
792, 1248, 1942
2624, 2611, 1966
1402, 655, 826
1795, 1222, 1832
1339, 1282, 1272
322, 1552, 1558
2343, 2258, 1553
2584, 911, 2582
905, 302, 1888
1255, 1254, 1239
1288, 932, 1230
1205, 1923, 1262
1927, 2286, 1924
1207, 923, 1206
1294, 1228, 1309
1248, 847, 1311
1301, 1288, 1248
1237, 1274, 1149
1277, 694, 1061
1174, 2754, 2789
3257, 1120, 1074
1262, 1195, 691
3055, 1314, 3611
1298, 1250, 1260
1894, 1280, 1901
2171, 2560, 1265
1264, 772, 834
1893, 781, 1941
467, 1195, 1923
1204, 1923, 1231
140, 5545, 1922
1013, 1153, 923
1292, 1206, 1065
1067, 1107, 1243
1297, 1111, 1347
1256, 1102, 1148
1148, 1276, 1149
1275, 692, 846
1149, 846, 1257
2539, 1186, 1117
1199, 1064, 1891
1897, 1263, 1331
1900, 1798, 984
1228, 1243, 1308
1198, 1151, 1195
1728, 3075, 1176
1460, 1444, 1989
901, 835, 772
608, 1558, 1561
1249, 1235, 1255
932, 509, 1198
1199, 1104, 1152
1065, 1305, 702
1107, 1271, 1066
1183, 1232, 1107
1233, 1207, 1253
1309, 781, 1234
1026, 897, 809
1273, 2224, 2316
1036, 1767, 1262
3319, 3318, 3314
1942, 1941, 1943
1255, 792, 509
1216, 1229, 1335
683, 1318, 2288
700, 848, 1891
1153, 1890, 1291
1183, 709, 1928
1329, 1308, 1070
986, 1282, 1307
1253, 986, 1295
1940, 1330, 1941
1254, 1155, 1893
1192, 1901, 1900
4157, 1786, 3621
1261, 2208, 1332
509, 1353, 1216
1317, 1954, 1336
1321, 1316, 1151
1914, 1917, 1303
1229, 1338, 1955
1994, 1978, 95
373, 1335, 1317
2285, 386, 688
1324, 1336, 5543
2287, 20, 1323
1767, 1036, 386
1767, 2286, 1205
1879, 1341, 1929
2036, 1672, 1649
1307, 1934, 1223
1948, 1310, 1111
1280, 2271, 1332
1314, 1331, 798
1353, 792, 1357
1133, 1358, 1373
1337, 1321, 1302
2662, 1323, 1316
1954, 1335, 1955
1361, 1319, 1363
1070, 1243, 1217
1929, 1936, 1184
1936, 1327, 1802
1669, 1671, 1676
1934, 1184, 1935
1935, 2310, 2309
2675, 5516, 1702
1579, 1534, 1533
1273, 1934, 2309
1938, 2224, 1694
933, 1944, 1946
1357, 1942, 1946
1381, 1363, 1951
1454, 1465, 1462
1333, 1133, 1315
1364, 1359, 1361
1497, 1375, 1392
1451, 1429, 1454
1358, 1333, 1350
1944, 1334, 1357
1368, 1955, 1354
1440, 1448, 1452
1338, 469, 1354
1372, 1367, 1364
1373, 1351, 1338
1354, 1377, 1362
1952, 1947, 1953
1494, 1389, 1370
1368, 1362, 525
1367, 1954, 1359
1132, 562, 786
1366, 1505, 1504
1191, 1377, 469
433, 942, 1362
1945, 1363, 1334
1385, 1382, 1379
1391, 1355, 1379
1430, 2005, 376
433, 1364, 1371
1191, 1497, 1071
1374, 1375, 1191
375, 1439, 1430
1385, 469, 1351
1391, 1374, 1527
1511, 1534, 1499
1461, 1478, 1993
1381, 1388, 1374
1391, 1529, 1525
2333, 1939, 1388
1527, 1385, 1387
1478, 1366, 1488
1570, 374, 1992
1375, 1382, 1386
1498, 1355, 1525
826, 85, 630
1131, 1130, 826
1396, 269, 86
1395, 93, 121
1559, 2664, 1049
1219, 645, 87
1189, 2384, 1042
1964, 87, 655
1818, 1768, 94
1241, 1130, 2255
256, 1780, 119
2613, 2818, 2817
1044, 1543, 1996
2663, 2364, 1875
1828, 1974, 662
2639, 3398, 2654
5, 1972, 303
303, 11, 1
255, 265, 56
255, 53, 1558
2382, 881, 1546
319, 2256, 1143
64, 27, 62
64, 91, 300
328, 1986, 268
1768, 110, 725
105, 97, 938
100, 98, 107
143, 144, 885
1190, 2591, 1842
160, 165, 180
157, 168, 160
1426, 354, 367
1425, 291, 238
1438, 1439, 1433
5484, 1572, 376
1465, 1356, 1455
1376, 1380, 1437
1483, 1465, 1484
1467, 1474, 1468
1427, 1445, 1440
1436, 1462, 1464
1977, 1976, 1981
1434, 1438, 1452
1438, 1464, 1430
1437, 1427, 1436
1380, 1984, 1427
1457, 1360, 1433
1984, 1538, 380
1446, 380, 1987
1457, 139, 1448
1071, 1988, 1285
1446, 1449, 1433
1445, 1984, 1442
1977, 1457, 1449
1443, 1451, 1360
1445, 379, 1447
1877, 2266, 1459
1448, 1990, 1356
1454, 1436, 1360
1991, 1990, 139
1352, 1452, 1356
1429, 1988, 1489
1484, 1489, 1498
1443, 1440, 1447
1170, 2266, 1977
1170, 1980, 1450
1285, 1991, 942
1384, 1474, 1473
1352, 1466, 1434
1479, 1491, 1475
1437, 1434, 1468
1352, 1429, 1431
1467, 1462, 1483
1466, 1477, 1432
1464, 1432, 2003
1473, 1475, 1487
1993, 1488, 1476
1093, 1614, 1992
478, 2259, 1093
1461, 1477, 1469
1461, 2259, 1432
1469, 1463, 1517
1470, 1567, 1992
1467, 1479, 1473
1384, 1487, 1389
1463, 1477, 1483
1491, 1490, 1492
1507, 1503, 1499
1495, 1575, 1510
1479, 1466, 1431
1431, 1456, 1491
1519, 1520, 1518
780, 495, 1587
1469, 1493, 1478
1516, 1470, 1389
1455, 1497, 1456
1498, 1519, 1480
1463, 1484, 1480
1518, 1517, 1480
1503, 1505, 1487
1495, 1366, 1513
1482, 1516, 1494
1515, 1567, 1516
1378, 1355, 1489
1456, 1392, 1490
1481, 1518, 1383
1532, 2853, 1530
1504, 1508, 1577
1573, 1585, 471
1493, 1517, 1481
1501, 1513, 1370
1493, 1507, 1370
1575, 1513, 1578
1508, 1505, 1481
1507, 1534, 1501
495, 1588, 1585
1608, 1482, 1514
1531, 1383, 1532
1593, 1584, 780
1494, 1504, 1506
1573, 1510, 1576
1605, 436, 1496
1496, 1488, 1495
1503, 1475, 1492
1485, 1499, 1492
1490, 1521, 1485
1522, 1532, 1485
1522, 1519, 1525
1520, 1521, 1526
1700, 1707, 1688
1634, 1627, 1629
1521, 1392, 1386
1529, 2853, 1522
1388, 2850, 1382
3313, 2845, 3064
1386, 2854, 1526
1500, 3313, 3312
1533, 1511, 3312
1500, 1511, 1520
1531, 1646, 1346
1383, 1346, 1508
1689, 1677, 1636
1615, 5539, 1600
102, 270, 113
113, 1441, 99
96, 104, 93
95, 93, 101
381, 646, 80
80, 298, 382
295, 1405, 298
1981, 1995, 1979
5491, 7, 1999
5517, 1413, 1973
881, 1999, 1998
1998, 303, 1973
392, 447, 321
321, 391, 322
304, 1553, 391
1557, 1244, 1554
1551, 2382, 1245
391, 2258, 1552
2347, 1973, 1972
275, 1054, 596
1041, 1561, 1552
1287, 1412, 1244
1397, 2361, 5520
2761, 598, 264
1047, 1287, 1557
3917, 4899, 4110
2132, 910, 1097
2556, 2558, 5574
1566, 178, 613
1565, 228, 355
435, 1476, 1496
1612, 1610, 436
294, 606, 189
189, 1390, 200
116, 375, 376
1428, 217, 439
1514, 1502, 1607
1622, 1620, 472
1482, 1506, 1576
1575, 495, 1514
1578, 1501, 1581
1577, 1587, 1506
1346, 1654, 1581
1585, 1602, 472
1579, 1589, 1577
1598, 1586, 1584
511, 555, 532
1512, 1594, 1582
1580, 1502, 1509
1588, 1582, 1602
1578, 1595, 1486
780, 1586, 1509
1595, 1581, 1639
1593, 1639, 2021
1625, 1599, 1642
1615, 1598, 1597
1512, 1595, 1590
2021, 1597, 1584
1593, 1587, 1589
2022, 1639, 1640
1643, 1592, 1594
1601, 1582, 1592
1591, 1634, 1637
1657, 498, 1536
1598, 432, 500
1580, 1586, 500
434, 246, 237
372, 237, 193
476, 1515, 1608
474, 1607, 372
1608, 1573, 1606
1607, 1605, 1510
199, 435, 436
1568, 197, 475
195, 359, 473
1568, 476, 473
207, 2002, 1093
1993, 1471, 2259
497, 1592, 1536
1662, 1660, 498
470, 221, 230
432, 230, 249
233, 471, 472
1574, 245, 501
239, 236, 499
499, 1574, 502
511, 1627, 1633
699, 1664, 514
1648, 1638, 1591
1687, 1648, 1635
513, 1524, 1623
1630, 2006, 1633
1524, 1658, 5540
1638, 1695, 1628
2020, 1643, 2023
1638, 1633, 1634
1632, 1628, 1623
1524, 1599, 1632
1651, 1626, 1642
1674, 1535, 1672
1599, 1641, 1644
1632, 1625, 1630
1596, 1590, 1589
2027, 1596, 1654
5539, 1637, 5540
1635, 1591, 1644
5539, 1597, 1631
1637, 2020, 1642
1651, 2027, 2026
1873, 2024, 1533
1826, 2332, 2016
1626, 1650, 1625
1328, 1677, 1698
2050, 1695, 1648
1635, 1653, 1645
2026, 1141, 1687
1651, 2020, 2022
2028, 1640, 1579
496, 250, 225
468, 225, 227
1600, 5540, 518
516, 1629, 468
219, 497, 498
1616, 223, 517
229, 369, 515
1616, 518, 515
187, 513, 514
1624, 179, 531
786, 1669, 1675
707, 1712, 544
1682, 1684, 1691
579, 574, 554
543, 1342, 1665
1672, 2030, 1675
527, 1683, 1342
1636, 1328, 1670
623, 2015, 2011
1675, 1676, 1636
1674, 1670, 1665
1342, 1679, 1674
1649, 1535, 1690
557, 712, 541
1689, 1676, 1681
1684, 1692, 1689
1686, 1679, 1683
1667, 1696, 2046
1671, 2014, 1681
1667, 1680, 2012
547, 2015, 2014
2013, 2012, 1681
1652, 2018, 1626
1523, 2372, 1693
1535, 1679, 1680
1677, 1697, 1693
2019, 1667, 2009
2046, 1697, 1680
1688, 1698, 1690
2310, 1348, 2309
2368, 1630, 1650
2047, 2054, 1682
1692, 1700, 1690
817, 1649, 1693
2055, 2054, 2049
1523, 1697, 1705
2037, 2040, 2378
5515, 2038, 1345
2025, 3307, 2026
2057, 3059, 5547
1700, 2046, 2045
1707, 2053, 2057
1523, 1706, 2678
2679, 804, 2232
528, 161, 167
510, 167, 164
158, 543, 544
1666, 156, 561
309, 587, 323
323, 393, 16
2415, 819, 2241
996, 1855, 2242
285, 57, 114
114, 808, 605
51, 320, 836
836, 455, 607
81, 73, 389
389, 79, 70
727, 873, 724
668, 1755, 1787
492, 777, 460
411, 180, 2088
277, 1733, 2081
3607, 1284, 2837
754, 341, 1749
3757, 3535, 3258
839, 2799, 947
2658, 3288, 3155
750, 1758, 1727
2079, 751, 1769
945, 734, 947
171, 609, 398
1757, 1743, 861
2431, 2089, 2440
813, 876, 745
736, 2804, 3281
336, 765, 750
1214, 3008, 2776
965, 1737, 870
903, 865, 2206
1885, 1090, 1098
1795, 3049, 2837
209, 1846, 906
2397, 2817, 2818
1729, 2080, 764
398, 458, 2499
2414, 2079, 1785
3007, 839, 5422
1028, 1902, 1009
1776, 822, 1001
1724, 833, 1769
5556, 2445, 2447
206, 1737, 871
2144, 1762, 1733
2618, 2398, 2870
1090, 3043, 2210
1029, 1056, 747
1758, 2749, 2081
1029, 2794, 795
884, 1765, 1776
822, 1764, 413
460, 2492, 969
1298, 1325, 1326
1418, 1780, 1401
1755, 832, 1734
2859, 1804, 2861
1080, 2342, 2216
2607, 1802, 994
1781, 337, 1908
2533, 2536, 2152
2427, 2704, 631
1754, 751, 1764
1788, 2242, 2065
5426, 968, 337
2606, 2271, 913
958, 1768, 1403
858, 1018, 1773
290, 896, 2792
1814, 1158, 2782
3172, 2687, 2944
1751, 832, 1004
3813, 3650, 1313
1001, 1724, 751
2380, 1777, 589
2269, 2816, 2606
3615, 3835, 1912
2877, 2880, 3071
902, 1225, 2587
1949, 933, 2316
3896, 4973, 3665
1746, 2251, 1242
2208, 1853, 1897
3089, 3323, 3337
1853, 998, 1281
1801, 3985, 3052
2207, 2603, 895
1799, 3605, 3304
1341, 2305, 1772
1933, 2820, 1921
2227, 2306, 1770
2819, 2341, 2820
2864, 2863, 2828
748, 1138, 647
647, 311, 626
2396, 2626, 2393
2620, 387, 888
2147, 1849, 1050
2160, 1815, 1909
1145, 1884, 2161
2793, 1783, 2172
2279, 1903, 1812
12, 2113, 2119
5585, 2188, 3034
110, 1401, 840
5573, 2563, 2171
397, 403, 3698
2710, 2722, 3183
1912, 1932, 3626
241, 815, 234
234, 282, 954
2063, 2222, 2332
2847, 2336, 1647
662, 260, 880
880, 1865, 1407
1858, 84, 387
2068, 2377, 310
2669, 2835, 2304
1242, 998, 3049
1123, 1122, 1121
1839, 361, 399
1165, 1841, 1122
1193, 1841, 1842
2233, 5542, 867
2234, 1020, 2237
1840, 1127, 1834
1839, 2238, 2237
1836, 1835, 1075
1422, 1843, 1836
1847, 1844, 1842
1843, 774, 964
1196, 1175, 1055
1747, 5542, 5541
1843, 2593, 2589
966, 1121, 964
667, 906, 1811
906, 966, 251
1020, 603, 586
586, 644, 643
1796, 1162, 1798
895, 2613, 1140
1038, 1716, 1138
5524, 5534, 5531
1166, 2042, 2037
1829, 76, 2895
1097, 2766, 3233
4101, 3487, 3489
2165, 1055, 621
5583, 5582, 2596
210, 284, 721
721, 1185, 1165
1828, 2388, 2356
1139, 2371, 2686
2402, 2418, 2419
2299, 2832, 2669
2068, 2890, 2629
2565, 2566, 2569
2411, 2694, 2695
2403, 2414, 2075
1646, 3064, 2842
827, 2393, 2394
1983, 2662, 1406
2249, 1967, 1961
1918, 2364, 1450
2298, 2296, 1211
1327, 2295, 1930
1956, 1128, 1968
2908, 2923, 2913
1081, 5552, 5551
5518, 2647, 2382
1813, 1144, 1055
842, 2811, 1745
1902, 2588, 1048
2594, 2780, 2181
2567, 2124, 1247
886, 869, 861
1891, 784, 1305
1890, 1279, 1304
1155, 1233, 1234
1234, 1266, 1311
1194, 1168, 1263
1901, 1084, 1034
1086, 1899, 1168
1900, 1280, 1796
2202, 2203, 903
913, 1896, 2204
1897, 1281, 1312
1312, 1895, 1263
1886, 1753, 2587
2174, 2166, 1815
108, 903, 2204
3043, 2267, 823
2784, 805, 3002
747, 1221, 1161
843, 2795, 1773
127, 1145, 1812
878, 2196, 944
3535, 2801, 2781
1790, 1197, 1822
1962, 2257, 2260
1318, 1036, 691
1917, 2289, 2288
5543, 1983, 5544
2287, 1915, 1318
1877, 1920, 1983
2340, 2376, 1044
1982, 5544, 1918
2218, 1803, 2341
1925, 1269, 1231
1268, 1267, 1250
481, 1251, 2291
1927, 1922, 1205
481, 2293, 5546
1251, 140, 1925
1306, 2296, 2295
1327, 1340, 1217
2296, 2305, 1879
2299, 2041, 1113
3805, 1822, 3042
2358, 1803, 2288
1347, 1329, 1343
2329, 1344, 1343
1340, 1341, 2607
2040, 2372, 1091
2323, 2314, 1348
1387, 2313, 2849
781, 123, 1310
1310, 1300, 1266
1350, 1239, 1300
1300, 1948, 1946
1952, 1358, 1349
1952, 1951, 1373
1349, 1350, 1943
2315, 2334, 1365
2316, 1943, 1330
1793, 2224, 2312
2322, 2312, 2314
1351, 1945, 1953
1945, 1944, 1365
1365, 2333, 1951
1368, 1316, 1337
1337, 1319, 1359
1880, 1963, 1960
1083, 2866, 2865
3851, 1081, 2349
2384, 2617, 827
1964, 2255, 1956
70, 1219, 1876
2405, 2254, 1913
1003, 1956, 1172
1400, 1960, 2284
2282, 1189, 2338
1240, 1002, 1969
889, 1876, 2609
1880, 2282, 1172
2253, 1966, 2394
2623, 2621, 2625
2392, 2385, 2282
1409, 301, 1555
1555, 1546, 1548
1407, 2000, 301
2660, 2339, 2661
379, 1978, 1435
1435, 1458, 1447
1976, 1320, 1995
1997, 1544, 2376
1982, 1459, 1997
1544, 1170, 1435
1980, 2245, 1920
1916, 1875, 1918
1446, 1439, 1441
380, 120, 377
377, 1417, 378
378, 293, 1442
1989, 1444, 1455
1988, 1990, 1285
1989, 1451, 1453
2364, 1460, 1453
1476, 1390, 1471
1614, 1384, 1470
1320, 381, 382
382, 1544, 1978
14, 2281, 1405
2340, 1980, 1979
7, 1548, 1547
1547, 47, 1545
1974, 2356, 2660
3192, 3195, 453
2004, 1613, 440
2005, 1468, 478
2005, 478, 2002
2003, 2004, 1376
2007, 555, 1628
2006, 2008, 624
2368, 2019, 2007
2010, 787, 1691
2009, 2012, 623
1673, 539, 787
2010, 1684, 1686
1686, 2014, 623
2013, 1683, 1685
530, 1673, 1685
2843, 2851, 1647
3306, 2060, 3308
2050, 1687, 2353
2047, 1691, 2008
1653, 1644, 1631
1590, 2023, 1594
2023, 1596, 1653
2022, 1631, 2021
2367, 2028, 1646
2028, 1703, 2027
1703, 1652, 1645
2025, 1645, 1640
2025, 1654, 2024
2044, 3307, 2367
2034, 1132, 1670
2032, 541, 2034
2035, 2031, 2033
2373, 2032, 2042
2030, 1167, 2031
2038, 557, 2032
1167, 1328, 2416
1701, 1857, 2416
2043, 1702, 2035
557, 5515, 560
1937, 1701, 817
2300, 1931, 2304
2033, 1167, 1857
2373, 1110, 2038
2056, 3310, 2029
1705, 2054, 2053
1705, 1692, 1682
1696, 2019, 2365
2049, 2365, 2050
1699, 2048, 2051
2048, 1650, 2018
2353, 2052, 2049
2051, 3308, 3061
2045, 2055, 1706
2045, 1696, 1699
1699, 3061, 2053
3063, 2044, 2842
1706, 1704, 2678
2334, 2313, 2333
2676, 2678, 5548
2017, 3057, 3059
2328, 2063, 2232
2324, 2331, 2311
2331, 2061, 1825
2348, 1139, 2370
2239, 1777, 1038
64, 819, 587
2415, 2947, 67
1869, 1830, 84
2241, 2948, 2947
612, 594, 335
2148, 3217, 3216
5553, 2076, 5554
1004, 754, 2076
2399, 2749, 2538
2078, 2264, 1872
2073, 1094, 2072
2078, 5553, 2408
1004, 2077, 2075
2407, 1734, 1751
1749, 346, 277
1727, 1762, 764
2407, 2389, 2419
5557, 2504, 2476
676, 164, 177
412, 2094, 755
2443, 2362, 2410
2432, 671, 357
1726, 759, 342
2434, 1738, 411
2712, 3404, 2956
2717, 680, 2951
2458, 2432, 2435
2434, 2457, 2436
2096, 2085, 969
1058, 2102, 887
2097, 887, 2094
2096, 2506, 1058
2466, 2494, 2508
2712, 2716, 2506
2101, 426, 917
2102, 622, 2100
2103, 2101, 2095
2102, 2429, 2955
314, 628, 41
835, 2162, 907
2161, 1175, 2181
2568, 2567, 2109
775, 456, 596
907, 2107, 612
770, 1054, 1096
2112, 302, 2114
2567, 2111, 2122
2117, 1816, 595
2111, 2140, 2116
2135, 2116, 2125
2122, 2114, 2115
454, 594, 2113
594, 2131, 2119
1816, 2118, 2129
2125, 2140, 2121
2120, 2157, 2156
2128, 2112, 2116
2134, 2531, 2135
2568, 771, 1888
2120, 2134, 2115
2139, 2129, 2531
12, 2139, 262
612, 2122, 2131
2130, 2126, 2119
2131, 2135, 2129
2118, 2128, 2130
2151, 2140, 1563
2984, 3227, 2159
2125, 2148, 2123
2123, 2130, 2115
2752, 2541, 2542
2532, 2531, 3216
752, 663, 12
2127, 2126, 2532
2120, 2114, 2132
3262, 3772, 2231
735, 2214, 2786
911, 2692, 2540
2379, 1758, 894
2153, 752, 262
2577, 2560, 2528
902, 1811, 621
2134, 2156, 2071
2982, 2545, 2533
5561, 2168, 2770
2132, 1099, 2158
262, 1774, 894
2145, 894, 665
5815, 4282, 3206
3260, 2590, 3261
2148, 2121, 2537
2158, 2534, 2121
2151, 5561, 2157
3506, 2133, 5592
1812, 2161, 3003
2106, 2160, 1813
2568, 2105, 901
397, 768, 775
838, 1096, 275
2592, 1861, 1050
127, 1903, 2193
3956, 3754, 5840
2986, 2150, 1099
2576, 2968, 2973
1048, 842, 1052
2756, 1819, 1264
1814, 2802, 2276
3295, 2177, 4145
1903, 4151, 2177
3568, 3555, 2786
2787, 5420, 5422
2174, 2173, 2193
3801, 3800, 3036
2786, 3567, 3561
5710, 3781, 3789
2106, 1887, 2596
2193, 3036, 3294
1169, 611, 807
3555, 3469, 2570
3283, 3282, 1174
4322, 5174, 5173
3295, 3296, 3602
1817, 2811, 2813
3005, 2788, 55
3299, 4148, 5181
3613, 3634, 3627
2217, 998, 1162
2166, 2177, 2182
5585, 5584, 3294
2775, 2547, 3265
946, 1910, 1163
2550, 3558, 3000
5182, 4145, 4151
2279, 5195, 5194
3838, 3837, 3615
2202, 2206, 864
1898, 2201, 1026
2204, 1898, 1227
2203, 1899, 1904
865, 930, 875
875, 2201, 1744
1140, 2228, 1800
1796, 1314, 2839
3612, 1053, 3038
1227, 1760, 2269
979, 2834, 5565
2859, 5550, 5549
3042, 1197, 2815
2595, 3001, 2142
2827, 2672, 2828
2219, 1771, 1140
2192, 2838, 3047
1921, 450, 683
2613, 2612, 2216
3836, 2267, 3834
2711, 2721, 2952
1825, 2841, 2843
3046, 3837, 3826
1297, 1348, 1949
3831, 4000, 4221
2627, 2624, 2253
1804, 5549, 2329
949, 1176, 2207
2344, 2281, 2820
2680, 5550, 2855
159, 1087, 2141
2061, 2327, 1708
1837, 430, 951
1838, 2238, 360
2236, 862, 951
2235, 604, 360
1838, 149, 1840
1840, 862, 2234
29, 763, 2065
816, 2243, 589
1715, 2370, 2069
1100, 1716, 1777
2240, 2946, 2950
3020, 3022, 3290
2350, 1982, 2340
5551, 2393, 2387
3399, 3370, 3886
2808, 1171, 3030
1003, 829, 1876
2397, 2875, 2392
2342, 1134, 1795
2396, 5551, 3103
1969, 2626, 2226
2625, 1962, 2893
1128, 1960, 1402
1414, 1047, 909
2627, 2626, 1913
2361, 1554, 1245
1472, 1474, 1614
2374, 1913, 2396
709, 1212, 1213
925, 714, 1213
2810, 2388, 2933
2075, 2408, 2411
1172, 2338, 1173
1450, 139, 1458
1053, 2220, 1905
3992, 3601, 3818
2210, 1789, 913
3983, 3829, 3625
1331, 1168, 1779
823, 3610, 2816
159, 2278, 3256
3001, 3282, 1142
5373, 3258, 2781
2172, 611, 1159
1075, 806, 1190
3772, 3002, 2273
2535, 2199, 1815
3757, 3533, 3534
1996, 2819, 2229
1968, 1971, 1965
3835, 3834, 3298
1964, 1003, 1219
1057, 1322, 2604
1251, 1326, 1057
1324, 5543, 1917
1933, 1303, 1915
5544, 2358, 1915
2341, 480, 450
2292, 1924, 681
5486, 5485, 2291
5477, 24, 1926
446, 443, 5546
1879, 1232, 1928
1928, 1878, 1930
719, 1113, 2298
1878, 2297, 2300
2831, 1868, 1931
2041, 2305, 2298
2862, 2861, 3066
2306, 2329, 2607
2832, 2831, 2825
1831, 994, 2041
1802, 1930, 2300
2302, 2836, 1804
3042, 3605, 3052
2840, 3650, 3640
1694, 1347, 1344
1694, 1344, 2325
2317, 2062, 2318
1950, 2315, 1949
2336, 1939, 2058
1950, 1938, 2318
2312, 1947, 933
1948, 1297, 1793
2311, 2323, 2319
2321, 2314, 2311
2324, 2317, 2320
5550, 2319, 2326
999, 2335, 2318
2335, 2334, 1950
1938, 2326, 2317
2327, 2062, 2319
2326, 2310, 5549
2325, 2320, 2323
2324, 2680, 2232
5547, 3057, 2061
2302, 2227, 1935
2858, 5572, 2860
999, 2062, 2063
1825, 1647, 999
2058, 1387, 1953
2058, 1947, 2322
2336, 2322, 2321
2335, 1826, 2313
2339, 2356, 2639
2265, 1965, 1042
957, 1975, 2337
2245, 1997, 1919
1805, 2290, 1921
2251, 949, 1771
2647, 5520, 1245
1044, 2229, 2350
1095, 2639, 2642
1079, 1080, 2612
1555, 2660, 5517
310, 2064, 891
2366, 1958, 2363
2245, 2344, 2358
5586, 3860, 5587
3331, 3325, 2903
3309, 2051, 2018
2938, 2936, 2935
3505, 3502, -1
2337, 2000, 1865
962, 2632, 3104
2350, 1933, 2289
5708, 3191, 5709
2628, 1039, 2631
1041, 2258, 1559
2086, 2437, 342
2349, 2375, 2882
1991, 1877, 1406
2368, 2048, 2047
2349, 2872, 2903
2842, 2029, 2024
2365, 2008, 1695
2448, 2444, 2445
2690, 2241, 2064
1866, 2902, 2682
1688, 2676, 1937
2043, 2033, 2412
2630, 1039, 2260
2363, 2387, 827
1919, 1979, 298
1139, 1830, 2898
1701, 5572, 5571
2536, 2538, 2144
1788, 2950, 1100
2566, 2935, 3720
1883, 1553, 1413
2884, 2398, 2874
1399, 1959, 2394
2873, 2870, 1971
2870, 2619, 2867
2246, 2375, 1081
2263, 3398, 1865
2414, 2390, 2082
2406, 2389, 2403
5536, 4091, 4520
2614, 2250, 1971
2246, 1809, 1874
1874, 1969, 2384
2615, 2866, 2397
1809, 2252, 2260
2395, 1748, 2250
2868, 1759, 2383
2748, 2074, 2548
2699, 2449, 2413
5554, 1094, 2749
2447, 1867, 5555
2695, 2390, 1872
2897, 2637, 2896
1962, 2889, 2894
2390, 2421, 2419
2079, 2082, 884
2077, 2996, 2264
2412, 1166, 2666
413, 825, 2086
2264, 2573, 1871
2373, 2409, 2667
2425, 2400, 2421
1751, 1872, 2389
1715, 2067, 587
2036, 817, 2037
2445, 2443, 2420
884, 1867, 825
2406, 1867, 2082
825, 2447, 2417
2406, 2413, 5555
5556, 5555, 5030
4857, 4872, 4116
5608, 2495, 5607
2698, 2413, 2695
5029, 4120, 4557
1775, 915, 622
993, 2951, 2714
2722, 2103, 2957
2527, 2741, 2737
1738, 2435, 914
2092, 427, 2087
2438, 2452, 2457
2093, 2089, 2441
2092, 357, 2431
2093, 2483, 2440
2441, 411, 2362
2433, 2441, 2446
2451, 2473, 2452
2458, 1738, 2436
2434, 2437, 2438
2453, 2457, 2463
2417, 2446, 2086
2369, 2452, 2446
2417, 1756, 2369
2444, 2438, 2443
1756, 2420, 2402
2461, 2369, 2455
4118, 5030, 2400
5826, 2455, 5556
2468, 2439, 2461
2444, 2439, 2433
2476, 2459, 2442
2507, 2498, 2497
5610, 2448, 2450
2474, 2468, 2495
2093, 2433, 2442
1005, 2092, 2440
2483, 2453, 2484
2477, 2482, 2478
2448, 2471, 2451
2464, 5558, 5557
5557, 2442, 2473
2462, 2473, 2474
2505, 2476, 2729
347, 2098, 460
5827, 5024, 5026
5609, 2456, 2451
3951, 4121, 3952
2566, 3711, 3492
2461, 5610, 5609
4942, 4285, 4871
2464, 2463, 2439
2456, 2481, 2464
2481, 2502, 5558
2083, 2465, 2453
1005, 2483, 2460
2487, 776, 2460
3455, 3473, 3478
3719, 4094, 3717
2474, 2501, 2475
2460, 2484, 2521
2477, 2436, 2459
2505, 2482, 2459
2733, 2728, 2496
2513, 2515, 2517
2511, 2493, 2478
2493, 458, 427
3717, 5708, 2959
2496, 4089, 4092
2737, 2523, 2497
1766, 2508, 2516
2488, 2487, 2498
2098, 2500, 2517
4266, 2456, 2424
2502, 2490, 2485
2454, 2511, 2491
2454, 2500, 2493
2500, 347, 1750
2499, 2498, 2494
4266, 5705, 2481
4497, 2496, 2475
4286, 5025, 3946
2083, 5558, 2728
2510, 2484, 2465
2099, 2097, 2516
2517, 2454, 2523
2515, 2492, 2098
2731, 3425, 3408
2505, 2520, 2522
2487, 2521, 2497
2747, 2526, 3178
3700, 2486, 2708
3488, 3487, 5577
2508, 2486, 2746
2746, 2506, 2492
2494, 2507, 2486
2705, 2957, 2716
5594, 2524, 3407
2739, 2510, 2729
2738, 2511, 2482
2510, 2735, 2738
2507, 2491, 3413
2519, 2745, 491
3396, 4087, 4081
2512, 2743, 2742
2747, 2430, 2735
2559, 2146, 2563
4089, 4613, 3710
3706, 2731, 2730
2126, 2123, 2137
2137, 2533, 2139
1774, 2532, 2149
2537, 2157, 5562
2279, 3003, 5582
2752, 2379, 1774
2534, 2983, 2156
2542, 2074, 2379
1169, 1278, 611
2764, 2143, 2753
2136, 2544, 2753
2693, 2538, 2136
2546, 3530, 2549
2572, 2541, 2552
3222, 2752, 2149
2543, 3242, 2999
1076, 731, 2195
2692, 2584, 2399
2994, 2582, 2543
3279, 3545, 2197
2590, 1196, 2593
3225, 2544, 3222
2555, 5560, 315
2963, 2961, 5577
2556, 2553, 597
2555, 2557, 1564
2556, 318, 768
5844, 1564, 768
1006, 2528, 2726
2146, 1000, 1264
5843, 5576, 5844
2986, 3236, 2985
1819, 2726, 2528
3223, 2982, 3217
1870, 264, 1143
2381, 2470, 1870
1888, 2112, 2107
2107, 2162, 2124
1870, 2760, 2761
2184, 2778, 55
771, 2577, 2575
2764, 2544, 2998
3240, 2411, 2995
3516, 2991, 3218
2571, 773, 905
2169, 2977, 2969
3494, 2571, 2146
3723, 5579, 3724
4788, 4792, 4783
3230, 3511, 3508
3283, 3265, 3284
2997, 1246, 2549
837, 2766, 910
1246, 960, 2548
864, 874, 886
886, 965, 897
1902, 1792, 673
673, 898, 1886
774, 1847, 2592
2551, 805, 2155
1422, 805, 2593
1196, 2165, 2589
1847, 2591, 2551
3261, 1887, 3260
3282, 2214, 2754
1862, 3003, 2181
4305, 4317, 4313
280, 824, 876
5456, 5446, 5445
353, 5427, 5426
2784, 1077, 3261
353, 982, 633
1101, 3067, 1800
2285, 482, 441
2948, 2949, 2946
1789, 798, 1779
1772, 2302, 1936
3087, 3319, 3082
2611, 1967, 829
2622, 828, 890
2609, 1240, 890
1129, 2346, 2219
2219, 1854, 1404
2615, 2392, 1128
2614, 2865, 2395
2875, 2876, 2871
1959, 2867, 3091
1759, 2873, 2869
2386, 2868, 3091
1810, 657, 2623
1970, 657, 2622
2610, 2624, 2621
1970, 76, 2620
2622, 1240, 2226
1970, 2627, 2254
2253, 1809, 2257
2257, 2625, 2226
2891, 2360, 2924
2898, 1869, 2896
2374, 3103, 2632
2360, 2632, 2900
2631, 2630, 2357
2909, 3111, 2916
3104, 3103, 4043
2900, 962, 3110
2906, 3110, 2915
2404, 2902, 2898
2640, 2642, 2644
1408, 2345, 2337
2652, 2638, 2645
2645, 3373, 5529
2345, 2654, 2638
2653, 2652, 5528
2648, 2656, 2638
2650, 2641, 2640
5521, 5528, 5522
1883, 5527, 2343
3369, 2644, 3157
3366, 3889, 3882
2656, 2928, 2645
3149, 2927, 3371
1095, 2640, 2643
2643, 5519, 957
2642, 1408, 3157
3148, 2656, 2927
2644, 2655, 2650
2931, 3394, 3393
3890, 1732, 3032
2934, 3401, 3398
2347, 2000, 1975
1975, 5518, 5517
1875, 1336, 525
525, 942, 1406
5526, 5525, 1397
4524, 5536, 5538
2672, 2409, 2668
2412, 2672, 1016
2864, 2666, 3065
1868, 2670, 1831
2669, 2822, 2828
2673, 2674, 2940
2667, 2666, 2215
2827, 2671, 1016
2671, 2824, 2829
1345, 1110, 2939
1040, 2372, 2059
1040, 5548, 2679
1707, 2057, 2059
1708, 2856, 2677
2856, 2327, 2230
2856, 2855, 2860
2371, 3107, 2943
2691, 2948, 2690
2920, 2689, 3107
3109, 3164, 3108
2687, 1866, 2943
1784, 2690, 2686
3136, 2912, 2913
2805, 2944, 2684
2683, 2370, 2687
2683, 3172, 2942
2548, 2693, 2143
2692, 2542, 2753
2700, 2698, 1871
1871, 2425, 2403
2701, 2989, 3952
3947, 3953, 4124
2425, 2694, 2701
2701, 4121, 2400
3240, 2989, 2694
2696, 2699, 2698
2995, 2997, 2994
3936, 3923, 3934
2706, 2951, 1775
491, 2744, 2518
2954, 2704, 459
2956, 3176, 491
5606, 2513, 3413
5605, 3177, 3404
1821, 2954, 2955
3431, 2221, 2714
2740, 2090, 2099
3427, 2958, 2744
2723, 2711, 2428
3407, 3177, 3666
2956, 2518, 2099
2803, 2091, 993
3438, 3440, 3451
3439, 3449, 3460
3182, 3432, 3431
2221, 3480, 3485
2744, 1821, 2429
2953, 2714, 2954
2958, 3428, 3182
3181, 3431, 3432
2559, 2563, 2758
3484, 3434, 3458
2504, 2485, 2729
2728, 2520, 2465
4092, 2530, 2733
2530, 2509, 2742
3175, 3684, 3423
2736, 2485, 2730
3414, 3678, 3417
2527, 2522, 2743
2742, 2739, 2733
2430, 2491, 2738
2737, 2521, 2522
2743, 2520, 2736
2746, 3700, 2712
3701, 3413, 2430
2736, 2731, 2526
2526, 2735, 2739
2713, 2722, 2705
3427, 2524, 3429
2740, 2516, 2515
2512, 3409, 2527
960, 5554, 2399
2401, 1762, 2074
1226, 633, 948
5553, 960, 2755
2136, 2536, 2545
2693, 2541, 2540
1163, 1258, 2595
2751, 2997, 2996
2171, 5559, 60
60, 5576, 5573
2726, 2962, 3194
5588, 5823, 5822
2569, 3492, 4103
2768, 1560, 2569
3709, 3488, 2960
5578, 5580, 3491
2572, 3245, 2540
3722, 3494, 1006
1859, 2583, 2969
2998, 3247, 3245
3486, 3489, 2761
3518, 3196, 3226
2985, 3227, 2150
3247, 3246, 3251
3941, 2989, 3523
2798, 1037, 945
5563, 5564, 3012
1023, 2195, 1174
2800, 3013, 1742
3002, 1190, 3256
2570, 5445, 5425
3587, 3792, 3571
2785, 5583, 1887
1911, 5563, 2275
1238, 2796, 1783
5564, 5563, 2798
1906, 3540, 2601
2780, 1077, 3966
2175, 2142, 2179
5423, 5446, 2176
2189, 948, 1215
1023, 1258, 878
3555, 55, 735
896, 878, 812
812, 1200, 1782
1814, 1019, 1116
1116, 1763, 1158
1238, 1908, 734
734, 1037, 2782
3008, 5564, 945
2783, 2801, 2773
2800, 3008, 1731
2776, 2799, 3007
2798, 1911, 807
2172, 1037, 807
1059, 2717, 3483
3975, 1740, 183
2941, 2689, 3158
3160, 4260, 3026
3287, 3021, 996
2809, 2248, 3020
2808, 3031, 3155
3289, 3288, 2263
1885, 2188, 3037
3037, 1053, 1090
898, 3034, 2188
3035, 3038, 5585
3602, 3609, 2213
2272, 1789, 3043
1748, 1129, 1404
1748, 1404, 2876
2281, 442, 1805
1805, 1803, 2229
2822, 2832, 2829
2670, 2821, 2824
2825, 5566, 2829
2674, 2827, 2822
2303, 2834, 2823
5570, 5569, 579
2824, 2673, 2215
1806, 2670, 2215
2674, 2821, 2823
579, 2940, 5566
2299, 2833, 2303
2303, 2821, 1868
2831, 1115, 1073
2211, 2825, 1073
2836, 1831, 2863
2835, 2306, 994
1746, 1728, 949
3606, 3627, 2217
3050, 2208, 3995
3646, 2308, 3054
3057, 3060, 2222
1873, 2056, 2367
3058, 2016, 2222
2854, 2848, 2846
3058, 3063, 1528
2844, 2852, 2853
2848, 2849, 1826
2851, 2844, 2847
2850, 1939, 2847
2849, 2854, 1527
2852, 2848, 2016
2851, 3313, 2846
2846, 1500, 1526
2844, 1529, 2850
2230, 2857, 2681
2680, 2681, 2679
2862, 2855, 2859
2330, 3066, 3065
1770, 2857, 2212
2862, 2330, 2681
1770, 2863, 2301
2857, 2301, 2860
2861, 2835, 1806
2668, 3066, 1806
2615, 1130, 1957
1957, 656, 2395
2617, 1189, 2386
2398, 3092, 2619
2871, 2874, 2618
2385, 1759, 2386
2616, 3315, 2869
2366, 2888, 2878
2385, 2875, 2618
2883, 2383, 2869
2616, 2873, 2250
2818, 2880, 2616
3315, 1791, 3070
3090, 2872, 2887
2880, 895, 3068
2879, 1791, 2876
3092, 2884, 2887
2888, 2363, 3091
3315, 3314, 2874
3318, 2881, 2383
3072, 3080, 3071
3319, 3088, 3081
3336, 2878, 2881
2872, 2882, 3092
1039, 2891, 2405
3093, 1869, 2895
2889, 2628, 2926
2926, 3093, 2894
3094, 76, 2254
2892, 3094, 2405
1858, 3094, 2890
3093, 2404, 2629
2901, 2404, 2925
2637, 2377, 2629
2924, 2906, 3102
2635, 2906, 2631
2897, 2908, 2919
2637, 2919, 2371
3095, 2366, 2352
3654, 3331, 3097
3108, 2920, 2921
2636, 2899, 2900
3122, 3344, 3109
2912, 2901, 1881
2911, 3350, 2633
2912, 3128, 3105
3131, 2909, 3115
2688, 2910, 2908
3102, 2688, 1881
3105, 2921, 3107
2636, 3111, 2922
3115, 2633, 3110
3120, 3122, 3112
3119, 3106, 2922
2902, 2901, 3105
2905, 3164, 2684
3112, 2905, 2914
2918, 3102, 2915
1881, 2925, 2924
2628, 2899, 2923
2926, 2923, 2897
2925, 2892, 2891
3365, 2651, 2655
3148, 2930, 2650
3371, 3376, 3368
4078, 3152, 2928
3152, 5616, 2657
5535, 3395, 3394
3154, 2263, 880
3400, 2659, 3288
2381, 2937, 2354
2354, 4091, 3720
2935, 1143, 1218
1218, 4520, 2354
2940, 554, 2675
2671, 2830, 2939
3173, 2805, 3165
3025, 2949, 2691
2944, 2686, 2682
2943, 2689, 1784
2949, 841, 2950
2947, 2605, 2243
2946, 2067, 2069
2605, 2069, 2683
2605, 2942, 2945
2380, 2243, 2945
2091, 2704, 2428
2221, 3976, 993
3182, 2723, 3183
2710, 2723, 2706
2103, 2710, 459
2090, 2707, 2716
1058, 2518, 2429
2713, 2724, 3183
2489, 3714, 3492
3698, 2762, 1007
2554, 5575, 3488
2758, 5573, 5843
2554, 5580, 5843
3202, 3906, 3215
3211, 5824, 5588
404, 837, 773
453, 2968, 404
2967, 2978, 2169
404, 2576, 2766
2972, 3520, 2973
3235, 3231, 3232
2970, 2978, 3498
3197, 2169, 2970
453, 3210, 3501
2981, 2976, 3234
3238, 2975, -1
3232, 3233, 2576
2968, 3499, 2972
3520, 2980, 2987
3201, 2981, 2979
-1, 2975, 2980
2564, 2149, 3216
3218, 3217, 2537
5562, 5561, 2133
2562, 3226, 2770
2168, 3231, 2562
2979, 3234, 3197
2994, 3522, 3241
2772, 2696, 2700
5592, 3227, 3503
3250, 2574, 3517
3747, 3748, 3745
3237, 3243, 3734
2702, 2549, 2988
2573, 2996, 2702
2995, 2408, 2755
2702, 2755, 2582
2767, 2572, 3244
2546, 3526, 3243
3284, 3471, 2197
3567, 2214, 2274
2278, 1906, 2777
2160, 2596, 2535
3599, 3543, 3596
1022, 2189, 5425
3789, 3542, 3588
1752, 5368, 2800
2799, 1742, 2797
5431, 5842, 5655
5222, 5284, 5225
3016, 3015, 5363
5839, 2774, 1214
5366, 3015, 2776
3958, 4298, 4562
1214, 3013, 3011
5840, 5839, 3011
5318, 3559, 5314
4774, 4308, 4578
3291, 3290, 4059
2244, 2808, 3021
3020, 997, 2807
3287, 4067, 2244
4067, 4061, 3169
3166, 3347, 4479
2942, 3173, 3163
2806, 3027, 956
3026, 4069, 992
3286, 1100, 956
3154, 260, 794
794, 997, 2248
5590, 2809, 3290
5590, 4053, 2658
3034, 1201, 5584
3033, 1817, 2813
3800, 2814, 3294
2178, 2182, 3295
3038, 2812, 2811
3037, 2814, 2209
3298, 3801, 3602
4337, 4807, 4174
4159, 3994, 4158
1932, 2213, 2307
2816, 1760, 1905
3835, 3837, 3836
3074, 3627, 4216
3836, 2223, 823
3049, 2217, 3074
4214, 4219, 4215
3047, 1746, 1832
3629, 3632, 2839
3302, 3300, 3303
3986, 2307, 1799
3992, 4162, 4153
3988, 2840, 5613
1261, 3996, 3995
3863, 3656, 3874
2328, 2060, 2841
3060, 2845, 2843
3061, 2060, 1704
2841, 3306, 3058
3059, 2055, 2052
3063, 3306, 3310
3062, 2056, 2845
1873, 3312, 1528
2668, 5571, 2858
2858, 2301, 2864
3068, 2603, 3069
3067, 3071, 2879
3067, 5692, 3072
2877, 3080, 3082
2885, 1791, 3068
2885, 3069, 3078
3077, 1101, 5688
3047, 3045, 3607
4214, 5688, 1284
3078, 3079, 3083
4052, 5692, 3073
3076, 3072, 3316
5698, 3076, 5699
3083, 3070, 2885
3337, 3336, 2886
3314, 3070, 2608
3087, 3080, 3076
3086, 3088, 3087
3086, 5698, 3864
3085, 3320, 3084
2608, 3083, 3084
3089, 2886, 3084
3088, 3321, 1797
3331, 2878, 3337
2882, 2617, 2619
2868, 2881, 2888
2892, 2896, 2890
2895, 2893, 2894
2903, 4038, 3851
1045, 3130, 3114
3323, 3327, 2904
4041, 4016, 4239
3855, 3861, 4044
-1, 3143, 3116
4015, 5587, 3858
2899, 2922, 2913
2630, 2252, 2634
2634, 5586, 2357
2919, 2910, 2914
2918, 3137, 3136
2684, 2682, 2914
2685, 2905, 3122
3171, 2685, 2907
2636, 2635, 2916
3117, 2915, 2633
2917, 2921, 3128
4066, 4487, 4486
3115, 3096, 3140
3114, 2911, 2916
3100, 3351, 3141
3111, 3353, 3119
3135, 3342, 3344
3145, 2918, 3117
3125, 2917, 3144
-1, 3341, 3339
3108, 2917, 2907
4491, 4486, 4481
3339, 3125, 3338
3135, 3120, 3124
3343, 4491, 4493
4068, 4061, 4065
3129, 3112, 2910
3128, 3136, 3144
4032, 3096, 5587
3142, 2911, 3140
3353, 3355, 3352
3143, 3353, 3350
3659, 3145, 3352
3125, 3341, 3118
3129, 2688, 3106
3106, 3338, 3144
4238, 4240, -1
3845, 4020, 4036
3131, 3114, 4022
-1, 3116, 4238
4034, 3351, 3131
3100, 3355, 3133
3120, 3129, 3137
3119, 3134, 3338
3662, -1, 3383
3665, 4077, 4079
1092, 2928, 2655
3356, 1092, 2651
3372, 3662, 3385
4079, 4078, 1092
3373, 2930, 2931
5532, 4271, 5524
2933, 3029, 1171
2809, 1732, 3289
3374, 3367, 3882
2648, 2654, 3399
2805, 3159, 3167
3158, 3164, 3166
2806, 841, 3163
3162, 4261, 4260
3163, 3165, 3161
3162, 3160, 3025
3159, 2920, 2685
2941, 3167, 3162
3024, 3159, 3349
3158, 4479, 3165
3345, 5764, 3342
4058, 4059, 3023
4493, 4490, 5766
3109, 5764, 4489
3173, 2691, 1784
3172, 2941, 3025
3442, 3429, 5594
2732, 3416, 3426
3407, 2707, 3404
2715, 2709, 3405
2512, 3408, 3403
3409, 3412, 3701
3444, 3440, 3463
3186, 3480, 2725
2724, 2720, 2953
2958, 2953, 1821
3185, 3428, 3449
3433, 3432, 3184
3452, 3434, 3181
3795, 3794, 3481
4101, 4105, 3914
4113, 3917, 4111
3397, 3711, 3720
4094, 4670, 2359
773, 3494, 2001
3208, 3212, 3199
5579, 2758, 5580
2001, 3722, 3721
3504, 2769, 3519
3232, 2973, 2987
3238, 3519, 3518
3193, 3206, 5581
4754, 4903, 3913
5581, 4282, 2980
3211, 2964, 4984
3209, 4555, -1
5825, 4983, 5823
5820, 5825, 5813
5822, 2154, 3199
5068, 5076, 4901
3193, 3498, 3499
3203, 5820, 5062
3500, 2974, 3721
3213, 3202, 2965
5588, 3193, 5589
3211, 5589, 3906
3907, 3495, 3723
3497, 3916, 2964
2982, 2137, 2071
2071, 2983, 2564
1051, 2983, 2574
1051, 3225, 3223
3517, 3516, 3506
3244, 3225, 3224
3223, 2552, 2545
2564, 3219, 3222
1051, 3250, 3221
3219, 3221, 2552
3503, 2985, 2769
2770, 2990, 2133
3503, 3504, 3502
5592, 3502, 5593
2580, 3510, 3513
2971, 2986, 3233
2977, 3197, 2971
3231, 1859, 2977
2975, 3521, 2987
3236, 2971, 3521
2562, 3235, 3518
3530, 2993, 3736
3521, 2976, 3198
3935, 3934, 3737
3241, 2700, 2573
2988, 3523, 3240
911, 3524, 2546
2999, 3531, 2993
3221, 3246, 2998
2767, 3524, 2764
2771, 3244, 3248
2771, 3527, 2767
3253, 3246, 3529
3739, 3514, 3728
3529, 3224, 2991
3728, 2771, 3253
3508, 3506, 5593
3248, 3511, 3251
3732, 3509, 3741
3525, 3729, 3730
2273, 2777, 720
159, 720, 1259
1730, 2275, 3755
3536, 3771, 3963
2594, 1175, 2155
2594, 2155, 2601
2141, 3759, 3773
4132, 3959, 4302
731, 3270, 3273
3269, 2581, 2195
3277, 416, 3272
3467, 3275, 3778
731, 3271, 3269
3544, 3265, 3268
416, 3264, 739
3275, 3268, 3273
615, 3266, 248
3264, 3551, 3271
3277, 3276, 736
3549, 3267, 3271
615, 3280, 3274
3274, 3551, 3266
3564, 3592, 3596
2550, 3471, 3447
3276, 3546, 3547
1740, 3974, 3973
2274, 2595, 2185
2185, 2581, 1142
3000, 2581, 3544
3579, 3566, 3553
996, 3028, 992
992, 3022, 2807
1732, 2934, 2810
3155, 2810, 1171
3031, 2244, 3019
3019, 5591, 5590
3884, 4253, 4060
3891, 3890, 3364
3035, 2194, 2182
2173, 2187, 3036
4143, 3609, 2187
3801, 3612, 3800
1197, 2283, 3039
2190, 4143, 4145
3051, 3608, 3629
4249, 4005, 3878
3633, 3051, 3637
3636, 3614, 3051
1801, 3977, 4783
3629, 3630, 3636
2017, 3062, 3060
2029, 1141, 1703
3311, 2017, 2052
1141, 3311, 2353
3311, 2044, 3062
3310, 3308, 3309
3064, 1531, 1530
1530, 2852, 1528
3082, 1299, 2883
2883, 2871, 2877
3078, 5692, 5699
3329, 3323, 3326
3336, 2884, 1299
1299, 2608, 2886
3321, 3086, 3332
3320, 3326, 3089
3864, 3656, 3332
3097, 1797, 3317
3334, 3844, 3329
2352, 3850, 3854
3321, 3334, 3317
3329, 3330, 3097
3332, 3865, 3862
3317, 3324, 3327
3327, 3652, 3848
2352, 3090, 2904
3322, 3328, 3320
3846, 4390, 4424
3324, 3326, 3862
4007, 4011, 3652
2887, 3318, 3081
3081, 1797, 3090
3124, 3137, 3145
3121, 3124, 3659
3342, 3341, -1
3121, 3340, 3135
3168, 3118, 3340
-1, 4066, 3126
5764, 2907, 3118
5766, 3168, -1
4256, 4060, 4062
4483, 4481, 3024
4071, 4484, 4495
4483, 3166, 4489
3351, 3133, 2909
3142, 3116, 3350
-1, 3134, 3132
3132, 3117, 3133
3378, 3376, 3367
-1, 3132, 3143
3368, 3386, 3149
3371, 3366, 3367
3361, 3384, -1
3376, 3362, 3377
3660, 3374, 3880
3378, 3358, 3381
3381, 3372, 3359
4064, 3880, 4054
3293, 3658, 4054
2927, 3369, 3366
2649, 3357, 3365
3156, 3354, 3357
3377, 3356, 2929
3886, 3365, 2648
3883, 2247, 3888
2651, 3357, 2929
3150, 3362, -1
2641, 3152, 3391
3156, 3360, 3379
4265, 4258, 4259
3359, 2929, 3354
3385, 3368, 3359
3354, 3379, 3361
3384, 3378, 3374
4695, 4685, 4274
-1, 3362, 3361
3885, -1, 3384
3895, 3664, 3146
3358, 3379, 3382
3377, 3150, 3388
3388, 3896, 3356
3895, 5854, 3893
3664, 3386, 3385
4077, 5616, 4078
3391, 5530, 5529
3393, 3390, 3373
5615, 4883, 4891
3395, 3391, 2657
2657, 4654, 2932
3393, 2932, 5534
4527, 3903, 2525
4087, 3719, 3190
1408, 2388, 2659
3401, 2247, 3157
3890, 3888, 2934
3888, 3399, 2659
5599, 5603, -1
3421, 3409, 3178
3176, 2090, 2709
3699, 3672, 3177
3417, 3412, 3421
2519, 3176, 2715
2509, 3416, 3178
3179, 2747, 3403
3417, 3676, 3674
5599, 3685, 3684
3419, 3179, 3406
2523, 2741, 2708
2734, 3421, 3424
3420, 3683, 3677
3424, 3408, 3175
2734, 3410, 3406
3681, 3686, 3687
3699, 3412, 3674
3679, 3415, 3676
3403, 3414, 3406
3681, 3676, 3678
3424, 2732, 3680
3423, 3414, 3416
3426, 2509, 4088
3425, 4506, 3175
2713, 2745, 3430
3430, 3184, 2724
2745, 3174, 3460
3460, 3428, 3427
2725, 2711, 2720
2725, 2720, 3185
3185, 3451, 3452
2727, 3186, 3444
3446, 3585, 3454
5624, 3583, 4136
5611, 5597, 5612
3448, 2718, 3462
3462, 2719, 3716
3452, 2718, 3180
3453, 3444, 3446
5595, 3716, 3174
3456, 3448, 3455
3434, 3180, 3441
3715, 3479, 3475
3479, 3435, 3441
3279, 3565, 3563
3443, 3463, 3438
3451, 3184, 2719
3485, 3484, 3795
2718, 3433, 3449
3186, 3433, 3440
3458, 3441, 3454
3435, 3552, 3453
3443, 5611, 2479
3466, 3443, 3477
3795, 3589, 3577
3796, 2727, 3453
3569, 3545, 3593
2719, 3430, 3429
3667, 3666, 3673
3439, 5611, 3438
3466, 3180, 3448
3713, 5597, 5596
-1, 5711, 5702
3456, 3479, 3463
3267, 3474, 3544
5644, 5273, 5647
3584, 5447, 2184
-1, 4327, 3590
3279, 3000, 3474
5596, 3696, 3671
3697, -1, 2479
3467, 3779, 3471
3477, -1, 3445
5712, 4328, 4326
3478, 3475, 3456
-1, 3477, 2479
3445, 3446, 3466
3181, 3484, 2721
3187, 3974, 3482
3485, 3481, 3976
3975, 2803, 3976
3480, 2727, 3450
2721, 3450, 3482
4103, 4101, 2768
2514, 1860, 3910
2961, 2762, 2514
1860, 3709, 2768
3496, 5618, 3909
2763, 5577, 3725
2959, 2760, 2470
4108, 4113, 3911
3192, 2577, 2765
3722, 3214, 3721
3490, 3726, 5617
3907, 3724, 3215
3208, 4904, 2972
3208, 2978, 3501
3907, 3906, 3210
5589, 3499, 2974
3229, 3228, 2355
2990, 3226, 3228
3196, -1, 3228
2355, 3510, 5593
3220, 2159, 3252
3513, 3509, 3515
2580, 3528, 3252
-1, 3254, 3507
3512, 3230, 3505
2580, 3515, 3253
3513, 3510, -1
3512, 3507, 3230
3527, 3249, 3531
3507, 3732, 3511
2574, 5562, 3220
3220, 3528, 2991
2769, 3236, 3198
3196, 3198, -1
2970, 4904, 2979
3235, 3234, 3238
2988, 3530, 3738
3738, 2772, 3241
3526, 3242, 3245
3255, 3734, 3531
3527, 2999, 3524
3526, 3247, 3514
3529, 3517, 3508
3528, 3248, 3250
2543, 3237, 3522
3525, 3243, 3514
3535, 3534, 879
3954, 3758, 2280
2280, 1074, 3532
1730, 3532, 1911
3959, 3541, 3259
4288, 3955, 3763
3756, 3765, 3757
3759, 3761, 4290
3962, 2784, 3772
3964, 3966, 3536
3579, 3580, 3006
3004, 3584, 3568
3284, 3269, 3467
3562, 3459, 2550
3280, 614, 418
3280, 418, 183
3777, 3571, 3549
3548, 3275, 3776
736, 3777, 3776
3776, 3273, 3277
3573, 3797, 3454
3557, 3285, 3565
3575, 3782, 3574
2184, 2790, 2175
3798, 3799, 3797
3580, 3553, 3792
3569, 1142, 2197
3017, 5428, 5267
3969, 3784, 3781
2179, 3596, 3568
3782, 3545, 3563
3581, 3562, 3447
3591, 3278, 3570
3447, 3779, 3553
3572, 3581, 3285
3001, 3570, 2179
3561, 3543, 2175
3558, 3459, 3570
3569, 3564, 3567
3778, 3548, 2779
3787, 3566, 3784
3552, 4323, 4134
3554, 3783, 3583
3593, 3554, 4141
3591, 4141, 3597
3457, 3578, 3587
3580, 3577, 3588
3542, 3781, 3285
3557, 3578, 3542
3582, 3563, 3566
3783, 3782, 3581
3436, 3791, 3574
3469, 3543, 5459
5702, 4323, 3435
3969, 5710, 3968
2779, 3794, 3577
3006, 3578, 3799
3457, 3796, 3799
5713, 5703, 3470
3564, 3593, 3576
3597, 3595, 3278
3591, 3459, 3575
4142, 4141, 3791
5461, 3599, 3592
3004, 3561, 3278
3576, 4142, 3592
5428, 5378, 5256
3600, 3004, 3595
3599, 5460, 5459
2268, 4186, 3813
2815, 3039, 2187
3639, 3841, 3604
3987, 3603, 3840
1801, 2307, 3609
2838, 3632, 3608
3997, 1728, 3074
3300, 3613, 3606
2815, 3296, 3605
2272, 3611, 798
3826, 1261, 3610
3297, 3834, 2209
3619, 2191, 3608
5613, 3303, 5614
3618, 2200, 1790
3630, 3832, 3839
4174, 4340, 4168
3631, 3615, 3626
3613, 3633, 3624
3833, 4000, 3999
3810, 1313, 3646
3838, 3841, 3832
3646, 1147, 3809
3634, 3619, 3831
2270, 3989, 3981
3645, 3618, 1822
3045, 2838, 2191
3634, 4221, 4216
3305, 3300, 3050
3995, 3616, 3305
3982, 3840, 3618
3606, 1162, 3050
3302, 4001, 3619
3624, 3628, 2191
3651, 4001, 3641
3305, 3638, 3303
3640, 3302, 5613
5614, 3636, 3839
5614, 3603, 3988
3641, 3637, 2308
3640, 3803, 3635
3825, 4174, 3819
4250, 3866, 4046
4156, 3984, 3983
3804, 3626, 4155
3623, 3621, 2840
4179, 4153, 4173
3651, 3814, 4200
4403, 4230, 4405
3803, 2308, 1786
4002, 3635, 3648
3335, 3330, 3844
3853, 3849, 3845
2904, 4009, 3850
4042, 4015, 3859
3322, 3056, 3865
4588, 3873, 4046
4053, 4056, 3364
-1, 3339, 3134
4064, 3885, 3360
5845, 5799, 4976
-1, 3146, 3150
5856, 4973, 5857
3388, 3383, 3893
5808, 3147, 1794
2715, 3668, 3461
5595, 5594, 3461
3675, 3666, 3672
3691, 3670, 3695
3693, 3669, 3696
3691, 3900, 3472
3405, 3677, 3668
3675, 3696, 3461
3410, 3677, 3419
3668, 3683, 3673
3410, 3422, 3420
3415, 3672, 3674
3680, 3422, 2734
3420, 3692, 3689
3685, 3678, 3423
3422, 5604, 3418
-1, 3690, 3692
3415, 3693, 3675
3411, 2732, 5598
3680, 3411, 5604
3418, 3688, -1
3418, -1, 3692
3686, 5604, 5602
3679, 3690, 3693
3682, 3695, 3689
3671, 3669, -1
3682, 3679, 3687
3670, 3683, 3689
3713, 3900, -1
-1, 3669, 3690
3670, 3472, 3673
3473, 5612, -1
2960, 1820, 770
3702, 3419, 3405
3704, 2740, 2513
3703, 2741, 3179
5605, 3703, 3699
3701, 3702, 5606
5606, 5605, 3700
3710, 3706, 4092
3705, 4080, 2530
4530, 4522, 4095
4523, 4658, 4099
2762, 598, 3489
2529, 4093, 3705
2470, 3190, 3717
4662, 4670, 3905
3464, 3694, 5612
2959, 4277, 4103
-1, 5702, 3445
3442, 5597, 3439
2480, 2489, 3711
4514, 4085, 3898
3903, 2480, 3397
2936, 3190, 2381
3495, 3210, 3195
3495, 3195, 2765
3214, 1006, 2578
3726, 3497, 2578
3910, 5618, 3491
3724, 3496, 4109
3734, 3747, 3746
3251, 3732, 3249
3735, 3255, 3739
3733, 3747, 3255
3922, 3919, 3751
3728, 3515, 3254
3744, 3730, 3740
2993, 3525, 3727
3740, 3729, 3742
3737, 3237, 3746
3736, 3239, 3937
3937, 3523, 3522
3249, 3741, 3729
3735, 3743, 3733
3742, 3739, 3254
3735, 3741, -1
3744, 3740, -1
3749, 3733, 3743
3935, 2992, 3919
3935, 3736, 3727
2992, 3727, 3730
2992, 3749, 3753
3748, 3744, 3752
3751, -1, 3918
3750, 3731, 3753
3753, 3749, -1
3748, 3752, 3751
5372, 5373, 2167
5372, 3756, 3258
3755, 3768, 3538
2280, 1730, 3538
3533, 1087, 1074
3960, 3262, 3539
3765, 3955, 3954
3954, 3539, 1087
3768, 3763, 3765
3537, 3762, 4287
4125, 5370, 4126
3762, 3760, 3538
4127, 4125, 4916
4918, 5359, 5358
3762, 3756, 4125
4287, 4294, 4288
3963, 3960, 4301
3962, 3259, 1077
3540, 2278, 2141
3262, 3963, 3962
4768, 4307, 4780
899, 3967, 5173
3549, 3551, 3550
3550, 3973, 3548
3267, 3571, 3793
3793, 3565, 3474
3785, 3784, 3788
3579, 2180, 3560
3554, 3562, 3582
3582, 3787, 3574
3572, 3560, 3780
3787, 3780, 4136
5634, 5638, -1
3572, 3785, 3783
3780, 3969, 4332
3006, 3798, 2180
5461, 4142, 5626
5662, 3594, 3583
3793, 2779, 3557
3792, 3779, 3778
3587, 3973, 3187
3187, 3450, 3457
3797, 3589, 3458
3796, 3552, 3556
3556, 4326, 3789
3588, 3589, 3556
3297, 3035, 2178
3297, 2178, 3039
4780, 4131, 4578
3641, 3650, 3814
3981, 3982, 3645
1932, 4156, 4155
4586, 4790, 4339
3816, 4159, 3810
3982, 3990, 3987
3812, 3810, 3623
3807, 3621, 3809
3990, 3989, 3812
3811, 3821, 3809
3814, 1786, 3601
3813, 3648, 3803
3989, 3824, 3825
3821, 3819, 3807
4178, 4184, 4194
2268, 4157, 4171
3642, 4166, 3816
4807, 4806, 4340
3812, 3825, 3816
4585, 4343, -1
4796, 4790, 4786
3829, 4337, 3815
3821, 3815, 3642
3996, 3611, 2223
4170, 4175, 4172
4343, 4175, 4344
3824, 2270, 3984
4796, 4338, 4339
2225, 3624, 3999
3616, 3996, 3622
3620, 4002, 4226
2220, 3612, 2283
3044, 2283, 1790
3046, 2220, 3044
3044, 2200, 2223
2200, 3840, 3622
3616, 3841, 3638
3838, 3631, 3604
3622, 3603, 3839
4186, 4185, 4200
3997, 4216, 4217
3324, 4003, 3652
4012, 3139, 3653
3333, 4247, 4366
4397, 4004, 4030
4009, 3330, 4012
3653, 4010, 4009
3325, 3654, 4010
4044, 1958, 3095
4042, 4010, 3856
3653, 4021, 3856
3325, 4042, 4038
3099, 4038, 3859
3852, 3853, 3857
4015, 3856, 4019
3101, 3860, 3859
3855, 3655, 3858
3861, 3858, 2351
3860, 4043, 3099
4005, 3334, 3328
3871, 3056, 3869
3085, 3872, 3322
3656, 3878, 3328
4049, 3643, 4402
3874, 4046, 3869
4222, 4000, 4220
3863, 3867, 995
4405, 4373, 4591
3863, 4411, 3878
3864, 4051, 3874
3657, 4398, 995
3867, 3056, 3872
5691, 5695, 5697
4370, 4384, 4588
4249, 4426, 4383
3301, 3865, 3871
4604, 4050, 4389
3887, 3363, 3360
4063, 4255, 4265
3156, 2649, 3887
3891, 3889, 3370
4265, 4264, 3292
3382, 3660, 4076
2247, 3889, 3369
3891, 3880, 3882
3370, 3401, 3400
3883, 2649, 3886
3400, 2658, 3293
3293, 3887, 3883
5858, 5854, -1
3387, 4973, 3664
4077, 5808, 5807
-1, 3387, 3383
1794, 4079, 3386
4507, 4502, 3898
3897, 3718, 4086
4531, 4659, 4658
-1, 3694, 3671
4669, 4668, 4895
4524, 4081, 4083
3396, 3904, 3719
3903, 4546, 4680
4680, 3712, 4094
2964, 3213, 3500
3500, 3214, 3497
3914, 3911, 3909
3908, 4111, 3490
3914, 3725, 3487
4102, 3493, 3908
4107, 4668, 5709
4110, 3200, 4984
3910, 3188, 3908
5817, 5078, 5077
4109, 4112, 3215
3189, 1562, 4112
3950, 3926, 3750
3927, 3745, 3731
5213, 4897, 5187
3945, 4629, 4558
3931, 3731, 3926
2703, 4116, 3932
5811, 4979, 4276
4957, 5043, 4641
4119, 3922, 3918
3931, 3934, 3919
4898, 4857, 3942
5044, 5041, 4897
5037, 5036, 4949
3922, 3936, 3927
3937, 3923, 3941
4641, 4882, 4284
3927, 2703, 3239
3746, 3745, 3239
2703, 3931, 4649
3738, 3737, 3932
5834, 5218, 5217
4898, 4285, 4872
4116, 4124, 4123
3932, 4123, 2772
4845, 4653, 3928
4618, 5032, 4945
4698, 4977, 4982
-1, 4625, 3921
2503, 4122, 4117
2697, 4285, 3951
4701, 4697, 4675
5218, 4651, 5041
4867, 3918, 4865
3947, 4117, 2469
3953, 2469, 2696
3952, 4123, 2697
3761, 3533, 3760
3760, 3537, 4290
5362, 5370, 2167
5324, 5262, 5267
3014, 4291, 4294
3961, 3263, 3536
3759, 4129, 3770
3959, 4301, 4304
3771, 3540, 3773
3773, 3770, 3259
3541, 4132, 4322
4322, 3967, 3966
2785, 3541, 3965
3775, 5583, 3965
3586, 4580, 4140
3788, 3560, 3586
5624, 4139, 5433
5713, 4134, 4324
5376, 5629, 4329
3794, 3777, 3281
3281, 3975, 3481
3974, 2804, 3483
2952, 3482, 3483
4143, 4146, 3304
5238, 5090, 5089
4183, 4047, 4182
4194, 4193, 4199
3625, 3990, 3804
3804, 3808, 3631
2270, 4155, 3644
3644, 4339, 3829
1799, 4792, 4586
4586, 4156, 3052
3604, 3808, 1147
1147, 3054, 3639
3625, 3815, 3811
3811, 3808, 3981
4161, 4168, 4189
3053, 2268, 4163
4173, 4162, 4209
4166, 4165, 3041
3630, 2839, 3055
3055, 3826, 3832
3607, 3843, 4214
4215, 5689, 4052
3831, 4001, 3620
3620, 3868, 2225
3633, 3635, 3999
4198, 3833, 3651
3844, 4379, 4007
4020, 4011, 3847
3862, 3301, 4379
4416, 4413, 4602
3335, 4003, 4362
4400, 4390, 4431
3654, 3848, 3849
3849, 3852, 3850
3335, 4004, 4012
4011, 3845, 3848
4014, 4242, 4241
4013, 4021, 4036
3101, 3655, 3857
4018, 3098, 4019
4041, 4032, 4019
4021, 4024, 4016
4016, 4017, 3857
4004, 4037, 3139
4014, 4018, 3853
4040, 3140, 4032
4409, 4033, 4027
4239, 4018, 4241
4408, 4027, 4029
4037, 4244, 4243
4025, 4023, 4239
-1, 4031, 4244
4241, 4039, 4025
4367, 3847, 4362
4242, 4028, 4039
4022, 3130, 4017
4023, 4040, 4041
4238, 3142, 4035
4034, 4040, 4240
4014, 3139, 4243
4396, 4026, 4020
3855, 3095, 3854
4031, -1, 4029
4022, 4033, 4035
4017, 3098, 4033
3854, 3852, 3655
3861, 2634, 5552
5552, 3851, 3099
4592, 4049, 4590
3643, 3657, 3867
4810, 4184, 3979
4427, 4362, 4383
3866, 4045, 4588
4399, 3879, 4827
3872, 5697, 4250
3998, 5693, 3077
5591, 3658, 3032
3364, 4252, 3363
4057, 4253, 5591
4253, 4252, 3658
4055, 4059, 4062
4073, 4062, 3169
3019, 3169, 4057
4063, 3292, 3346
3127, 3023, 4070
4058, 3346, 4057
4060, 4492, 3881
3660, 3363, 4075
3127, 4261, 4488
3343, 4494, 3113
4069, 3023, 3022
4071, 4073, 3127
4070, 4067, 3027
4260, 4061, 4069
4068, 4488, 3348
4257, 4254, -1
4074, 4058, 4068
4611, 4256, 4073
4259, 4064, 4264
4267, -1, 3885
3389, 3147, 3894
3389, 2930, 3151
3147, 3151, 3896
4086, 4088, 3706
4099, 2525, 3902
4507, 4508, 4614
4091, 3902, 4087
4272, 4520, 5525
3718, 4506, 4088
4080, 4093, 3898
3397, 4083, 2525
3425, 4080, 4085
2490, 4497, 2529
4503, 4518, 4502
2936, 2391, 4083
2490, 3705, 2730
4508, 4086, 3710
3191, 2480, 3905
3707, 4525, 4536
4497, 5705, 4498
4613, 4616, 4508
5537, 5535, 4525
4522, 3708, 4081
4659, 4540, 4704
3486, 3188, 1860
3911, 4105, 4106
3486, 2760, 3714
4106, 4278, 5709
4102, 3188, 4277
4108, 4102, 4104
4670, 4671, 3912
4106, 4281, 3493
3726, 4111, 3916
1562, 4748, 3913
4109, 3909, 3189
3916, 3917, 4984
4114, 3189, 3493
4113, 4554, 4899
4867, 5803, 4845
2423, 3940, 3923
3951, 4942, 3946
2449, 4122, 5828
4886, 3926, 4867
2426, 4618, 4941
4122, 2699, 2469
4121, 3946, 4118
3953, 3941, 3940
3940, 4872, 2697
3766, 3768, 3764
5800, 4916, 3764
3766, 4769, 4287
4129, 4289, 4303
4290, 4128, 3960
4565, 4318, 4561
4567, 4311, 3802
3964, 3263, 4779
4580, 4328, 4325
4326, 3573, 3971
4584, 4331, 4139
4582, 3436, 3785
4333, 4332, 4140
4583, 4582, 4332
4135, 3970, 4582
-1, 4137, 3968
3576, 3575, 3594
3597, 3594, 3790
3296, 3299, 3977
5095, 4787, 5097
2173, 2198, 3299
3977, 5181, 4787
4152, 4151, 5194
5184, 2190, 5182
5175, 5094, 5195
4930, 5174, 5018
2198, 2174, 4147
5186, 5182, 4147
3647, 4186, 3053
4374, 4193, 4184
3983, 3645, 3805
3805, 3986, 3644
1313, 4159, 3818
4171, 3041, 4167
3041, 4157, 3807
4187, 4342, 4344
4190, 4165, 3991
3993, 3053, 4172
3992, 4171, 4170
4208, 4205, 4207
3994, 4161, 4167
3819, 4168, 3994
4158, 4165, 4188
3991, 4166, 3617
4190, 4189, -1
4188, 3827, 4163
4158, 4163, 3818
3827, 4176, 4162
3993, 4178, 3647
3642, 3040, 3617
3828, 4336, 3827
4205, 4172, 4781
4355, 4206, 4211
4173, 4182, 3817
4185, 3647, 4194
4805, 4181, 4589
4807, 4338, 4180
4178, 4204, 3979
3979, 4203, 4814
4047, 4154, 3817
4179, 4201, 3842
3842, 3601, 4153
4190, 4341, 4160
4344, 4170, 4167
3991, 4809, 4169
4169, 4187, 4161
4822, 4357, 5720
4354, 4815, 4933
4154, 4234, 3980
3980, 4179, 3817
4377, 4381, 4365
4224, 4232, 4230
4220, 4224, 4227
4200, 4201, 4002
3980, 4228, 4201
4198, 3648, 3842
4198, 4185, 4199
4224, 4229, 4233
4208, 4183, 4204
4209, 4203, 4182
4164, 4209, 4176
4814, 4177, 4816
4164, 4335, 4212
4211, 4203, 4164
3993, 4205, 4204
4358, 4361, 4350
4213, 4177, 4208
4213, 4207, -1
4211, 4212, 4347
3075, 3997, 3048
3048, 3998, 5688
3628, 3843, 3045
4231, 4219, 3843
4231, 4221, 4222
4223, 3048, 4217
4197, 3868, 4226
4218, 3628, 2225
4227, 4218, 3868
4219, 4225, 5689
4202, 4196, 4197
4223, 4231, 4237
3833, 4228, 4220
4404, 4222, 4197
4229, 4226, 4199
4228, 4234, 4202
3649, 4404, 4196
4225, 4217, 4218
4373, 4196, 4233
4202, 4376, 4232
4229, 4193, 4372
4601, 4375, 4603
4385, 4592, 4591
4403, 4225, 4404
4034, 3138, 3141
4027, 3098, 4024
4035, 4409, 3138
4029, 4024, 4013
4013, 4243, 4031
4242, 4036, 4026
4026, 4248, 4028
4427, 4455, 4367
4378, 4388, 4604
4425, 4401, 3846
-1, 4244, 4473
3301, 4411, 3877
3643, 4051, 5696
5696, 4406, 4402
4264, 4054, 4056
4056, 4055, 3292
4263, 4496, 4072
4257, 4258, 3881
3346, 4074, 4492
4255, 4612, 4072
3375, 4255, -1
4075, 3375, 4267
4070, 2806, 3161
3161, 4482, 4065
4484, 4488, 4480
4254, 4612, 4611
4075, 4252, 3884
3884, 3881, 3375
5704, 2501, 2495
-1, 4076, 4259
5707, 4626, 4634
4512, 4517, 4516
4517, 5601, 5600
5526, 5523, 3153
4084, 4521, 5536
5797, 4657, 4664
4672, 3380, 4697
4526, 4533, 4661
4746, 3924, 4901
4278, 4105, 3714
4277, 5708, 4104
5303, 5299, 4910
4683, 4894, 4687
4108, 4668, 4554
-1, 3201, 2154
4889, 5187, 4957
3933, 4858, 4874
3947, 3939, 2472
2503, 4954, 4951
3763, 4127, 3769
3769, 4289, 3537
4291, 4128, 4288
3539, 3955, 4129
4292, 4289, 3958
4291, 4566, 4565
4749, 4298, 4295
4568, 3958, 3769
4908, 4293, 4569
5002, 5001, -1
4569, 4769, 4571
4293, 3014, 4572
4764, 4760, 4773
5174, 4779, 5017
3770, 4564, 3961
4304, 4768, 3263
4128, 4565, 4564
3961, 4561, 4302
4310, 4756, 2597
5017, 4579, 5085
4318, 4315, 3774
4927, 4924, 3018
4996, 4995, 5001
4774, 4305, 4314
4773, 4774, 4131
4911, 4908, 4980
2597, 5162, 5003
4927, 4310, 4995
4307, 4560, 4567
4928, 4999, 4926
4574, 5138, 2597
4566, 4307, 4130
5168, -1, 5160
5004, 5084, 5001
4763, 4579, 4780
3964, 2186, 3965
3573, 3585, 4324
4323, 5711, 3971
4133, 5712, 4327
3476, 3798, 4134
3470, 4581, 4325
3476, 4133, 5710
5641, 5635, 3972
5640, 5842, 5635
4334, 4135, -1
4138, 3788, 4137
4137, -1, 4583
5433, 4331, 5272
4781, 4782, 4207
4585, 4781, 4175
4338, 3040, 3824
4337, 3830, 4181
3984, 3806, 3830
3617, 3820, 4809
4342, 4187, -1
4341, 4343, 4160
3828, 4342, 3822
4160, 3828, 4188
4382, 4598, 4380
4371, 4376, 4594
4355, 4213, 4349
4816, 4355, 4350
4350, 4347, -1
4348, 4349, 4210
4359, 4607, 4363
4599, 4933, 4824
4363, 4356, 4361
4192, 4817, 4356
4177, 4347, 4348
4353, 4354, 4816
4359, -1, 4191
4360, 4210, -1
4357, 4351, 4360
4361, 4358, 4359
4360, 4353, 4210
4007, 4048, 4030
4351, 4815, 4353
5741, 5716, 5720
4195, 4385, 4371
3846, 4412, 4414
4030, 4245, 4472
5751, 5733, 5759
4818, 4936, 4819
3876, 4592, 4601
4346, 4365, 4373
4234, 4597, 4376
4232, 4371, 3870
4154, 4595, 4593
4235, 4381, 4604
4233, 4372, 4346
4195, 4594, 4386
4381, 4386, 4246
4005, 4383, 4003
4600, 4386, 4345
4378, 4375, 4195
4597, 4345, 4594
4048, 4379, 3877
4398, 3876, 4602
4601, 4236, 4365
4378, 4377, 4380
5728, 5714, 5729
4246, 4395, 4827
3879, 4416, 4603
4008, 4426, 3333
5742, 4463, 5758
4422, 4428, 4444
4474, 4473, 4396
4437, 4450, 5768
4600, 4936, 4388
4397, 4393, 4037
3847, 4478, 4396
4384, 4401, 3873
4050, 4833, 4829
4455, 4008, 4421
4419, 4247, 4398
4590, 3866, 4251
5700, 4237, 3649
4237, 4227, 4230
3870, 4406, 3649
4407, 4405, 4251
4406, 5701, 5700
4409, 4025, -1
4240, 4023, 4408
4828, 4416, 4829
4249, 3871, 4424
4418, 4366, 4419
4006, 4417, 4419
4366, 4423, 4431
4421, 4450, 4441
4006, 4389, 4410
4828, 4422, 4413
4422, 4420, 4412
4412, 4401, 4413
4423, 4418, 4429
4415, 4400, 4439
4417, 4392, 4418
4430, 4414, 4420
4425, 3333, 4411
4424, 995, 4247
4427, 3877, 4390
4426, 4245, 4048
4442, 4392, 4828
4434, 4436, 4420
4447, 4438, 4423
4439, 4008, 4414
5724, 5736, 4458
5731, 4453, 4834
4443, 4429, 4444
5743, 5738, 4457
4446, 4447, 4429
4467, 4394, -1
4430, 4440, 4439
4438, 4421, 4431
5767, 4450, 4438
4468, 4415, 4467
4829, 4606, 4428
4457, 4446, 4434
4392, 4452, 4434
-1, 4449, 5770
4436, 4443, 4448
5767, 4430, 4436
5763, 5770, 4446
5768, 5767, 4445
4415, 4440, 4394
4836, 5743, 4830
5743, 4444, 4606
4835, 4463, 4433
4471, 4477, 4470
4400, 4475, 4245
5726, 5758, 5737
4435, 4837, 4443
4465, 4432, 4830
5732, 5736, 5726
5735, 4464, 5722
5727, 5763, 5762
5747, 5759, 5744
4453, 4391, 4464
5730, 4463, 4460
4831, 4458, 4605
5758, 5757, 5740
4437, 4469, 4441
4475, 4441, 4470
4470, 4467, -1
4469, 4454, 4468
-1, 4473, 4454
4476, 4478, 4367
4471, 4248, 4393
4393, 4478, 4477
4476, 4455, 4468
4475, 4477, 4472
4476, 4454, 4474
4474, 4397, 4472
3167, 3024, 4482
4262, 4482, 4481
3347, 3123, 4480
4261, 4479, 4480
4485, 3347, 3349
3348, 4262, 4486
4483, 4490, 4491
4484, 3123, 3113
4495, 3113, 4496
4071, 4065, 4262
4490, 3349, 3171
4485, 4489, 3170
4485, 3126, 3123
4612, 4063, 4256
-1, 3126, 3170
4496, 4066, -1
4487, 4611, 3348
4487, 4494, 4254
4089, 2502, 4096
4096, 5771, 4613
4615, 5705, 5704
4839, 4620, 4504
4513, 4518, 4509
3897, 4090, 4505
4507, 4504, 4090
4510, 4500, 4503
4502, 4511, 4514
5600, 3426, 4085
4082, 4503, 3897
4093, 4097, 4082
-1, 4501, 4624
4838, 4840, 4504
4516, 4505, 4513
-1, 5601, 4269
4501, -1, 4511
4517, 3718, 4505
5601, -1, 5603
-1, 4269, 4511
4270, 4514, 4269
4620, 4501, 4090
4841, 4625, -1
2391, 2938, 4084
5532, 5531, 4272
4099, 5537, 3707
3708, 4530, 4526
2665, 5537, 3902
4528, 4095, 4098
4523, 4275, 4531
3396, 4658, 4546
4525, 4654, 4891
4534, 4532, 4536
3707, 4532, 4523
4676, 3899, 4526
4533, 4530, 4529
4275, 4532, 4538
4657, 4529, 4896
4543, 4667, 4539
4656, 4529, 4095
4538, 4657, 4545
4533, 4537, 4544
4661, 4544, 4535
4673, 4687, 4100
4722, 4713, 4691
4711, 4712, 5796
4672, 4535, 4663
4539, 4538, 4548
4714, 4548, 4537
4527, 4659, 3904
4667, 4689, 4678
4544, 4545, 4549
4663, 4548, 4708
4714, 5797, 5796
4725, 4705, 4709
5812, 5811, 4884
4747, 4554, 4669
4281, 4553, 4114
5066, 3203, 5062
4947, 5035, 5036
5024, 5027, 2426
3921, 4639, 4638
4619, 4623, 4630
4315, 4566, 4757
4304, 4564, 4130
4759, 4757, 3014
4759, 4777, 4760
4561, 4301, 4303
4130, 4303, 4292
4318, 4292, 4560
4131, 4315, 4764
4294, 4769, 4572
4297, 4295, 4572
4571, 4916, 4919
4990, 4297, 4570
4569, 4298, 4568
4770, 5129, 4986
4762, 4987, 4317
4987, 4986, 5144
4802, 4803, 4784
4579, 4779, 4768
3018, 4763, 3802
4577, 4321, 4306
4581, 3968, 4133
4580, 4327, -1
4136, 4138, 4139
4584, 4138, 4333
4583, -1, 4135
4782, 4336, 3822
3985, 3806, 3986
4789, 4786, 4800
3876, 3657, 4049
4804, 4180, 4794
4402, 4591, 4045
4590, 3870, 4236
4045, 4236, 4370
4811, 4597, 4374
4382, 4377, 4346
4374, 4810, 4813
4929, 4812, 4933
4382, 4372, 4593
4811, 4820, 4345
4352, 4820, 4929
4395, 4380, 4819
4370, 4385, 4235
4603, 4006, 4384
4602, 4235, 4389
4375, 4246, 3879
4465, 4833, 4826
4832, 4452, 4442
4822, 4934, 4351
4937, 4936, 4823
5741, 5715, 5723
5752, 5760, 5759
4074, 4495, 4263
4263, 4257, 4492
4498, 4097, 2529
4082, 5769, 4838
5707, 5771, 4499
5771, 5769, 4097
5022, 4843, 5023
4120, 3943, 4880
4856, 4559, 4846
4518, 4500, 4624
4623, 4841, 4839
4841, -1, 4624
4621, 4559, 4628
4620, 4622, 4509
4628, 3945, 4519
4268, 4843, 4851
5252, -1, 4643
4625, 4623, 4631
4631, 4637, 3921
4840, 4842, 4559
4856, 4629, 4628
4638, 4633, 4643
4632, 4639, 4652
5769, 4268, 4636
4646, 5289, 5252
4842, 4634, 4640
4629, 4648, 4639
4558, 4632, -1
4558, 4637, 4633
4636, 4844, 4846
4947, 3925, 3933
4652, 4862, 5795
4646, 4627, 4632
4650, 4870, 4882
5804, 5803, 4865
4643, 5794, 4635
4866, 4873, 4870
4848, 4862, 4637
3936, 4886, 4857
4644, 5045, 4866
5045, 3949, 5292
4633, 4642, 5794
4961, 3942, 4890
4655, 4528, 3394
5616, 5615, 4654
4893, 4536, 4891
4273, 4537, 4534
4527, 3708, 3899
3899, 4100, 4546
4701, 4667, 4672
4678, 4275, 4539
3712, 4703, 4674
4549, 4695, 4543
4975, 4273, 4896
5846, 4711, 5799
4697, 4693, 4742
4547, 4535, 4660
4281, 3912, 3901
4750, 4553, 3901
3712, 4107, 3191
4107, 4674, 4884
4543, 4274, 4660
4540, 4676, 4683
4662, 4688, 4671
3948, 4743, 4877
4678, 4673, 4531
5065, 5064, 0
4676, 4661, 4547
4681, 4894, 5057
4704, 3905, 3904
4688, 4690, 4679
5789, 5793, 5784
4673, 4689, 4280
4736, 4719, 4733
3380, 4706, 4693
4708, 4709, 4691
4540, 4280, 4690
4674, 4681, 4981
4547, 4694, 4683
4703, 4687, 4681
4695, 4686, 4541
4718, 4707, 4737
4685, 4721, 4666
4689, 4745, 4698
4663, 4691, 3380
5792, 5054, 4740
3948, 4274, 4666
4894, 4694, 3944
4738, 4720, 4721
4751, 4900, 5076
4660, 3948, 4745
4739, 5049, 4977
4704, 4690, 4662
4680, 4100, 4703
4551, 4716, 4726
4685, 4713, 4736
4713, 4715, 4692
4549, 4710, 4686
4722, 4686, 4551
4712, 4708, 4714
5852, 4542, 4665
4542, 4725, 4710
4707, 4706, 4541
4710, 4545, 4550
4707, 4726, 4717
4705, 4731, 4735
4724, 4715, 4735
4719, 4692, 5778
5775, 4684, 4718
4740, 4742, 4699
4736, 4699, 4693
4709, 4726, 4541
5063, 5052, 5060
-1, 4737, 4717
4712, 4729, 4551
4705, 4715, 4722
5780, 5778, 5777
5063, 5790, -1
4731, 4725, 4730
-1, 4729, 5852
4729, -1, 4716
4744, 4740, 5052
5793, 4738, 4684
5775, 5783, 5793
-1, 4717, 4716
4721, 4706, 4684
4692, 4724, 5777
4699, 4733, 5792
4978, 4702, 5052
4732, 4720, 4696
4977, 4877, 4744
4743, 4666, 4720
4742, 4744, 4675
4743, 4732, 4741
4701, 4877, 4694
4750, 4752, 4276
4553, 0, 5077
4754, 4110, 5078
4777, 4293, 4906
0, 4669, 4746
4700, 5073, 5070
4746, 4895, 5811
4776, 5153, 4778
3200, 4748, 5813
5075, 5819, 4905
4305, 4773, 4762
4562, 4758, 4560
4759, 4764, 4757
4758, 4562, 4563
4761, 4299, 4563
4762, 4760, 4766
4574, 4756, 4761
5088, 4321, 4578
4567, 4758, 4299
4907, 4906, 4767
4761, 4907, 4988
4778, 4775, 4765
4577, 4302, 3774
4568, 4127, 4297
4573, 4988, 4775
5130, 5079, 5297
5151, 5147, 4915
4756, 4311, 4299
4310, 3018, 4311
5136, 4770, 4767
4753, 4980, 5115
4563, 4749, 4907
4767, 4911, 4753
4577, 4300, 4132
4321, 3774, 3802
4335, 4176, 4336
4335, 4585, -1
4787, 2579, 3304
4576, 4795, 4788
4797, 4803, 5021
4791, 4587, 3823
4783, 4146, 4144
5095, 4784, 2579
4794, 4587, -1
4793, 3823, 3806
4801, 4786, 4795
4793, 3985, 2579
4790, 4792, 4795
4789, 4589, 4796
4784, 4791, 4793
3823, 4794, 3830
4800, 4785, -1
5178, 4799, 5199
5096, 4798, 5200
4801, 4797, 4587
4800, 4791, 4803
4576, 5098, 5200
4801, 4576, 4785
4805, 4589, -1
4804, 4806, 4180
4805, 4808, 3820
3820, 3040, 4181
4809, 4806, -1
4808, 4189, 4340
4047, 4812, 4595
4813, 4598, 4593
4810, 4817, 4596
4595, 4929, 4811
4206, 4817, 4183
4821, 4192, 4363
4348, 4356, 4206
4354, 4812, 4814
4935, 4369, 4824
4369, 4600, 4820
4819, 4598, 4599
4934, 4824, 4815
4191, 5716, 4607
4935, 4825, 4608
4352, 4821, 4818
4823, 5728, 5725
4937, 5725, 4605
4388, 4937, 4050
4428, 4417, 4410
4442, 4410, 4399
4451, 4832, 4458
4465, 5729, 5724
4833, 4830, 4606
4832, 4399, 4605
5730, 5750, 4433
4453, 5745, 5737
5736, 5746, 4451
5748, 5763, 4457
4614, 4842, 4510
4840, 4621, 4500
4630, 4839, 4510
4622, 4621, 4519
4630, 4838, 4636
4626, 4849, 4617
4640, 4851, 4850
3942, 4886, 4115
4852, 4619, 4640
4859, 4850, 4879
4648, 4856, 4855
5706, 4843, 5707
4847, 4852, 4844
4626, 4853, 4844
4850, 4855, 4846
4854, 4851, 5022
4876, 4879, 4853
4860, 4848, 4852
4631, 4619, 4848
4649, 3928, 2423
4859, 4284, 4870
4860, 4847, 4858
4859, 4873, 4855
5041, 5045, 5042
4648, 4873, 4642
4968, 4956, 4962
5809, 4975, 4966
4645, 3950, -1
5795, 4647, 4650
4119, 3950, 4115
5855, 5810, 5850
4963, 4952, 4950
4644, 4647, 4858
4950, 4955, 2472
2423, 3939, 4124
4862, 4860, 4647
4885, 4284, 4879
4943, 4944, 4945
4854, 4880, 4944
4675, 4741, 4745
4976, 4975, 5847
4874, 4847, 4854
4618, 4876, 4940
5033, 5032, 4951
3933, 5042, 4644
3392, 4888, 4893
4895, 4671, 4552
4874, 4944, 5034
4649, 4119, 4845
4890, 5804, 4964
4883, 5807, 4966
5037, 5189, 4283
4887, 4653, 5803
4656, 4528, 3392
5291, 5795, 5047
4656, 4883, 4896
4698, 4679, 4280
4884, 4752, 3901
4893, 4664, 4534
5043, 3920, 3929
3928, 4960, 3939
1562, 4114, 4902
-1, 5075, 4700
3207, 5065, 4276
5077, 5078, 4899
5825, 5824, 3200
3520, 3498, 5581
5818, 5065, 4755
4911, 4765, 4749
4777, 4765, 4766
4312, 4295, 4989
4990, 4917, 4912
4993, 4917, 4279
4778, 4906, 4312
4909, 4923, 4989
5118, 5080, 5113
5149, 4992, 5132
4772, 5134, 5166
4126, 4570, 3766
4910, 4909, 5798
5362, 3767, 5800
5800, 5798, 4570
5362, 5371, 5360
5365, 5363, 5361
5121, 5305, 5264
5080, 4980, 4912
5014, 4308, 5000
5000, 4996, 5002
5012, 4316, 5006
4314, 4996, 4308
5014, 4316, 5016
4599, 4813, 4596
5175, 5173, 4150
5176, 5018, 5201
5098, 5180, 5179
4352, 4596, 4192
4821, 4607, 5719
5719, 4823, 4818
4395, 4369, 4608
4608, 4826, 4827
5023, 5706, 5608
4940, 5023, 4941
4880, 5022, 4939
5024, 4120, 4939
2472, 4954, 4117
4875, 5035, 5034
4875, 4885, 4876
5033, 4875, 3943
5033, 5802, 5035
4556, 4641, 5034
4954, 4955, 4953
3930, 5802, 5801
4871, 4960, 4869
4953, 4881, 4286
4869, 4971, 5801
4951, 4948, 5802
4948, 4286, 4942
4871, 5801, 4948
4963, 4863, 4971
4283, 3925, 5036
5242, 5249, 5240
4963, 4960, 4961
4959, 4950, 4898
4653, 4962, 4959
4961, 4967, 4863
4959, 4956, 4869
4887, 5805, 4967
5189, 5039, 5105
4888, 4974, 4864
4970, 4962, 4964
4970, 5189, 4863
5047, 5836, 5289
5806, 4968, 4967
4956, 5037, 4952
5855, 5809, 5853
1794, 3893, 3663
4966, 5808, 5856
4864, 4878, 4664
3661, 5797, 4878
3944, 4741, 4702
5830, 4739, 5048
5059, 5067, 3924
4312, 4923, 4776
5061, 5812, 4688
3944, 5049, 5057
5816, 5821, 3204
3202, 4112, 3913
5152, 5136, 5153
4575, 4573, 5145
4988, 4575, 4574
4987, 4766, 4770
4990, 4912, 4908
4989, 4571, 4909
4994, 5224, 5126
4914, 5153, 5133
5109, 5080, 4910
5128, 5124, 4991
5003, 4309, 4314
4309, 4925, 4927
4998, 5002, -1
4997, 5005, 4999
5000, 4998, 4316
4999, 4924, 4925
4309, 4320, 4296
4997, 4925, 4296
5004, 4995, 4313
5003, 5155, 4320
5006, 4998, 5007
4926, 5005, 5011
5011, 5005, -1
5860, 5232, 5861
5863, 5861, 5865
5199, 5177, 5860
5006, 5007, 5197
5015, 5091, 4926
5017, 5086, 5090
5088, 4924, 4928
5864, 5092, 5012
5087, 4928, 5091
4306, 5013, 4300
4931, 4150, 5090
5207, 5093, 5180
5232, 5231, 5235
4785, 5102, -1
4940, 4853, 4617
4617, 4938, 4939
4557, 4941, 2467
5029, 5828, 2503
2467, 5608, 5607
5031, 4557, 5028
5027, 5827, 5826
2426, 5025, 5032
2422, 2449, 5829
5829, 5828, 5027
3943, 5029, 4881
4881, 4946, 4945
4947, 4885, 4943
4943, 4946, 4556
4957, 4556, 3930
3930, 4971, 4889
5039, 5806, 5101
4965, 5038, 5103
5105, 5833, 5212
4861, 3929, 3949
5043, 4861, 4882
5042, 3925, 4897
5216, 3929, 5213
4651, 4650, 4861
5832, 5239, -1
4892, 5292, 4969
4978, 5063, 5107
4982, 4702, 5053
5107, 5055, 5071
5069, 5074, 5067
4723, 4739, 4732
5830, 5108, 5049
4696, 5791, 5060
5050, -1, 5106
5069, 5059, 5061
5061, 4679, 4982
5791, 5774, 5787
5056, 4979, 5812
4723, 5054, 5790
4981, 5057, 5056
4555, 3209, 5814
5048, 4723, 4728
5817, 4677, 5818
4677, 4901, 4905
4555, 5818, 5819
5068, 4979, 5051
5067, 5073, 3207
5056, 5108, 5051
5072, -1, 4751
5831, 5830, 5050
5106, 5070, 5074
5074, 4751, 5068
5073, 5051, 5072
5076, 4900, 4755
5075, 3207, 4700
4902, 4747, 3915
4902, 3915, 4748
4771, 5299, 5309
4923, 4993, 4913
5116, 5117, 5190
5225, 5125, 5346
5161, 5157, 5139
5158, -1, 4320
4306, 5088, 5087
5089, 5013, 5087
5016, 5086, 5085
5014, 5085, 4763
5086, 5091, 3978
5013, 3978, 5018
5089, 5016, 5012
5862, 5210, 5015
5019, 5196, 5179
5183, 4149, 5233
4144, 5098, 4788
5229, 4799, 5179
5099, 5180, 4144
4932, 4802, 5095
5097, 5181, 5206
5203, 5234, 5233
5103, 5038, -1
5021, 5200, 5198
5101, 5239, 5039
5217, 5216, 5240
5187, 4965, 5040
5072, 5831, 5055
-1, 5050, 5048
5069, 5053, 5831
5112, 4993, 5299
5297, 5301, 5265
5133, 5131, 5254
5109, 5130, 5113
5112, 5119, 4913
5254, 5294, 5293
5133, 4776, 5118
5081, 5265, 5244
5081, 5295, 5124
4913, 5131, 5115
5253, 5113, 5128
5128, 5130, 5190
4922, 5266, 5298
5220, 5648, 5192
5678, 5320, -1
5117, 5219, 4994
5281, 5082, 5328
5225, 5127, 4991
5253, 5126, 5293
5119, 5120, 4994
5146, 4573, 5136
4771, 5120, 5112
5118, 5294, 5111
5148, 4914, 5150
5111, 4992, 5115
5146, 5152, 4915
5149, 5388, 5140
5129, 4775, 4985
5160, 5151, 5142
4317, 5144, 5162
5163, 5143, 5083
5166, 5135, 5141
5400, 5140, 5401
5170, 5137, 5166
5159, 5139, 5151
4575, 5163, 5138
4986, 5147, 5163
5134, 5147, 5129
5145, 5146, 4772
5389, 5388, 5132
5152, 4914, 5135
5248, 5132, 5254
5143, 4772, 5137
5149, 5134, 4985
4992, 4985, 4753
5161, 5159, -1
5004, 5157, 5158
-1, 5158, 5161
5155, 5162, 5083
5155, 5156, 5084
5143, 5160, 5154
5159, 5137, 4319
5154, 5156, 5083
5157, 4313, 5138
5145, 5139, 5144
5172, 5393, 5395
5389, 5339, 5193
5142, 4915, 5140
5171, 5395, -1
5170, 5171, 4319
5400, 5172, 5170
5168, 5142, 5169
5172, 5167, 5168
5171, 5169, 5164
4930, 3775, 2186
2186, 4300, 4150
5204, 4149, 4930
5204, 4931, 5202
5232, 5010, 5229
-1, 5198, 4798
5093, 5096, 4932
5019, 4932, 5097
5099, 4146, 2190
4152, 4148, 2198
5094, 5186, 5194
5234, 5206, 4148
5197, -1, 5865
4152, 5183, 5234
3920, 4283, 5105
5251, 5288, 5287
4889, 4968, 4965
5081, 5120, 5297
5323, 5220, 5295
5222, 5122, 5246
5401, 5165, 5353
5183, 4147, 2199
2199, 899, 4149
5208, 5231, 5093
5011, 5185, 5864
5178, -1, 5102
-1, 4798, 5010
5102, 4802, 4799
5238, 5209, 4931
5209, 5203, 5176
5205, 5100, 5202
5233, 5175, 5176
5203, 5208, 5207
5207, 5099, 5184
5019, 5206, 5205
5237, 5196, 5205
5202, 5201, 5237
5236, 5238, 5092
5242, 5214, 5832
5214, 5213, 5040
5044, 3920, 5212
5212, 5211, 5240
5251, 5250, 5356
5218, 5044, 5104
5104, 5354, 3938
5216, 3938, 3949
5224, 5124, 5220
5219, 5191, 5122
5654, 5274, 5324
5192, 3010, 5224
5331, 5338, 5328
5222, 4991, 5219
3010, 5082, 5126
5277, 5321, 5680
5838, 5837, 5347
5648, 5333, 5246
5096, 5231, 5177
5862, 5861, 5235
5229, 5196, 5020
5177, 5020, 5008
5094, 5204, 5100
5100, 5184, 5186
5236, 5230, 5020
5235, 5237, 5210
5208, 5209, 5236
5201, 3978, 5210
5103, 5046, 5833
4958, 5104, 5214
5290, 5835, -1
5211, -1, 4958
5867, 5249, -1
5116, 5259, 5245
5244, 5275, 5295
5192, 5228, 5247
5283, 5246, 5675
5150, 5352, 5389
5354, 4958, 5243
5867, -1, 5215
5357, 5188, 5215
4635, 5290, 4627
5119, 5127, 5294
5114, 5150, 5111
5258, 5683, 5655
5296, 5324, 3598
5260, 5323, 5278
5255, 5640, 5656
5244, 5262, 5274
5677, 5648, 5257
5298, 5262, 5265
5261, 3957, 5259
5366, 5369, 5361
5317, 4922, 5308
5116, 5110, 5261
5267, 5121, 5314
3957, 5266, 3559
5658, 5269, 5378
5680, 5268, 5381
5450, 5327, 5675
5274, 5660, 5275
-1, 5621, 4334
5643, 3468, 5433
5271, 5259, 5221
5245, 5271, 5323
5333, 5380, 5675
5679, 5670, 5226
5257, 5667, 5682
5380, 5282, 5329
5327, 5470, 5334
5837, 5285, 5125
5279, 5676, -1
5331, 5284, 5247
3010, 5283, 5328
5350, 5281, 5351
5836, 5834, 5288
5354, 5867, 5188
5188, 5835, 5286
4635, 5291, 4969
5836, 5241, 5252
5289, 5794, 4892
4651, 5834, 5047
5127, 5346, 5114
5114, 5131, 5253
5191, 5117, 5245
5379, 5256, 5321
4771, 5110, 5190
5307, 5121, 5261
4279, 5079, 5109
5364, 5361, 5367
5307, 5110, 5309
5404, 5304, 5309
5404, 4279, 5358
5310, 5302, 5405
5307, 5310, 4922
5405, 5404, 5359
5301, 5305, 5298
5310, 5367, 5264
5301, 5079, 5302
5305, 5304, 5308
5368, 5315, 5366
5413, 5315, 5418
5412, 5409, 5317
3017, 5266, 5317
5312, 5375, 5311
5460, 5464, 5463
5314, 5264, 5313
5409, 5322, 3017
5415, 5412, 5413
5123, 5681, 5673
5296, 5378, 5226
5349, 5441, 5318
5191, 5275, 5257
3957, 5256, 5221
5676, 5333, 5681
5336, 5335, 5472
5270, 5280, 5331
5223, 5125, 5284
5279, -1, 5343
5400, 5353, 5393
5283, 5327, 5223
5384, 5334, 5454
5325, 5276, 5228
5280, 5332, 5338
5326, 5343, -1
5337, 5470, 5326
5454, 5336, 5474
5334, 5837, 5223
5340, 5165, 5350
5391, 5339, 5351
5385, 5392, 5398
5838, 5396, 5394
5335, 5669, 5329
5434, 5387, 5403
5383, 5465, 5466
5293, 5082, 5352
5227, 5384, 5398
5387, 5395, 5399
5322, 5415, 5417
5352, 5285, 5339
5838, 5340, 5285
5248, 5346, 5350
5330, 5193, 5391
5249, 5287, 5217
-1, 5835, 5357
5357, 5215, -1
5356, 5355, 5251
5303, 5798, 3767
5360, 5306, 3767
5359, 4920, 5365
4921, 5263, 5300
4918, 3956, 4920
5371, 3011, 4921
5365, 5300, 5405
5364, 5360, 4921
3013, 5311, 5263
5369, 5308, 5300
3007, 5420, 5311
5263, 5375, 5367
3764, 5372, 3956
4920, 5840, 5363
3754, 5370, 3755
2275, 5839, 3754
5418, 5420, 5406
5412, 5369, 5315
5622, 3972, 5632
5430, 5655, 5381
3598, 5268, 5321
5654, 5296, 5657
5450, 5276, 5279
5377, 5683, 5269
5468, 5452, 5390
5345, -1, 5467
5385, 5347, 5332
5384, 5451, 5341
5452, 5453, 5465
5348, 5344, -1
5401, 5135, 5148
5148, 5248, 5165
5382, 5434, 5392
5394, 5353, 5340
5397, 5341, 5390
5330, 5402, 5164
5391, 5342, 5402
5167, 5164, 5348
5342, 5398, 5397
5403, 5396, 5392
5396, 5347, 5341
5348, 5402, 5403
5330, 5169, 5141
5388, 5193, 5141
5393, 5394, 5399
5399, 5397, 5344
5302, 5303, 5306
5306, 5364, 5304
5446, 5421, 5374
5439, 5414, 5443
5418, 5455, 5419
5415, 5318, 5313
5456, 5448, 5435
5417, 5419, 5414
5319, 5313, 5375
5419, 5319, 5312
5407, 5411, 5436
5319, 5349, 5409
5417, 5439, 5442
5416, 5349, 5411
5312, 5374, 5408
5408, 5411, 5413
5368, 2176, 5374
5456, 5455, 5406
1752, 5424, 2176
2787, 1008, 5425
5422, 5426, 1008
2778, 5423, 3005
5424, 1778, 2600
2600, 1022, 1008
5429, 3598, 3559
5658, 5428, 5441
5377, 5658, 5431
5430, 5440, 3009
5668, 5449, 5659
5273, 3970, 4334
-1, 5344, 5390
5410, 5458, 5436
5414, 5455, 5435
5471, 5453, 5469
5636, 5841, 5637
5841, 5416, 5407
5431, 5442, 5841
5442, 5429, 5322
5441, 5416, 5440
5407, 5458, 5464
5462, 5620, 5631
2778, 5447, 2599
2599, 5406, 2787
5448, 5445, 3469
5457, 5410, 5447
-1, 5432, 5642
5380, 5669, 5270
5385, 5469, 5468
5382, 5386, -1
5437, 5386, 5468
5332, 5337, 5469
5436, 5408, 5421
2599, 5410, 5421
5463, 5448, 5459
5463, 5443, 5435
5457, 3584, 3600
5620, 5316, 3600
3595, 3790, 5623
5637, 5444, 5632
5458, 5457, 5316
5316, 5637, 5443
5345, 5467, 5386
-1, 5345, 5471
5465, 5383, -1
5453, 5382, 5451
5451, 5454, 5437
5669, 5336, 5280
5437, 5473, 5466
-1, 5474, 5326
5474, -1, 5471
5472, 5473, 5337
14, 88, 66
66, 660, 72
5485, 63, 2293
22, 26, 17
442, 14, 72
72, 325, 252
374, 57, 437
333, 5483, 438
5482, 112, 203
203, 1428, 440
5477, 481, 2292
2292, 74, 90
480, 69, 449
480, 449, 71
48, 383, 485
11, 5491, 486
5490, 1545, 503
503, 695, 506
530, 547, 170
175, 466, 172
38, 28, 521
607, 5497, 522
5496, 455, 533
533, 703, 536
5507, 142, 560
145, 157, 151
126, 52, 551
339, 5503, 552
5502, 313, 563
563, 715, 566
5509, 36, 572
124, 143, 253
5499, 5515, 573
573, 131, 134
5510, 5505, 5567
5509, 567, 553
582, 34, 577
577, 408, 580
580, 135, 43
43, 1109, 1108
5507, 2039, 1702
573, 1345, 711
1546, 2347, 2661
2661, 5519, 1883
5521, 5518, 2653
1559, 2343, 5526
5527, 5519, 2646
5530, 5533, 2646
5527, 5533, 4271
5533, 1856, 3153
5532, 4084, 2664
2664, 5520, 4271
5523, 2647, 5521
5529, 2646, 2643
5528, 2641, 3390
5534, 5522, 3390
1856, 5538, 4521
4521, 5525, 3153
5523, 5522, 5524
5530, 3395, 1856
2932, 4098, 5538
2665, 2391, 4272
4098, 4522, 4524
2665, 5531, 5535
1536, 1643, 1641
1641, 1629, 1657
361, 966, 1846
1846, 1837, 399
2287, 1323, 1916
1916, 1920, 2289
371, 1269, 443
140, 1926, 2294
1704, 2328, 804
804, 2677, 2059
2325, 2227, 2212
2212, 2230, 2320
2252, 2246, 1882
4044, 4043, 1882
2751, 2077, 2072
2072, 2401, 2748
2402, 2421, 2422
2422, 2450, 1756
2083, 2463, 2462
2462, 2475, 2504
2756, 834, 908
908, 2553, 402
2158, 2150, 2984
2984, 3516, 2534
2774, 2781, 2783
2774, 2783, 2797
1109, 2211, 581
979, 2830, 2823
5568, 1109, 5509
5567, 5569, 5570
5568, 572, 2826
5568, 2826, 979
3065, 1166, 2378
2378, 1091, 2330
2962, 1819, 2757
5576, 402, 1564
5844, 1007, 2961
2561, 2757, 5574
2554, 2514, 3491
5617, 2763, 5618
5617, 2578, 3194
2763, 3194, 2963
3201, 4904, 3199
899, 2535, 1862
2780, 3967, 1862
3033, 127, 2194
2194, 2814, 1817
1045, 3104, 2351
2351, 3101, 3130
2965, 2759, 3212
3212, 3501, 3213
3032, 3031, 3291
3291, 4055, 4053
2159, 2990, 3229
3229, 3505, 3252
3174, 2519, 3667
3667, 5596, 3442
5595, 3472, 3464
3437, 3716, 3464
5600, 5603, 3684
3402, 5602, 3411
5598, 4506, 4270
4270, 4512, 4515
5599, -1, 3688
3402, 5598, 4515
3681, 3685, 3688
3702, 2709, 3704
3704, 2708, 3703
5609, 5026, 2424
2424, 5026, 4938
5607, 2468, 2471
2471, 2455, 5827
3455, 3462, 3437
3437, 3713, 3697
3054, 3637, 3614
3614, 3638, 3639
5807, 3392, 4655
4655, 2931, 3389
3496, 5579, 5578
5578, 3725, 3490
5661, 5628, 5627
5623, 5444, 5460
5649, 5272, -1
5628, 5639, 5376
5627, 5620, 5461
3970, 5644, 3436
5633, 5629, 5639
3790, 5662, 5661
5631, 5623, 5619
5631, 5619, 5622
3972, 5625, 5650
5636, 5632, 5635
5628, 5444, 5627
5462, 5376, 5630
5625, 5646, 5663
5665, 3786, -1
5630, 4329, 4330
5842, 5438, 5630
5438, 5464, 5462
3786, 5650, 5653
5622, 5645, 5625
4330, 5652, 5258
4329, 5650, 5652
5449, 5668, 5687
5664, 5273, 5649
5624, 3468, 5662
5639, 5647, 5664
5633, 5664, 5666
5645, 5661, 3468
5260, 5228, 5122
5621, 5666, 5643
5641, 5629, 5638
-1, 5656, 5665
5640, 5641, 5665
-1, 5638, 5663
5660, 5221, 5379
5255, 5377, 3009
5258, 5651, 5684
5670, 5674, 5379
5429, 5430, 5268
5682, 5432, 5673
5271, 5654, 5667
5647, 5619, 5626
5626, 3791, 5644
5653, 5633, -1
5643, 5646, 5645
5651, 5652, 5634
-1, 5646, 5649
5278, 5660, 5674
5432, 5674, 5642
5470, 5450, 5343
5687, 5657, 5277
5672, -1, 5679
5685, 5684, 5671
5320, 5659, -1
5657, 5668, 5667
5270, 5247, 5276
5282, 5325, 5678
5682, 5681, 5260
5123, -1, 5676
5686, 5277, 5671
5269, 5685, 5226
5320, 5325, 5677
5677, 5278, 5659
5685, 5381, 5255
-1, 5672, 5656
5683, 5672, 5680
5687, 5679, -1
5686, 5642, 5670
3073, 3075, 4215
5690, 3998, 4223
5694, 5689, 5700
5693, 3875, 5699
3316, 3069, 3077
4052, 5694, 5691
5693, 5690, 5701
5696, 3875, 5701
4251, 4250, 5695
4051, 5698, 3875
5697, 3085, 3079
3316, 5691, 3079
5690, 4403, 4407
4407, 5695, 5694
3585, 3715, 3465
-1, 3590, 5711
4266, 5706, 4499
4499, 4096, 2501
5704, 4938, 4849
4268, 4615, 4849
4278, 2489, 2359
2359, 3912, 4104
3586, 2180, 4328
5703, 4324, 3465
4325, 3476, 5713
3590, 5712, 3971
5717, 4387, 5716
5718, 5721, 4609
5714, 4822, 4364
5714, 5739, 5734
5715, 5720, -1
5728, 4935, 4934
4364, 4191, 5718
-1, 5722, 5715
4460, 5742, 5721
5740, 4609, 5742
5734, 4432, 4831
4825, 5729, 4826
4459, 5757, 4456
-1, 5761, 4461
4825, 5719, 4387
4387, 4831, 5725
4464, 5735, 4834
5754, 5753, 4433
5747, 4459, 5751
5756, 4368, 5745
5717, 5757, 5724
4460, -1, 5730
4459, 4836, 4432
5751, 4456, 4835
5746, 5748, 4435
5717, 5741, 5740
4466, 5739, 5723
5739, 4364, 4609
4391, 5723, 5722
4452, 4451, 4435
5749, 5748, 4462
4835, 5753, 5733
4836, 5747, 5738
5732, 4462, 5746
4837, 5738, 5744
5744, 5760, 5762
5765, 4834, -1
5732, 5737, 4368
-1, 4610, 5756
5755, 5745, 5731
5765, -1, 5731
5756, 5753, -1
5752, 5733, 5755
5726, 5734, 4466
4466, 4391, 4456
4462, 4368, 4610
4610, -1, 5749
-1, 5770, 5727
-1, 4461, 5749
4461, 4448, 4837
3171, 3344, 3168
-1, 5754, 5750
3345, -1, 3170
4440, 4447, 4449
4449, -1, 4394
4634, 4614, 4616
4445, 4448, 5761
4616, 4498, 4615
5785, 5782, 5786
5780, 5776, 5779
-1, 5058, 5784
4734, 4719, 5779
5773, 5781, 5785
-1, 4727, 4737
5779, 4718, 4727
5775, 5778, 5773
4727, -1, 5773
5782, 5776, -1
5781, -1, 5772
4734, 5785, 5788
5774, 4682, 5788
5783, 5776, 5772
5772, -1, 5788
-1, 5790, 5058
5784, 5783, 5786
5791, 5792, 4682
4728, 5060, 5787
5058, 5054, 5789
5789, 4696, 4738
4682, 4733, 4734
4646, 4652, 5291
4892, 4642, 4866
5799, 4542, 4550
4550, 4273, 4976
5358, 4917, 4919
5796, 3661, 4665
4919, 4126, 4918
4955, 4952, 4949
4949, 4946, 4953
4890, 4115, 4645
4645, -1, 4887
5806, 4964, -1
5805, 5038, 4970
4888, 5615, 3894
3894, 3665, 4974
4864, 5856, 4972
5853, 5858, 4868
3924, 4752, 4552
4552, 4981, 5059
5814, 3205, 4754
5817, 5062, 5813
5821, 2154, 5822
-1, 4983, 5820
5814, 3915, 5064
5064, 4905, 5066
5066, 4755, -1
3205, 3209, 5816
4983, -1, 5815
5815, 3206, 2759
2759, 5824, 3204
5823, 2965, 4903
3204, 4903, 3205
2450, 5829, 5028
5028, 2467, 5610
4118, 5025, 5031
5031, 5826, 5030
5053, 4978, 5071
5071, 5106, 5108
5833, 5046, 5211
5832, 5040, 5239
5292, 3938, 5286
5241, 5288, 5355
5286, 5290, 4969
5281, 5338, 5227
5227, 5342, 5351
5373, 3012, 3016
3016, 5371, 2167
5439, 5438, 5440
5636, 4330, 3009
2963, 2962, 2561
2558, 5575, 2561
3661, 5847, 5850
5849, 5851, 4665
5845, 4878, 5855
5859, 5858, -1
5859, 5846, 5850
4868, 5849, 5845
5852, 5846, -1
4730, 4711, 5851
5810, 4972, 5857
3387, 3892, 5857
5847, 4972, 4868
5809, 4974, 3663
3663, 5854, 5853
5810, 3892, 5848
-1, 5849, 5848
5008, 5863, 5010
5009, 5008, 5230
5866, 5230, 5092
5860, 5009, -1
5197, 5866, 5015
5866, 5185, 5009
5862, 5864, 5865
5243, 5250, 5287
